7  79  94  101  106  110  126  127  130  135  142  176  184  189  219  224  321  335  363  364  377  380  384  393  411  453  490  498  506  513  522  530  555  577  586  587  591  613  615  634  649  675  676  679  681  691  692  702  709  712  729  739  753  757  784  785  794  800  801  814  836  837  840  860  866  868  903  905  908  949  977  999  1003  1018  1050  1055  1068  1071  1092  1095  1098  1099  1108  1109  1128  1131  1134  1149  1163  1208  1214  1216  1233  1234  1237  1250  1258  1260  1264  1270  1273  1280  1283  1287  
26  56  79  94  106  127  135  166  175  176  275  288  321  364  384  408  490  493  506  513  530  538  555  586  591  613  615  645  649  675  676  679  694  702  709  729  739  747  757  784  794  801  814  836  866  867  903  947  999  1003  1017  1055  1060  1067  1068  1071  1089  1095  1098  1108  1109  1122  1128  1134  1146  1162  1163  1214  1216  1233  1234  1237  1254  1259  1263  1270  1283  1287  
94  127  135  176  183  187  196  288  321  364  384  408  427  493  506  513  524  613  615  649  679  709  732  739  747  757  800  836  840  866  903  992  999  1000  1003  1055  1067  1068  1071  1092  1108  1109  1114  1122  1125  1128  1134  1161  1162  1214  1216  1234  1252  1259  1287  
94  127  176  187  288  384  408  513  615  709  739  795  800  801  836  840  849  855  903  992  1055  1060  1068  1109  1114  1125  1128  1134  1161  1214  1234  1283  
94  127  176  187  356  363  408  513  615  690  709  746  795  800  801  836  849  903  1055  1071  1109  1234  
94  127  356  363  408  513  577  615  746  763  795  800  836  840  849  903  1017  1055  1109  1234  
94  127  363  408  513  615  709  746  793  795  800  836  849  903  1055  1109  1234  
94  127  356  363  408  513  615  709  739  746  793  795  800  836  849  903  1055  1109  1234  
94  127  363  408  513  615  709  739  746  793  795  800  836  849  903  1055  1109  1234  
94  127  363  408  513  615  709  739  746  793  795  800  836  849  903  1055  1109  1121  1234  
94  127  363  408  513  615  746  795  800  836  849  903  1055  1109  1121  1234  
94  127  363  408  513  615  709  746  795  800  836  849  903  1055  1109  1234  
94  127  363  408  513  615  746  793  795  800  836  903  1055  1109  1234  
94  127  363  408  513  615  709  739  746  795  800  836  849  903  1055  1109  1121  1234  
94  183  356  363  408  513  615  746  793  795  800  836  847  849  903  999  1055  1109  1121  1234  
92  94  183  408  513  675  709  739  746  793  795  800  836  847  849  903  1055  1109  
94  183  312  363  709  728  795  800  847  849  903  938  945  999  1105  1121  1208  1222  
176  183  207  312  317  333  501  513  546  555  746  795  817  840  849  938  1051  1055  1091  1105  1154  1159  1168  1222  
151  176  207  307  312  317  333  501  506  546  555  616  634  716  744  758  763  768  795  817  938  943  945  960  1002  1051  1055  1091  1100  1105  1137  1159  1168  1222  1234  1281  
36  104  113  127  151  176  207  270  312  316  317  325  333  340  407  430  501  546  555  561  565  581  634  643  670  675  690  708  716  760  767  768  795  812  817  840  906  933  938  943  950  960  979  1002  1003  1046  1050  1051  1091  1102  1105  1126  1127  1129  1137  1159  1168  1191  1220  1222  1245  1263  
0  27  52  88  89  103  104  125  155  171  176  191  204  207  210  215  216  249  272  310  311  317  319  340  345  354  356  364  369  382  384  386  397  421  442  498  519  546  555  558  565  570  574  576  589  601  655  670  691  706  711  716  728  732  741  747  752  770  775  789  807  809  817  825  840  849  855  863  866  868  887  889  906  909  910  941  943  960  975  977  992  995  997  1004  1006  1028  1031  1048  1051  1055  1065  1072  1078  1085  1090  1091  1105  1106  1109  1110  1115  1125  1137  1141  1154  1159  1163  1164  1168  1180  1185  1191  1208  1218  1220  1222  1263  1277  
0  17  30  31  34  35  46  49  51  57  72  83  88  94  106  116  130  131  135  146  167  168  174  176  188  190  194  199  211  215  220  228  241  243  248  252  271  272  274  277  288  290  292  300  316  326  340  345  350  356  359  360  363  364  369  377  384  393  399  402  403  407  408  420  421  427  440  442  447  454  471  473  475  481  488  498  501  513  518  519  521  532  537  538  550  552  559  569  574  577  581  591  601  602  615  618  628  634  641  643  649  661  679  689  703  712  732  741  743  744  754  756  758  770  777  782  785  795  800  806  808  811  814  820  823  825  827  831  834  840  849  852  855  860  864  865  871  873  878  881  883  885  887  892  908  917  919  936  937  943  950  952  960  962  964  973  995  1004  1006  1010  1016  1019  1048  1051  1065  1071  1085  1087  1089  1095  1106  1109  1125  1128  1131  1139  1149  1169  1177  1198  1199  1203  1205  1210  1216  1218  1223  1229  1237  1245  1249  1259  1264  1265  1266  1272  1285  
5  6  17  30  41  42  52  67  73  79  80  84  88  92  94  100  104  106  114  124  126  127  128  135  146  154  162  166  174  175  176  186  194  195  197  199  208  218  219  220  222  230  241  247  251  255  265  269  270  278  291  292  300  318  321  330  336  349  352  354  356  359  362  364  380  384  385  386  389  390  395  398  399  400  411  426  431  436  438  441  442  453  470  474  487  488  493  494  498  500  501  506  508  509  513  517  538  556  565  568  579  586  589  591  594  598  602  611  612  618  623  634  648  649  658  660  666  671  679  682  700  706  709  711  712  727  731  739  750  751  757  778  779  784  793  794  800  801  807  809  810  814  820  825  826  829  832  833  836  848  849  855  859  860  863  864  866  868  873  875  880  882  885  892  893  895  904  908  909  911  916  946  947  950  958  960  961  970  971  974  976  1000  1003  1017  1018  1024  1028  1034  1037  1039  1041  1051  1055  1068  1071  1073  1086  1088  1095  1099  1108  1115  1119  1122  1127  1134  1146  1153  1154  1173  1181  1182  1189  1193  1203  1208  1210  1214  1226  1233  1234  1237  1254  1258  1259  1270  1272  1283  1285  
5  7  8  13  14  17  28  29  30  65  67  68  80  86  88  94  105  106  107  126  130  133  135  142  161  175  176  178  183  184  186  187  194  196  212  219  223  226  239  253  258  270  272  282  288  298  300  301  305  321  328  330  354  363  364  385  387  390  393  413  416  419  426  435  439  450  474  478  482  483  490  506  508  509  513  515  535  555  556  560  567  581  586  587  591  613  623  634  659  660  662  675  676  679  695  701  702  712  729  757  765  776  784  785  789  800  801  802  810  812  814  827  836  837  840  849  852  864  867  868  874  883  892  903  905  908  916  949  960  976  977  979  981  982  1003  1018  1039  1046  1055  1068  1071  1080  1089  1092  1095  1099  1108  1109  1115  1122  1127  1134  1141  1149  1162  1163  1168  1171  1181  1189  1194  1195  1198  1208  1214  1216  1225  1226  1228  1229  1233  1234  1237  1264  1266  1271  1272  1273  1280  1282  1283  1285  
7  10  13  32  49  67  73  94  106  107  112  113  127  130  135  139  142  162  176  184  208  237  247  257  264  270  291  306  321  325  330  335  340  350  353  363  379  380  384  386  387  389  416  427  452  473  481  490  498  501  506  509  529  550  555  557  566  567  577  584  586  587  591  601  613  615  635  639  649  659  660  675  676  679  681  694  702  705  709  712  729  730  747  757  784  785  789  794  801  808  814  816  834  836  837  840  842  855  860  866  868  881  893  903  905  908  916  923  941  947  949  960  999  1000  1003  1051  1055  1068  1071  1092  1095  1098  1099  1113  1120  1122  1125  1127  1131  1134  1143  1146  1150  1154  1160  1163  1168  1189  1207  1214  1216  1229  1237  1250  1258  1260  1264  1272  1273  1280  1283  1285  1287  
56  79  88  94  106  112  127  130  135  162  175  176  184  186  189  196  267  272  288  321  377  381  384  408  411  453  481  490  506  513  515  522  555  587  611  613  614  615  649  656  665  675  679  681  692  702  712  729  735  739  757  784  801  814  836  855  860  864  866  868  883  892  903  949  950  971  977  992  999  1003  1018  1046  1055  1068  1071  1089  1092  1095  1098  1099  1108  1118  1131  1162  1163  1208  1214  1216  1229  1233  1237  1259  1260  1264  1272  1273  1283  
26  92  94  110  127  130  135  142  161  176  187  201  214  218  279  288  335  384  408  490  506  508  513  586  591  613  615  634  649  671  675  679  681  700  702  705  709  712  729  731  739  757  785  801  807  814  836  840  860  903  905  992  1003  1046  1055  1060  1068  1071  1089  1092  1098  1113  1122  1131  1132  1134  1143  1162  1189  1208  1214  1216  1229  1233  1234  1237  1258  1283  1287  
94  127  130  142  176  184  187  196  224  288  356  384  408  513  524  555  598  613  615  634  645  649  675  709  732  739  753  785  795  800  801  836  866  903  905  911  922  992  1003  1017  1046  1055  1068  1071  1098  1108  1109  1114  1122  1125  1128  1134  1161  1162  1163  1208  1214  1216  1234  1270  1281  1287  
94  106  127  135  176  187  288  356  384  408  412  427  513  524  577  615  709  739  746  747  836  840  849  903  992  999  1055  1071  1108  1109  1122  1125  1128  1161  1162  1214  1234  1268  
94  127  128  176  356  363  408  513  538  615  690  709  795  836  840  849  903  1003  1055  1067  1071  1109  1125  1222  1234  1245  1283  
94  127  128  363  408  513  615  795  800  836  840  849  903  1017  1055  1071  1109  1168  1234  
94  127  356  363  408  513  615  709  746  795  800  836  849  903  963  1017  1055  1109  1234  
94  127  363  408  513  615  709  739  746  795  800  836  849  903  1055  1109  1234  
94  127  356  363  408  513  615  746  763  793  795  800  836  849  903  1055  1109  1234  
94  127  363  408  513  615  709  739  746  793  795  800  836  849  903  1055  1109  1234  
127  363  408  513  615  739  746  793  795  800  836  847  849  903  1055  1109  1234  
94  127  363  513  615  709  746  800  836  849  903  1055  1109  1234  
94  127  363  408  513  615  795  800  836  903  1055  1109  1121  1234  
127  513  746  795  836  849  1055  1109  1234  
183  356  363  615  849  903  1121  1234  
127  513  746  840  847  945  1121  
183  501  675  728  795  800  903  
94  176  849  945  1168  1222  1268  
100  312  713  795  992  1055  1159  1168  
333  997  1051  1100  1208  1216  1280  
109  153  498  597  716  855  1050  1105  1129  1154  1162  1218  
128  155  157  167  208  579  672  941  996  1012  1106  1108  1152  1172  1206  1219  1273  
406  577  777  818  820  929  1017  1050  1102  1216  
313  659  710  723  834  888  1270  
306  942  1229  1252  
