12  24  55  72  82  95  97  140  149  156  212  309  323  358  377  393  419  428  458  490  495  521  539  543  550  586  611  619  621  652  654  659  677  706  711  715  733  807  811  821  897  899  923  975  976  980  995  998  1003  1008  1012  1030  1032  1033  1034  1042  1049  1075  1084  1095  1098  1149  1159  1176  1193  1208  1209  1210  1213  1221  1223  1247  1249  1252  1257  1270  1288  1294  
72  95  140  156  214  358  377  384  393  419  458  490  495  521  543  611  644  654  677  680  706  715  720  730  807  821  897  934  949  976  995  1008  1030  1033  1034  1042  1049  1075  1084  1098  1149  1159  1176  1193  1203  1213  1221  1247  1249  1252  1257  1270  1288  1294  
72  82  140  156  214  323  337  358  377  384  393  414  419  488  490  493  611  644  677  688  706  715  748  821  878  934  976  988  1008  1030  1033  1034  1042  1048  1049  1083  1084  1098  1137  1149  1159  1176  1193  1203  1213  1221  1247  1249  1257  1270  1288  1294  
140  156  214  309  323  337  414  488  490  611  706  720  821  878  934  976  988  1001  1012  1030  1033  1034  1042  1043  1048  1084  1095  1098  1149  1159  1193  1203  1209  1213  1257  1270  1294  
72  140  214  309  488  490  720  821  842  878  934  976  988  1001  1030  1033  1042  1048  1098  1149  1193  1203  1209  1257  
214  411  488  490  878  934  976  988  1030  1033  1042  1084  1098  1203  1209  1257  1265  1267  
214  488  490  878  934  976  988  1030  1042  1098  1149  1203  1209  
156  214  488  490  644  878  934  976  988  1042  1098  1103  1155  1209  1211  
156  214  488  490  644  811  934  976  988  1042  1084  1095  1098  1103  1157  1209  1211  
156  490  644  811  865  934  988  1030  1042  1084  1098  1103  1157  1209  1211  
156  488  490  644  811  865  934  988  1030  1042  1084  1098  1103  1157  1211  
156  214  488  644  811  934  1030  1042  1084  1103  1157  1209  1211  
156  214  488  644  811  878  976  988  1042  1084  1098  1103  1157  1209  1211  
156  214  488  878  976  1030  1042  1098  1103  1209  
214  488  490  878  976  1030  1042  1084  1098  1209  
214  488  490  878  934  976  988  1030  1042  1098  1211  
214  490  878  934  976  988  1030  1042  1098  1211  
490  934  976  988  1042  1098  1211  
490  934  988  1098  1211  
156  988  1042  1157  1211  
156  488  644  1103  1209  
156  488  757  818  1103  1209  
306  390  710  1103  1209  1238  
306  488  644  745  757  991  
490  559  757  830  884  919  976  991  1040  1084  1098  1217  
212  214  624  664  919  934  984  988  1030  1165  1217  
75  98  140  154  294  330  374  415  425  491  518  561  590  600  713  745  799  865  876  878  920  925  930  934  975  976  1030  1111  1113  1126  1191  1204  1257  1264  1271  
112  154  214  296  401  490  493  632  725  764  767  783  801  814  817  818  821  835  843  850  853  886  897  922  975  979  1033  1059  1064  1094  1126  1127  1135  1153  1165  1191  1217  1268  
80  95  137  149  153  163  166  172  189  202  207  211  212  271  364  371  373  399  407  413  419  424  432  500  546  552  559  581  600  629  649  678  702  706  769  794  821  824  830  855  868  878  889  907  922  923  925  931  953  981  986  1003  1033  1040  1053  1081  1091  1098  1118  1149  1201  1242  1257  1265  1271  1288  1294  
16  55  59  70  73  88  93  140  148  151  191  195  211  215  237  240  244  275  284  285  295  305  317  330  333  342  346  349  356  368  377  381  394  399  427  445  488  490  499  508  528  535  550  559  560  570  589  605  611  637  672  681  690  713  731  741  747  767  776  786  796  798  800  803  807  821  847  863  871  874  876  899  901  902  917  922  932  944  952  965  973  980  1005  1028  1044  1057  1083  1094  1099  1101  1121  1133  1136  1148  1149  1150  1152  1154  1209  1215  1217  1229  1242  1250  1263  1266  1274  1275  1287  
5  12  15  16  20  62  67  72  73  74  95  106  110  133  148  149  151  154  160  168  179  181  190  192  195  211  222  231  233  244  257  263  275  291  294  302  305  316  320  326  330  334  338  342  343  348  351  359  360  366  372  379  388  402  414  416  419  423  431  436  453  457  468  490  491  495  499  521  522  537  544  546  554  557  558  563  591  592  598  621  623  626  639  640  651  664  676  682  687  692  696  697  701  704  721  728  729  736  743  745  749  760  767  768  770  776  786  793  799  801  807  817  821  825  830  832  842  844  845  857  859  867  878  881  903  918  919  934  953  957  964  972  973  976  984  986  995  1006  1008  1012  1018  1033  1034  1040  1042  1044  1045  1049  1050  1051  1070  1079  1080  1088  1091  1095  1098  1124  1130  1135  1149  1157  1159  1167  1175  1178  1184  1187  1193  1201  1202  1208  1209  1211  1225  1249  1252  1257  1263  1274  1279  1290  1294  
2  5  16  22  24  25  26  46  47  50  57  63  65  66  72  92  97  131  133  136  139  142  149  151  156  170  171  172  189  197  207  209  211  213  214  216  222  225  234  239  253  259  281  286  292  293  307  309  317  341  348  350  365  368  386  393  396  399  404  406  417  419  422  424  428  432  436  437  455  462  469  478  481  487  489  490  502  512  516  521  523  543  547  551  557  572  580  586  587  597  603  604  611  620  621  624  633  636  640  660  672  674  681  688  689  694  698  709  711  715  718  725  736  739  756  763  772  778  783  786  789  796  801  803  806  816  821  826  833  841  853  854  859  865  866  873  875  878  879  897  899  905  910  913  919  923  927  931  932  933  936  937  947  975  986  988  990  995  1001  1002  1003  1008  1012  1029  1030  1033  1034  1035  1042  1043  1059  1060  1084  1092  1095  1097  1128  1142  1147  1149  1150  1151  1174  1175  1186  1193  1197  1208  1213  1216  1224  1225  1232  1252  1255  1257  1262  1267  1270  1275  1286  1287  1288  1290  
7  12  14  17  19  25  28  29  36  37  47  50  55  58  60  68  86  89  94  97  102  116  122  130  137  139  151  154  156  169  179  186  192  193  195  206  209  212  215  216  222  230  232  234  246  256  261  267  274  277  317  320  323  324  345  358  367  377  378  379  384  393  395  419  423  445  450  451  458  463  465  473  474  480  490  512  521  523  524  535  539  558  563  567  571  587  588  590  611  615  632  639  640  644  652  657  659  670  674  677  678  697  700  701  706  709  722  727  730  733  736  744  773  778  779  782  789  801  807  811  816  817  821  852  857  867  871  873  879  887  897  899  903  911  913  923  937  946  955  957  971  975  976  980  1002  1003  1012  1015  1021  1022  1032  1033  1038  1042  1043  1050  1069  1070  1075  1080  1081  1095  1098  1117  1118  1125  1126  1148  1149  1157  1159  1162  1172  1176  1179  1184  1192  1193  1201  1208  1209  1210  1213  1221  1223  1236  1238  1249  1252  1270  1275  1277  1281  1286  1288  1290  1293  
0  11  37  43  53  56  60  66  72  75  91  95  97  102  127  137  149  151  152  154  156  169  170  176  184  190  197  206  207  213  221  226  241  254  264  272  275  291  317  318  322  338  344  347  355  357  358  377  393  419  445  446  452  458  465  488  490  500  507  514  521  535  539  543  547  554  561  563  586  587  590  594  597  611  612  619  621  622  639  644  646  652  654  659  670  672  677  682  689  693  697  700  706  715  716  733  763  778  796  802  807  811  816  817  821  835  850  866  877  897  923  931  934  937  938  952  976  980  995  1003  1006  1008  1009  1012  1028  1032  1034  1040  1042  1068  1075  1084  1087  1098  1120  1128  1149  1152  1170  1176  1182  1184  1193  1197  1203  1208  1213  1221  1235  1252  1257  1270  1288  1291  1294  
5  21  55  72  76  95  131  134  140  148  154  156  170  195  206  212  221  231  232  257  265  309  324  330  341  358  377  384  393  419  428  486  488  490  493  521  539  543  567  586  588  611  620  621  629  640  652  674  677  688  689  706  711  715  733  736  800  801  807  811  816  821  833  835  847  875  897  901  910  923  929  931  975  976  988  995  998  1008  1012  1030  1032  1034  1042  1049  1075  1079  1081  1084  1095  1098  1148  1149  1154  1159  1176  1193  1201  1208  1209  1221  1226  1247  1249  1257  1260  1270  1288  1290  1294  
72  77  95  140  156  212  214  323  338  358  377  393  414  419  428  458  488  490  507  521  539  543  563  567  611  654  659  660  688  706  715  730  748  781  782  796  807  821  841  847  897  923  929  976  980  1030  1033  1034  1042  1049  1080  1084  1095  1098  1149  1159  1176  1193  1203  1208  1213  1221  1249  1252  1257  1270  1294  
82  95  140  148  156  214  358  377  384  393  414  419  458  488  490  611  644  677  706  715  720  748  760  807  821  835  878  923  934  976  995  1008  1012  1030  1033  1034  1042  1083  1084  1095  1098  1149  1159  1176  1193  1203  1209  1221  1247  1257  1270  1288  
82  140  156  214  323  377  378  384  414  488  490  611  677  706  715  720  748  760  821  878  934  976  988  1008  1030  1033  1034  1042  1043  1049  1069  1083  1084  1095  1098  1149  1159  1193  1203  1209  1213  1221  1247  1252  1257  1270  1294  
140  214  323  337  414  488  706  878  934  949  976  988  1030  1042  1048  1049  1084  1095  1098  1149  1159  1193  1203  1209  1257  1270  1294  
214  309  488  490  878  934  976  988  1030  1033  1042  1048  1095  1098  1149  1203  1209  1257  
214  488  490  878  881  934  976  988  1030  1042  1095  1098  1203  1209  1265  
156  214  488  490  878  934  976  988  1030  1042  1084  1098  1157  1209  
156  214  490  644  878  934  976  988  1042  1098  1103  1155  1209  1211  
156  214  490  644  811  934  976  988  1042  1084  1098  1103  1157  1209  1211  
156  488  490  644  811  865  934  988  1030  1084  1098  1103  1157  1209  1211  
156  488  490  644  811  934  988  1030  1042  1084  1103  1157  1209  1211  
156  214  488  644  811  878  976  988  1042  1084  1103  1157  1209  1211  
156  214  488  644  878  976  988  1030  1042  1098  1103  1157  1209  
156  214  488  490  878  976  1030  1098  1103  1209  
214  488  490  878  934  976  1030  1042  1084  1098  1209  1211  
