40  59  88  123  147  160  164  180  184  190  195  198  201  259  269  273  277  301  306  312  338  387  388  394  410  428  462  477  484  510  526  527  544  565  568  575  577  578  586  592  593  597  617  619  624  626  634  651  691  692  714  719  721  726  734  780  782  784  785  793  795  811  827  828  829  835  836  840  844  846  858  859  866  889  890  892  893  900  902  916  944  946  949  950  956  963  1005  1040  1043  1045  1065  1095  1113  1151  1154  1166  1190  1194  1208  1213  1220  1227  1228  1244  1253  1280  1284  1285  1287  1292  
123  147  164  180  184  190  194  195  201  273  277  301  306  350  351  362  388  410  484  510  519  526  527  544  575  582  586  589  592  623  624  634  651  691  692  721  734  782  784  795  801  808  811  826  828  835  836  840  844  846  859  889  890  892  900  902  916  938  949  950  956  963  990  1005  1007  1015  1040  1051  1065  1080  1113  1154  1166  1176  1190  1193  1208  1213  1220  1244  1266  1280  1281  1284  1285  1287  1294  
68  105  123  143  180  184  195  201  269  273  277  362  410  499  509  510  519  526  544  582  589  592  624  691  692  714  721  780  782  795  828  835  836  840  844  846  889  892  900  902  916  949  950  956  957  963  989  1011  1040  1065  1117  1154  1166  1176  1187  1190  1193  1220  1244  1253  1266  1281  1284  1285  
160  180  184  273  277  362  499  509  510  519  526  527  589  590  692  782  835  844  846  889  892  900  902  916  946  949  956  957  963  1011  1117  1118  1176  1187  1193  1220  1221  1266  1284  1285  1294  
123  180  184  277  362  499  509  510  519  526  692  781  835  846  889  892  900  902  946  956  957  1118  1194  1220  1284  1285  1294  
123  184  276  277  362  510  519  692  781  835  846  889  892  900  902  946  957  963  1070  1118  1176  1284  1285  1294  
123  184  276  362  510  519  692  781  782  835  846  892  900  902  936  1009  1176  1285  1294  
123  174  276  362  510  519  692  781  846  900  902  946  963  1064  1070  1176  1285  1294  
123  184  362  510  519  692  846  892  900  1010  1064  1070  1285  1294  
123  362  510  519  692  846  900  902  946  956  1010  1064  1070  1176  1285  1294  
123  184  362  510  519  692  846  900  956  1010  1064  1070  1176  1285  1294  
123  184  362  510  519  692  846  900  902  956  1010  1064  1070  1176  1285  1294  
123  184  510  519  692  846  900  902  956  1010  1064  1070  1176  1285  1294  
184  362  510  692  846  900  902  956  963  1010  1064  1070  1176  1285  1294  
123  184  362  510  519  692  846  902  946  956  1010  1017  1064  1285  
362  519  692  846  900  902  956  963  1010  1054  1064  1070  1071  1285  
510  519  692  846  900  902  956  963  1010  1017  1125  1294  
56  123  126  189  510  614  900  963  1017  1064  1071  1176  1179  1243  1285  1294  
123  126  189  276  351  360  510  614  703  781  816  904  1015  1017  1064  1125  1176  1243  
21  93  109  276  279  374  429  499  614  781  811  844  889  907  956  961  1000  1008  1015  1044  1062  1071  1108  1122  1125  1179  1206  
68  71  109  149  160  178  180  187  197  241  242  311  320  374  404  499  514  585  588  624  675  684  692  694  699  703  708  718  738  757  774  781  783  811  835  846  889  898  906  911  946  948  956  961  999  1000  1008  1010  1015  1053  1056  1059  1145  1154  1179  1190  1208  1238  1274  
21  33  65  98  126  134  174  187  197  198  200  267  276  293  315  318  320  334  335  342  361  362  410  419  461  499  501  502  510  517  583  585  597  614  619  624  628  631  651  653  658  667  703  706  708  715  734  744  747  769  781  788  808  826  835  837  842  844  858  889  891  900  905  907  915  936  944  949  959  960  978  991  999  1003  1023  1029  1036  1045  1054  1060  1065  1082  1085  1100  1125  1130  1136  1138  1150  1157  1161  1166  1190  1192  1212  1233  1266  1277  1284  1285  1287  1291  1292  
13  22  33  59  60  63  65  68  70  82  92  96  113  126  131  136  139  148  152  160  162  172  174  180  184  189  192  197  198  200  207  219  225  239  276  290  292  297  301  306  308  319  329  334  335  347  359  366  368  374  390  394  396  402  411  414  420  428  439  497  499  510  525  528  548  558  561  568  580  597  602  614  617  619  631  636  640  643  648  658  664  669  670  689  691  692  704  715  717  731  741  744  754  756  771  782  786  790  802  817  819  823  835  836  840  844  846  852  862  865  873  882  887  889  892  906  912  916  918  927  936  941  944  954  957  960  961  968  982  999  1003  1011  1012  1015  1027  1031  1032  1038  1040  1041  1064  1072  1080  1095  1100  1109  1113  1118  1125  1138  1154  1162  1166  1185  1213  1217  1218  1219  1220  1231  1250  1253  1265  1277  1284  1287  
4  6  18  29  30  32  39  40  42  48  53  55  57  58  68  72  80  83  92  101  102  105  112  127  129  131  134  138  147  148  157  160  173  180  182  188  201  204  206  208  212  219  224  229  242  247  250  255  257  260  273  276  277  279  292  301  305  312  318  320  334  338  339  340  343  362  374  377  379  387  410  445  446  447  453  473  477  479  487  495  499  507  510  514  522  525  527  529  544  547  558  566  567  574  575  578  594  597  606  619  622  647  660  668  676  679  683  684  691  694  697  699  703  710  716  717  721  726  736  758  761  763  765  775  781  782  801  807  811  812  814  815  828  829  830  835  836  846  850  857  859  869  872  876  881  889  890  892  899  900  902  904  915  916  918  923  934  939  940  946  949  956  959  960  978  990  995  996  1005  1022  1038  1040  1043  1046  1065  1070  1075  1082  1088  1114  1115  1124  1132  1136  1141  1146  1151  1156  1162  1163  1164  1166  1182  1199  1200  1208  1213  1220  1225  1239  1243  1251  1262  1266  1281  1282  1284  1287  1289  
0  21  27  30  39  40  58  59  80  88  99  112  123  127  138  165  167  170  180  190  192  196  198  205  208  209  219  220  226  228  236  255  257  269  273  276  277  288  294  303  312  322  338  344  347  362  363  371  387  389  391  394  398  400  402  407  410  425  428  436  441  442  452  453  464  475  480  508  509  510  514  526  527  534  537  574  575  577  578  583  590  593  595  606  611  622  626  631  633  635  646  649  655  671  691  714  715  719  721  734  736  744  780  792  793  801  811  812  815  823  828  835  836  840  858  860  867  873  888  889  892  899  900  904  906  907  918  927  930  946  949  950  956  957  963  966  976  978  979  990  995  1005  1038  1039  1040  1043  1045  1067  1084  1088  1093  1095  1107  1112  1129  1130  1131  1132  1145  1151  1154  1158  1166  1173  1174  1179  1193  1194  1197  1213  1220  1227  1228  1235  1241  1244  1245  1249  1253  1256  1264  1276  1277  1280  1284  1285  1287  
6  7  13  19  20  33  42  53  58  59  62  63  65  72  75  83  88  99  102  113  138  160  180  184  190  195  201  204  222  223  225  226  233  239  249  259  261  269  273  277  287  301  306  312  315  324  340  351  362  381  410  413  417  433  448  462  464  468  484  510  527  528  547  556  561  565  575  577  578  586  592  593  595  597  617  624  627  630  645  654  677  691  692  721  722  726  766  780  782  784  786  790  806  808  811  828  829  835  840  846  858  859  863  866  867  889  892  894  900  904  908  916  920  927  940  949  950  954  956  960  963  995  1005  1007  1024  1038  1039  1040  1043  1045  1070  1075  1080  1082  1093  1099  1113  1114  1132  1154  1166  1176  1190  1193  1194  1199  1208  1212  1220  1227  1228  1234  1235  1244  1253  1262  1266  1276  1277  1282  1284  1285  
5  8  10  33  57  63  72  88  123  151  160  180  184  190  194  195  198  201  208  217  226  255  259  268  273  277  288  289  306  312  338  350  358  378  387  410  413  433  437  442  454  457  477  483  494  499  510  514  526  527  534  536  544  578  582  583  586  589  592  593  617  622  623  624  625  634  672  687  690  691  692  713  714  715  721  735  744  780  782  784  785  786  793  811  829  835  836  840  844  846  859  879  881  889  893  894  900  902  915  918  920  927  929  934  940  944  946  949  950  951  956  957  960  963  976  990  992  1005  1007  1015  1040  1043  1054  1075  1080  1088  1093  1114  1117  1124  1141  1152  1154  1166  1190  1213  1220  1228  1232  1237  1244  1253  1256  1257  1262  1266  1280  1284  1285  1292  1294  
42  59  63  68  80  83  101  123  134  147  164  167  180  184  190  194  195  198  201  204  222  245  249  252  255  259  265  268  273  277  281  289  297  301  306  312  355  387  394  410  461  477  484  490  492  494  508  510  526  556  571  578  584  586  589  592  605  617  622  623  626  627  634  651  691  692  714  721  734  735  748  780  782  784  786  795  801  811  827  835  836  840  844  846  858  859  889  892  900  902  919  923  944  949  950  956  957  960  963  976  1005  1038  1039  1040  1043  1054  1065  1080  1084  1113  1117  1138  1151  1154  1176  1190  1213  1217  1220  1227  1229  1239  1244  1262  1266  1280  1284  1285  
59  83  88  105  109  147  149  180  184  190  269  277  312  323  338  351  362  402  410  428  499  508  509  510  526  527  565  578  583  586  589  592  606  619  623  624  637  644  646  649  651  687  692  719  721  726  734  780  782  784  786  792  795  801  827  828  835  836  840  842  844  846  858  859  866  889  890  900  902  915  916  944  946  949  950  951  956  963  976  1040  1045  1065  1095  1113  1146  1163  1176  1190  1193  1213  1220  1227  1239  1244  1253  1284  1285  1294  
5  33  68  123  184  225  273  277  301  351  362  410  499  508  510  526  582  589  592  598  691  692  721  729  782  811  828  830  835  836  840  844  846  858  859  889  890  892  900  902  916  920  949  956  957  963  990  1040  1117  1138  1146  1154  1166  1176  1190  1193  1220  1221  1244  1253  1266  1281  1284  1285  
123  160  180  184  194  195  273  277  301  306  320  343  362  394  410  499  509  510  519  526  589  692  721  782  835  836  840  846  858  889  900  902  946  949  956  957  1080  1176  1193  1220  1228  1266  1284  1285  1294  
184  194  273  277  362  499  509  510  519  526  589  692  721  781  782  835  844  846  889  890  892  900  902  916  946  949  956  957  963  1118  1176  1193  1220  1227  1284  1285  1294  
123  184  273  277  362  510  519  692  781  782  835  836  846  889  900  902  916  946  949  956  957  963  1070  1117  1176  1193  1220  1284  1285  1294  
113  123  184  277  362  510  519  692  781  782  835  846  900  902  946  956  963  1070  1167  1176  1285  1294  
123  184  276  510  519  692  781  846  892  900  902  963  1010  1064  1070  1176  1285  1294  
123  184  362  510  519  692  846  892  900  902  1010  1064  1070  1176  1285  1294  
123  184  362  510  519  692  846  900  902  946  956  1010  1064  1070  1176  1285  1294  
123  184  362  510  519  692  846  900  902  956  1010  1064  1070  1176  1285  1294  
123  184  362  510  519  692  846  900  902  956  963  1010  1064  1070  1176  1285  1294  
123  362  510  519  846  900  902  956  1010  1064  1070  1176  1285  1294  
123  184  510  519  692  846  900  902  956  1010  1064  1070  1176  1285  1294  
184  362  510  692  846  900  956  963  1010  1064  1070  1176  1285  1294  
123  362  510  519  692  846  902  956  1010  1017  1064  1070  1176  1285  
126  519  692  846  900  902  956  963  1010  1064  1070  1285  1294  
126  614  900  956  1010  1017  1070  1179  1294  
123  126  351  362  510  614  781  1071  1179  
126  276  614  781  1054  1062  1064  1071  1108  1125  1176  
184  499  614  781  945  961  1000  1015  1017  1108  1122  1125  1179  
160  187  197  276  320  541  582  604  708  718  776  781  891  954  956  961  999  1000  1053  1054  1071  1125  1179  1220  
126  174  193  276  279  317  379  499  501  517  585  681  771  798  891  915  949  955  959  999  1029  1053  1054  1060  1125  1135  1166  1213  1233  1277  1287  1292  
