75  81  101  116  147  299  306  316  330  337  339  342  346  352  353  354  363  378  386  406  414  427  434  503  518  548  602  613  643  667  693  703  707  716  722  725  729  734  750  758  765  782  787  804  810  814  819  828  837  847  861  896  901  906  909  915  921  924  938  948  964  968  969  976  984  1014  1047  1088  1089  1099  1105  1107  1109  1123  1127  1150  1155  1165  1179  1212  1219  1242  1252  1261  1262  1266  1288  
69  116  147  299  306  339  342  346  352  353  354  363  378  386  406  414  427  434  503  518  602  613  643  667  703  707  722  725  729  758  761  765  782  804  810  814  837  847  861  891  896  901  909  915  968  969  984  1088  1105  1107  1123  1125  1150  1165  1179  1212  1219  1242  1252  1261  1262  1288  
116  306  339  342  346  352  353  363  378  386  395  406  414  427  518  602  605  613  643  684  707  722  725  729  761  782  804  810  814  837  847  861  896  901  909  910  915  968  969  984  1088  1107  1125  1165  1179  1212  1219  1242  1252  1261  1262  1288  
116  330  339  342  346  352  353  378  386  406  427  594  607  613  669  703  707  725  729  750  761  783  804  810  814  837  847  861  896  901  909  915  968  969  1088  1107  1165  1179  1219  1242  1261  1262  1288  
342  346  386  406  427  518  594  613  707  729  761  783  804  814  837  847  861  901  915  968  969  1088  1107  1165  1219  1242  1262  1288  
342  346  386  406  427  613  707  729  761  783  814  837  861  901  915  968  969  1088  1107  1165  1219  1242  1262  1288  
342  346  386  406  427  613  707  729  783  814  837  861  915  969  1107  1165  1219  1242  1262  1288  
342  346  378  386  406  613  707  729  761  783  814  837  861  891  915  969  1107  1219  1242  1262  
342  350  386  406  555  613  707  729  783  814  837  861  915  969  1107  1219  1242  1262  
160  386  406  555  613  707  729  741  783  837  861  915  969  1107  1242  
160  555  613  707  729  741  761  783  861  915  969  1107  1242  1262  
160  377  386  555  594  729  741  761  783  861  915  969  1107  
160  377  386  555  594  613  707  741  761  814  837  861  915  969  1088  1107  1242  
160  377  386  555  594  613  707  741  760  761  814  834  861  915  969  1088  1107  1242  
160  377  386  555  594  613  706  707  741  760  761  814  861  915  969  1088  1107  1242  
160  377  386  406  555  594  706  707  741  760  814  834  861  915  969  1088  1107  1242  
160  377  386  406  555  706  707  741  760  761  814  834  861  915  969  1088  1242  
377  386  555  594  613  706  707  741  760  814  861  915  969  1088  
160  377  386  555  594  706  741  760  761  814  861  915  969  1088  1107  1242  
160  377  386  555  594  706  741  760  761  814  861  915  969  1088  1107  1242  
160  377  386  555  594  613  707  741  761  814  861  915  969  1088  1107  
160  377  386  555  594  613  706  741  760  761  814  834  861  915  969  1088  1107  1242  
160  377  386  406  555  594  613  706  707  741  760  834  861  915  969  1088  1107  1242  1262  
377  386  406  555  613  706  707  741  760  761  814  834  861  915  969  1088  1107  1242  1262  
377  386  406  613  706  707  741  760  761  814  834  861  915  969  1088  1107  1242  1262  
386  406  555  594  613  706  707  760  814  834  861  915  1088  1242  1262  
160  377  406  594  741  760  761  814  834  1088  1242  1262  
160  377  386  555  594  707  760  761  969  1088  1107  1262  
160  555  594  706  707  741  761  814  861  969  1088  1107  
160  377  386  555  594  613  741  760  761  861  915  969  1088  1107  1161  1242  
386  555  613  706  707  814  834  861  915  969  1088  1107  1242  
377  386  406  613  741  760  814  834  861  915  969  1107  1242  
377  386  406  613  706  707  760  814  834  861  915  969  1242  1262  1269  
386  406  555  594  613  640  706  760  814  834  861  915  1242  1262  
160  377  594  741  760  761  814  969  1088  1134  1262  
160  386  555  594  707  761  814  1088  1107  1188  
160  377  386  555  594  741  761  969  1088  1161  1188  
160  377  555  594  741  761  834  861  915  969  1088  1107  
406  555  613  706  861  915  969  1088  
377  613  760  834  861  915  969  1262  
386  706  834  861  915  969  1107  
377  640  741  861  
640  741  1134  
386  706  761  1188  
594  741  814  1188  
761  




