28  43  63  67  88  154  155  162  204  214  259  282  283  301  310  320  322  339  364  397  425  443  500  510  538  545  582  658  682  697  724  763  773  779  803  806  818  839  849  853  861  875  878  880  903  913  915  916  936  944  952  963  964  974  979  990  993  996  998  1000  1017  1037  1050  1052  1054  1059  1086  1088  1089  1113  1131  1133  1141  1146  1147  1152  1156  1175  1200  1205  1208  1212  1213  1220  1221  1231  1240  1246  1251  1252  1274  1292  
43  67  88  156  274  283  294  310  320  322  339  364  377  389  397  425  500  510  547  549  582  592  658  697  724  773  779  803  814  849  853  878  894  913  915  916  936  944  964  979  990  993  996  998  1013  1044  1050  1052  1054  1059  1078  1089  1090  1113  1152  1167  1208  1221  1231  1251  
67  88  274  283  310  339  369  500  510  582  669  707  773  814  817  853  861  866  894  936  944  946  963  964  990  996  998  1000  1036  1044  1050  1054  1059  1090  1098  1113  1167  1221  1231  
274  310  313  320  381  500  771  779  936  944  946  963  990  996  998  1000  1044  1050  1052  1054  1059  1098  1113  1167  1221  1231  1240  
320  500  771  779  936  944  946  990  998  1000  1044  1052  1054  1059  1113  1167  1221  1250  
320  500  771  944  946  998  1000  1052  1054  1059  1113  1167  1221  
320  500  771  944  946  998  1000  1052  1054  1059  1113  1167  1221  
320  500  724  771  944  946  998  1000  1052  1054  1059  1113  1167  1221  
320  341  500  771  944  946  998  1000  1052  1054  1059  1113  1167  1221  
320  341  500  771  944  946  998  1000  1052  1054  1059  1113  1167  1221  
320  341  500  771  944  946  998  1000  1052  1054  1059  1113  1167  1221  
320  341  500  771  944  946  998  1000  1052  1054  1059  1113  1167  1221  
320  341  500  771  944  946  998  1000  1052  1054  1059  1113  1167  1221  
320  341  500  771  944  946  998  1000  1052  1054  1059  1113  1167  1221  
500  771  944  946  998  1000  1052  1054  1059  1113  1167  1221  
341  500  944  946  998  1000  1113  1167  1221  
500  944  998  1052  1054  1059  1167  1221  
320  998  1000  1052  
946  1052  1059  1247  
320  341  394  618  1106  1247  
77  84  174  582  592  724  771  778  785  874  876  930  1166  1196  1200  
77  84  113  136  147  273  274  310  346  353  369  412  486  493  496  504  509  533  538  582  592  601  609  689  699  768  830  832  837  861  876  905  930  936  943  952  984  990  995  996  1031  1110  1112  1146  1166  1200  1240  1265  
43  82  92  105  113  157  166  168  175  197  215  224  271  278  294  305  310  346  349  353  364  373  387  394  397  409  423  462  479  486  487  504  510  526  529  550  563  575  582  585  601  618  636  652  653  660  707  729  736  739  742  761  768  793  807  822  830  844  886  891  894  898  905  910  916  923  936  937  952  959  969  979  996  997  1006  1013  1031  1050  1060  1066  1083  1085  1097  1103  1111  1112  1117  1118  1146  1149  1157  1166  1200  1207  1214  1240  1245  1247  1274  1294  
6  15  18  36  43  52  53  61  70  82  87  88  100  105  113  119  127  128  135  136  147  154  155  166  173  176  181  208  213  217  224  234  236  239  247  249  257  258  262  274  278  283  291  293  302  305  307  310  319  322  327  331  333  346  351  353  360  364  366  369  373  382  383  387  404  406  412  427  429  438  448  450  460  468  474  485  487  489  490  496  503  504  526  527  533  538  545  555  556  561  565  570  575  576  582  593  606  618  624  643  647  652  657  660  669  679  683  684  696  702  707  710  729  734  736  749  761  779  783  785  794  795  796  798  799  801  803  806  815  822  835  839  845  847  848  849  855  861  865  866  869  872  874  887  888  891  898  905  910  916  919  925  926  928  930  945  964  975  984  996  1006  1007  1011  1012  1017  1018  1021  1023  1030  1043  1050  1051  1055  1059  1060  1063  1075  1087  1092  1095  1105  1111  1117  1118  1120  1133  1137  1139  1141  1144  1146  1151  1153  1156  1167  1179  1180  1188  1189  1191  1198  1200  1207  1211  1220  1221  1229  1231  1240  1242  1245  1247  1250  1252  1253  1265  1274  1292  1294  
0  10  11  17  18  19  20  22  25  26  28  32  33  37  40  42  46  48  49  52  53  54  63  67  71  73  78  80  83  89  91  92  98  100  101  104  105  107  111  118  122  125  135  136  147  155  160  166  174  178  182  187  189  190  193  197  198  205  212  214  217  218  222  224  228  231  232  237  242  243  248  254  259  261  265  267  276  277  278  281  282  283  288  289  290  300  301  304  305  310  313  315  319  322  323  325  328  329  330  335  337  339  344  347  352  356  358  359  361  365  369  371  373  380  383  385  387  390  396  401  406  410  415  419  420  425  426  431  432  433  435  436  437  438  441  442  443  444  447  449  454  457  459  463  466  467  468  472  477  478  481  484  486  493  505  511  513  516  527  533  544  546  547  549  554  560  561  567  568  570  573  580  582  583  592  594  597  605  610  615  617  619  621  622  626  628  629  633  634  637  642  646  649  651  652  658  661  662  663  665  666  667  669  674  675  677  682  683  687  691  692  695  697  703  707  711  716  718  720  727  730  754  755  756  763  773  777  779  786  789  790  792  793  799  804  806  808  814  821  831  833  835  837  838  849  854  857  858  860  861  873  876  877  882  886  903  908  913  919  922  924  925  944  949  953  955  960  964  974  979  982  994  996  998  1003  1007  1008  1009  1010  1012  1013  1015  1022  1030  1036  1039  1041  1044  1050  1051  1053  1059  1062  1065  1066  1069  1070  1072  1076  1082  1088  1089  1093  1095  1098  1101  1112  1113  1115  1116  1123  1125  1127  1131  1139  1141  1146  1147  1148  1149  1156  1166  1172  1176  1177  1181  1185  1191  1196  1200  1205  1207  1212  1213  1214  1219  1223  1226  1230  1232  1240  1241  1244  1252  1258  1259  1265  1268  1271  1274  1276  1279  1283  1288  1293  1295  
6  16  22  23  28  30  34  37  42  43  53  63  67  68  71  87  92  95  120  121  126  131  134  135  136  149  154  155  162  167  191  199  202  205  210  213  214  217  220  222  224  229  230  239  247  248  251  262  265  273  277  279  280  281  283  290  293  313  320  322  339  340  349  350  358  364  369  371  380  385  392  409  410  413  416  417  419  425  427  432  440  443  446  450  451  454  455  458  465  468  472  473  475  477  484  492  510  526  537  538  539  547  549  563  569  581  582  601  611  615  619  625  626  633  637  642  643  648  652  658  659  660  664  666  670  675  678  682  684  689  697  714  718  724  727  729  734  763  766  773  779  786  790  798  799  803  806  815  817  818  820  825  832  833  835  838  839  842  844  849  853  854  855  858  861  866  875  878  880  902  903  910  913  915  916  923  924  927  928  929  936  938  941  944  963  964  979  981  983  990  993  995  996  998  1000  1008  1012  1013  1017  1018  1022  1030  1035  1037  1051  1052  1054  1059  1068  1081  1085  1088  1089  1113  1133  1139  1147  1152  1156  1157  1160  1169  1176  1179  1187  1200  1205  1206  1212  1213  1221  1231  1235  1238  1240  1246  1247  1251  1252  1258  1259  1263  1269  1274  1288  1292  1293  
0  28  31  32  43  45  50  67  69  88  92  97  121  128  154  155  162  176  214  224  230  239  247  251  274  282  283  301  306  313  320  322  339  344  352  355  358  364  397  425  430  437  442  448  456  465  482  489  500  510  521  526  538  539  545  547  559  561  582  583  637  638  643  647  658  659  662  667  682  697  724  737  763  779  790  803  805  806  817  831  838  842  853  858  861  866  869  878  880  903  910  913  915  924  928  936  938  944  949  952  955  960  964  979  993  996  998  1000  1013  1017  1030  1037  1044  1051  1052  1059  1066  1078  1082  1085  1086  1088  1089  1113  1114  1133  1136  1141  1146  1147  1149  1152  1157  1163  1170  1172  1176  1200  1204  1206  1208  1212  1221  1231  1240  1246  1251  1263  1269  1274  1292  1294  
19  25  31  63  67  68  88  92  104  105  135  155  163  177  202  204  214  274  282  283  294  301  320  322  337  339  364  369  389  443  449  463  500  510  538  545  552  573  582  591  595  597  615  652  658  659  667  671  686  709  744  763  766  771  773  779  803  805  806  817  820  833  839  853  858  861  878  903  913  918  936  944  949  963  964  979  990  996  1000  1005  1013  1035  1037  1050  1052  1054  1059  1072  1088  1093  1113  1133  1141  1146  1147  1152  1167  1178  1185  1200  1205  1208  1212  1213  1214  1220  1221  1231  1232  1240  1251  1252  1269  1274  1286  1292  
27  28  45  67  88  97  155  274  301  310  313  339  364  369  377  397  431  500  510  545  547  582  595  635  659  724  763  773  779  817  849  853  894  904  910  915  916  936  944  952  964  979  990  993  996  998  1000  1017  1044  1050  1052  1054  1059  1078  1089  1113  1146  1149  1152  1167  1169  1208  1215  1221  1231  1232  1251  1273  1274  1293  
67  88  155  274  310  322  339  377  495  497  500  510  537  582  592  595  682  707  722  724  744  779  798  803  825  861  936  939  944  964  990  996  998  1044  1050  1054  1059  1088  1098  1113  1167  1177  1221  1231  1292  
274  310  339  500  582  671  773  861  936  944  990  993  996  998  1044  1050  1052  1054  1059  1113  1167  1221  1231  1262  1294  
320  500  669  779  936  944  946  990  998  1000  1044  1050  1054  1059  1113  1167  1221  1240  
320  500  771  944  946  990  993  998  1000  1052  1054  1059  1113  1167  1221  
320  500  771  944  946  998  1000  1044  1052  1054  1059  1113  1167  1221  
320  341  500  771  944  946  998  1000  1052  1054  1059  1113  1167  1221  
320  341  500  771  944  946  998  1000  1052  1054  1059  1113  1167  1221  
320  500  771  944  946  998  1000  1052  1054  1059  1113  1167  1221  
320  341  500  771  944  946  998  1000  1052  1054  1059  1113  1167  1221  
320  500  771  944  946  998  1000  1052  1054  1059  1113  1167  1221  
320  341  500  771  944  946  998  1000  1052  1054  1059  1113  1167  1221  
320  500  771  944  946  998  1000  1052  1054  1059  1113  1167  1221  
341  500  724  944  946  998  1000  1052  1054  1059  1113  1167  1221  
320  341  500  944  946  998  1000  1052  1054  1059  1113  1167  1221  
320  500  771  944  998  1052  1059  1113  1167  1221  
341  944  998  1059  
1052  
618  785  
77  778  785  832  876  984  1166  1196  1247  
77  113  168  310  353  394  409  423  504  510  582  601  618  724  731  783  837  930  936  952  959  984  990  991  995  1031  1092  1112  1146  1166  1200  1247  1284  
31  70  75  77  82  84  111  113  123  154  166  168  175  180  242  274  310  319  327  346  353  366  369  377  387  394  423  487  496  504  509  510  526  533  550  575  582  601  618  652  660  686  689  729  736  742  749  761  768  807  822  861  862  891  894  898  905  936  952  958  984  996  1030  1060  1066  1083  1085  1092  1095  1103  1111  1112  1146  1149  1151  1191  1200  1207  1231  1240  1245  1247  1250  1265  1271  1274  1284  1294  
