34  54  68  79  91  105  115  136  139  161  164  168  183  184  189  192  194  195  198  212  258  280  284  287  291  355  385  387  399  406  407  430  451  490  529  532  550  578  603  618  626  627  653  665  694  708  725  740  745  762  764  769  785  803  806  816  828  842  847  855  859  869  875  877  879  880  882  886  896  897  898  902  905  920  940  945  951  953  955  962  972  976  979  984  985  1005  1008  1016  1018  1023  1031  1037  1038  1043  1070  1071  1097  1108  1121  1132  1160  1162  1182  1208  1213  1216  1236  1241  1256  1278  1280  
34  91  115  136  161  168  178  183  184  192  195  291  385  457  490  492  529  532  550  555  578  618  626  627  708  738  740  764  785  803  816  842  847  857  859  865  875  877  880  882  886  896  897  910  920  922  940  945  951  955  962  976  979  984  1008  1016  1018  1023  1031  1043  1048  1097  1108  1132  1135  1160  1162  1174  1187  1208  1216  1241  1278  
91  110  138  161  168  183  195  367  501  550  626  694  738  740  762  785  823  847  859  865  869  882  886  922  940  945  951  955  976  984  1000  1008  1011  1018  1038  1062  1097  1108  1135  1160  1162  1167  1187  1213  1216  1224  1241  1278  
161  168  178  183  195  284  501  559  847  859  886  901  940  945  976  984  1011  1018  1062  1108  1121  1160  1162  1170  1187  1222  1224  1241  1278  
115  161  168  178  183  195  789  805  843  859  886  940  945  984  1011  1108  1121  1160  1162  1170  1187  1216  1222  1224  1241  1278  
161  168  178  414  843  859  886  940  984  1108  1160  1162  1170  1187  1216  1224  1241  1278  
161  168  178  414  886  940  1108  1160  1162  1170  1216  1224  1278  
161  168  178  414  715  886  940  1108  1160  1162  1170  1216  1224  1278  
161  168  178  414  715  769  886  940  984  1108  1160  1162  1170  1216  1224  1278  
161  168  178  414  715  769  886  940  984  1108  1160  1162  1170  1216  1224  1278  
161  168  178  414  715  769  886  940  1108  1160  1162  1170  1216  1224  1278  
161  168  178  414  715  769  823  886  940  984  1108  1160  1162  1170  1216  1224  1278  
161  168  178  414  715  769  823  886  940  984  1108  1160  1162  1170  1216  1224  1278  
161  168  178  414  715  769  823  877  886  940  984  1038  1108  1160  1162  1170  1216  1224  1278  
161  168  178  414  715  769  823  877  886  940  984  1108  1160  1162  1170  1216  1224  1278  
161  168  178  414  715  769  823  877  886  940  984  1038  1108  1160  1162  1170  1216  1224  1278  
161  168  178  414  661  714  715  768  769  823  886  940  984  985  1038  1092  1108  1146  1160  1162  1170  1200  1216  1224  1278  
161  168  178  414  661  714  715  768  769  822  876  877  886  931  940  985  1038  1092  1108  1146  1160  1162  1170  1200  1216  1224  1254  1278  
63  161  168  178  414  661  662  714  715  768  769  822  823  876  877  886  930  931  940  985  1038  1090  1092  1108  1146  1147  1160  1162  1170  1200  1216  1224  1254  1278  1282  
63  68  121  161  168  178  184  211  214  291  414  490  512  530  556  599  604  626  661  662  689  714  768  769  822  823  847  875  876  877  886  919  930  931  940  945  984  985  1024  1030  1036  1038  1067  1092  1108  1120  1146  1160  1162  1170  1176  1200  1216  1224  1228  1254  1255  1278  1282  1287  
61  63  80  148  161  168  178  183  184  211  235  276  288  291  332  341  489  512  526  530  541  553  556  604  616  626  627  640  661  662  689  708  714  715  724  739  742  744  768  769  822  828  837  847  863  875  876  877  879  880  886  891  901  902  917  919  920  930  931  940  945  975  976  985  1000  1024  1030  1037  1038  1043  1044  1067  1068  1085  1092  1095  1108  1121  1122  1134  1146  1160  1189  1200  1201  1216  1224  1230  1238  1243  1254  1265  1278  1282  1287  1292  
5  7  50  65  68  72  77  79  82  87  105  121  124  126  136  152  155  161  162  168  182  183  184  187  197  210  211  212  213  228  249  251  275  276  286  291  301  320  332  344  369  388  398  409  434  443  471  490  493  512  514  517  523  526  529  530  558  572  580  585  595  602  604  614  618  619  627  631  635  639  643  652  659  661  671  674  676  689  693  700  712  714  724  728  741  742  753  762  768  769  778  785  788  811  821  822  823  828  837  840  842  847  848  863  865  873  875  876  877  879  882  886  902  912  917  919  920  930  931  945  951  954  955  956  961  967  968  973  985  986  988  1013  1025  1026  1038  1040  1043  1054  1067  1073  1080  1092  1106  1108  1121  1122  1125  1131  1139  1145  1146  1152  1157  1160  1162  1167  1183  1193  1199  1200  1204  1211  1248  1254  1264  1278  1282  
5  7  19  23  26  34  38  46  50  56  57  58  65  66  68  79  81  91  96  99  108  115  117  127  132  133  136  141  147  150  160  161  162  164  168  175  183  187  195  202  212  221  223  232  239  245  248  262  265  270  273  275  283  294  295  298  301  303  323  327  341  344  346  358  364  367  368  369  372  388  391  395  398  399  404  406  410  411  414  420  422  430  434  450  459  468  472  473  493  494  495  500  501  506  521  527  528  539  550  557  558  564  566  570  572  579  581  582  588  603  604  605  610  626  628  630  659  660  661  664  684  690  693  694  695  697  701  704  721  728  729  731  741  742  750  751  754  764  769  774  775  788  797  803  804  808  811  816  819  821  826  827  847  849  851  857  863  869  877  880  882  886  891  893  904  911  913  917  920  924  928  929  931  932  939  940  941  946  951  953  955  970  971  985  994  996  1000  1005  1018  1023  1026  1031  1038  1042  1043  1047  1048  1049  1052  1062  1069  1071  1074  1075  1092  1093  1094  1103  1106  1120  1121  1135  1139  1146  1152  1157  1160  1162  1174  1193  1194  1197  1200  1202  1208  1211  1213  1214  1215  1220  1221  1222  1228  1247  1249  1252  1260  1277  1278  1279  1280  1285  1287  
1  5  8  9  10  22  23  26  28  31  32  36  38  46  47  48  55  57  58  63  77  79  84  89  91  93  98  112  115  119  124  131  136  138  142  158  159  161  164  167  174  178  179  181  183  184  186  188  192  193  194  195  197  212  218  222  226  233  238  239  240  253  254  259  263  274  279  280  284  287  291  303  304  310  311  315  318  340  342  354  358  364  368  372  382  385  388  393  398  403  404  406  413  424  430  436  441  450  455  457  461  463  470  471  472  474  475  480  490  505  506  510  517  528  529  530  533  539  541  543  544  545  550  551  558  578  589  591  593  598  600  618  621  623  625  632  635  648  650  662  665  670  673  679  682  689  693  694  701  708  725  726  737  738  740  743  764  765  770  781  785  790  803  806  816  823  828  831  842  844  847  849  851  853  855  863  865  866  873  875  876  877  880  883  886  893  896  897  899  906  910  918  930  937  948  951  954  957  959  972  979  984  985  989  995  1003  1008  1009  1011  1013  1035  1038  1057  1062  1071  1088  1089  1092  1093  1097  1110  1115  1119  1121  1126  1129  1139  1160  1161  1162  1180  1189  1208  1209  1213  1216  1227  1230  1236  1240  1248  1250  1255  1263  1278  1280  1285  1290  1293  
4  14  19  30  32  34  38  39  48  68  73  74  84  89  91  99  100  129  132  149  150  156  159  161  173  178  183  184  186  192  194  195  198  203  205  208  212  221  227  240  245  253  258  261  265  268  270  291  302  311  319  327  344  355  364  376  385  387  390  403  406  426  430  434  438  440  443  444  455  463  472  476  478  481  483  484  490  495  500  502  508  522  525  529  536  546  550  555  558  578  583  600  603  618  626  627  641  653  660  663  665  671  679  683  686  694  701  708  714  721  725  726  747  751  758  764  769  770  785  788  797  803  805  806  807  811  816  828  831  842  844  847  863  865  869  870  873  875  877  879  880  882  886  897  905  910  915  918  920  932  937  940  945  946  949  951  955  961  962  972  985  995  1006  1007  1008  1011  1016  1018  1023  1035  1037  1043  1055  1062  1071  1078  1081  1103  1108  1109  1112  1119  1121  1122  1135  1136  1139  1150  1153  1160  1162  1175  1190  1208  1213  1216  1224  1230  1236  1256  1264  1275  1278  1280  1291  1292  
6  11  19  34  35  41  46  57  63  68  70  79  84  91  98  108  110  115  136  145  149  158  159  161  174  183  184  192  194  195  212  214  215  218  250  253  262  274  280  284  291  303  333  334  364  385  387  407  417  432  436  442  449  457  470  480  490  529  532  536  543  550  554  558  567  568  603  618  627  629  656  667  694  697  704  725  738  740  744  751  764  765  769  776  785  803  804  806  816  828  842  847  855  859  862  869  875  877  880  882  886  888  905  910  915  920  940  945  951  955  970  972  976  979  984  985  988  991  995  1005  1008  1011  1018  1023  1031  1037  1038  1042  1043  1070  1072  1097  1108  1121  1132  1139  1142  1152  1160  1162  1167  1194  1208  1216  1236  1240  1241  1248  1252  1256  1273  1278  
15  34  46  68  84  91  110  115  136  161  167  168  169  178  183  184  192  194  195  212  227  240  250  253  257  259  262  291  355  385  406  407  416  430  436  487  528  532  550  555  578  603  626  627  636  665  694  725  738  740  762  764  765  769  785  803  806  816  842  843  851  857  859  865  869  875  877  879  880  882  886  896  897  902  915  917  940  951  955  971  972  976  979  984  1000  1005  1008  1016  1018  1023  1031  1038  1042  1043  1048  1070  1097  1105  1108  1121  1134  1150  1152  1160  1161  1162  1182  1187  1216  1224  1236  1241  1248  1252  1256  1268  1275  1278  1280  1287  
34  91  115  136  149  161  164  168  178  183  184  195  284  291  303  355  368  385  387  430  451  487  490  550  559  564  578  603  626  627  639  653  665  694  738  740  747  762  764  785  803  806  816  826  828  843  847  859  865  873  875  877  880  882  886  897  898  902  905  910  920  922  940  945  951  955  976  979  984  985  1005  1008  1016  1018  1023  1031  1038  1043  1097  1108  1121  1134  1135  1160  1162  1187  1224  1230  1241  1256  1278  1286  
34  91  115  161  168  178  183  192  195  284  405  501  550  555  578  653  694  738  740  747  762  764  789  823  842  847  859  865  877  880  886  896  897  910  919  940  951  955  976  984  1005  1011  1018  1038  1042  1043  1048  1062  1067  1097  1102  1108  1135  1160  1162  1167  1170  1187  1208  1216  1224  1241  1278  1286  
82  91  161  168  178  183  192  195  385  501  603  687  727  843  859  865  886  896  897  901  910  919  940  945  951  984  1008  1018  1048  1065  1067  1097  1108  1121  1160  1162  1170  1187  1216  1222  1224  1278  
82  115  161  168  178  183  195  543  842  843  859  886  897  919  940  945  984  1008  1011  1062  1108  1121  1160  1162  1170  1187  1216  1222  1224  1241  1278  1280  
115  161  168  178  183  195  414  789  842  886  901  940  945  984  1011  1062  1108  1121  1160  1162  1170  1187  1216  1224  1252  1278  
161  168  178  414  886  940  1108  1160  1162  1170  1216  1224  1278  
161  168  178  414  715  886  940  1108  1160  1162  1170  1216  1224  1278  
161  168  178  414  715  886  940  984  1108  1160  1162  1170  1216  1224  1278  
161  168  178  414  715  769  886  940  984  1038  1108  1160  1162  1170  1216  1224  1278  
161  168  178  414  715  886  940  984  1108  1160  1162  1170  1216  1224  1278  
161  168  178  414  715  769  886  940  984  1108  1160  1162  1170  1216  1224  1278  
161  168  178  414  715  769  823  886  940  984  1108  1160  1162  1170  1216  1224  1278  
161  168  178  414  715  769  823  877  886  940  984  1108  1160  1162  1170  1216  1224  1278  
161  168  178  414  715  769  823  886  940  984  1108  1160  1162  1170  1216  1224  1278  
161  168  178  414  715  769  823  877  886  940  984  1108  1160  1162  1170  1216  1224  1278  
161  168  178  414  715  769  823  886  940  984  1108  1160  1162  1170  1216  1224  1278  
161  168  178  414  661  714  715  768  769  823  877  886  931  940  985  1108  1160  1162  1170  1200  1216  1224  1254  1278  
161  168  178  414  661  714  715  768  769  822  823  876  877  886  930  931  940  984  985  1038  1092  1108  1146  1160  1162  1170  1200  1216  1224  1254  1278  
63  161  168  178  291  302  409  414  512  530  556  599  604  626  661  662  714  715  768  769  822  823  875  876  877  886  930  931  940  984  985  1038  1092  1108  1120  1146  1160  1162  1170  1200  1216  1224  1254  1278  1282  
63  68  82  148  161  168  183  184  211  276  291  341  414  512  530  556  599  604  626  627  661  662  689  710  714  724  768  769  820  822  828  847  848  875  876  877  886  902  919  920  930  931  940  945  985  1024  1030  1038  1043  1067  1092  1098  1108  1144  1146  1160  1162  1170  1174  1176  1200  1201  1203  1216  1224  1228  1230  1254  1265  1282  1287  1292  
5  54  63  65  80  82  87  121  136  161  168  183  211  235  275  290  291  298  301  327  341  369  414  523  530  537  539  541  553  556  558  604  616  626  627  639  640  661  662  663  674  675  689  714  724  727  738  744  766  768  769  778  783  788  811  822  823  828  837  842  847  848  865  876  877  879  882  886  891  902  905  917  919  920  922  930  931  945  959  972  975  985  1000  1029  1030  1038  1040  1043  1046  1049  1067  1090  1092  1098  1100  1121  1122  1146  1160  1174  1176  1188  1189  1198  1200  1203  1216  1230  1238  1254  1265  1278  1282  1287  1292  
5  9  34  50  56  61  68  77  82  93  121  136  139  142  150  152  153  162  168  172  178  182  183  187  195  197  257  259  263  266  275  276  283  285  291  298  299  301  303  304  310  314  319  320  329  330  332  353  355  375  386  397  400  408  409  414  430  434  437  443  445  447  449  455  465  471  492  493  495  500  511  514  526  528  529  530  536  541  550  558  566  572  580  589  602  604  609  614  626  627  630  631  632  635  639  659  661  674  676  686  689  693  695  700  704  712  714  716  724  727  728  736  741  742  753  768  769  783  788  794  803  805  806  811  822  823  832  836  840  847  848  858  859  863  865  868  870  873  875  876  877  882  890  891  902  904  905  911  912  917  919  920  929  930  931  932  933  945  951  955  956  968  972  985  994  999  1000  1018  1022  1024  1026  1029  1030  1037  1038  1043  1052  1054  1064  1067  1069  1073  1092  1094  1106  1121  1122  1125  1129  1134  1139  1145  1146  1150  1151  1152  1157  1160  1162  1167  1176  1183  1184  1186  1193  1199  1204  1211  1221  1254  1267  1278  1282  1287  
1  2  5  7  10  26  34  38  45  46  47  50  52  56  57  58  65  67  74  79  81  84  91  95  96  97  98  103  110  114  121  123  124  134  136  139  143  147  148  149  150  153  158  161  167  178  180  192  195  212  217  218  223  237  244  245  257  258  259  261  262  266  268  269  278  284  285  289  291  292  293  295  297  303  304  308  314  325  327  334  337  342  343  344  350  352  353  376  385  387  391  395  406  407  409  410  411  416  418  424  428  434  436  438  446  448  450  451  457  459  461  463  465  468  475  478  487  489  491  493  494  500  502  507  509  522  526  532  533  535  538  543  550  554  559  560  562  570  578  589  593  600  604  611  618  626  639  640  646  665  667  682  686  687  693  694  695  715  716  721  725  726  729  742  744  759  762  772  780  785  802  804  805  806  811  813  816  817  828  834  855  857  859  861  863  869  873  877  879  880  882  883  886  888  891  897  902  905  909  910  915  917  918  930  932  934  937  940  951  953  955  957  970  971  972  973  979  984  985  988  991  1005  1008  1018  1023  1031  1046  1047  1049  1055  1056  1064  1072  1085  1092  1094  1096  1097  1099  1101  1102  1108  1119  1126  1128  1132  1142  1146  1152  1155  1160  1162  1167  1182  1188  1194  1196  1203  1208  1209  1211  1212  1214  1215  1224  1225  1227  1247  1248  1251  1252  1256  1266  1280  1286  1292  1293  
