70  118  134  141  144  156  178  179  188  210  330  356  359  368  373  375  394  402  517  518  581  595  603  629  632  651  696  702  713  727  732  734  793  814  815  841  847  874  879  907  961  966  972  1004  1006  1014  1020  1022  1029  1034  1069  1071  1088  1095  1103  1123  1137  1148  1149  1171  1185  1192  1275  1282  
118  141  144  179  204  210  283  330  394  581  629  696  713  734  793  814  843  874  876  966  972  1004  1006  1020  1029  1071  1088  1095  1123  1143  1148  1149  1171  1185  1203  
118  141  179  204  210  330  394  529  581  629  696  713  814  843  874  972  1004  1020  1069  1088  1095  1123  1148  1149  1171  1203  
118  141  179  204  330  366  544  581  696  713  814  843  850  874  972  1020  1065  1088  1095  1123  1131  1149  1171  1185  
118  141  179  204  330  366  581  629  696  713  784  814  843  958  1020  1088  1095  1131  1149  1171  1185  
118  141  179  204  330  366  581  629  696  713  814  843  897  958  1020  1088  1095  1131  1171  1185  
118  179  204  330  366  581  629  696  713  814  1020  1088  1131  1171  1185  
118  179  204  330  366  581  696  713  814  1020  1088  1119  1123  1131  1171  1185  
118  141  179  204  330  366  581  696  713  814  897  1020  1088  1131  1171  1185  
118  179  204  366  581  629  696  713  760  814  1020  1088  1119  1131  1171  1185  
141  179  366  377  422  506  581  629  706  713  742  843  1171  1173  1177  1185  
80  189  271  298  349  359  377  506  573  590  629  646  682  706  723  759  786  796  843  850  983  1010  1060  1069  1131  1140  1173  1177  1227  
80  186  189  271  272  276  277  298  359  504  506  573  590  646  682  706  732  735  742  759  786  807  843  907  948  950  951  952  956  983  987  1010  1041  1060  1124  1140  1167  1173  1177  1181  1227  1248  1260  
18  143  171  189  211  255  272  276  277  359  370  407  505  506  536  542  569  573  590  619  628  646  682  686  732  735  739  759  786  789  793  800  803  848  849  854  948  950  952  956  957  961  987  1006  1010  1041  1058  1060  1069  1070  1124  1173  1181  1200  1221  1227  1235  1254  1265  
16  43  76  82  85  87  93  97  103  143  186  192  202  204  206  210  263  264  283  294  319  336  407  422  504  506  521  536  540  541  542  545  547  558  559  573  577  592  596  619  628  629  646  670  682  686  695  702  723  725  727  735  739  745  747  759  763  777  781  789  820  849  853  907  916  923  950  956  957  982  989  1006  1010  1027  1041  1069  1070  1071  1076  1088  1113  1118  1123  1130  1140  1144  1172  1192  1196  1200  1203  1205  1227  1257  1263  1289  
8  15  16  27  47  54  57  72  80  86  89  97  119  140  141  143  171  178  197  202  207  224  227  241  261  264  282  287  297  303  304  307  308  310  325  356  376  389  425  429  444  459  476  486  490  491  506  521  530  533  540  558  563  569  572  573  577  588  589  590  603  610  615  616  629  634  646  648  651  652  669  671  676  697  702  705  716  726  727  728  731  732  748  763  782  786  787  788  789  793  801  804  809  814  820  831  835  841  847  889  913  916  930  943  948  950  954  961  966  983  995  1000  1002  1004  1006  1013  1022  1026  1027  1029  1036  1047  1069  1073  1088  1090  1097  1122  1123  1124  1157  1158  1169  1170  1171  1172  1176  1177  1192  1198  1212  1224  1231  1244  1245  
6  7  10  15  16  39  47  51  68  69  81  91  97  118  120  123  141  159  166  169  174  179  183  187  188  204  210  221  222  231  235  253  256  267  283  297  300  318  321  326  341  349  351  357  359  367  368  370  373  374  380  382  391  402  403  407  425  429  437  442  444  446  449  465  489  491  536  556  568  569  573  576  577  581  586  588  589  592  614  623  625  629  630  631  634  648  651  659  662  674  687  696  697  700  702  713  716  722  726  728  731  732  734  739  744  786  790  792  793  803  809  818  836  839  841  843  847  857  858  860  862  868  900  907  908  912  913  923  925  928  934  962  966  969  987  1004  1013  1015  1020  1022  1029  1037  1043  1063  1066  1069  1073  1076  1084  1088  1103  1108  1123  1139  1144  1148  1149  1160  1164  1171  1172  1178  1179  1185  1190  1193  1196  1202  1225  1238  1244  1257  1264  1275  
2  11  15  39  46  62  65  70  73  76  84  88  91  106  110  118  131  143  144  159  165  166  173  174  176  178  179  187  188  210  212  242  255  260  263  274  276  277  284  302  307  309  312  324  326  328  330  335  337  338  351  352  356  366  367  373  387  394  411  412  417  419  446  460  463  465  482  483  485  492  506  513  518  537  548  563  574  577  580  581  589  596  598  608  609  648  650  656  661  667  668  674  688  689  695  696  700  702  712  713  720  725  727  734  739  744  757  768  774  777  778  786  796  814  823  828  829  832  833  841  843  850  857  870  874  878  879  891  898  904  920  923  928  932  934  942  943  956  972  983  987  992  993  994  1004  1006  1014  1020  1022  1026  1034  1043  1046  1057  1061  1062  1065  1069  1071  1073  1088  1094  1095  1111  1116  1123  1137  1148  1149  1161  1170  1171  1185  1192  1198  1200  1202  1204  1209  1231  1234  1237  1254  1258  1259  1263  1264  1285  
2  16  35  70  76  84  97  100  114  118  131  134  156  162  168  174  178  206  210  226  231  245  246  261  268  276  307  312  323  325  330  356  370  379  387  389  394  402  407  443  461  467  468  475  484  486  491  504  506  517  518  519  521  529  530  532  536  553  569  581  603  610  614  629  643  646  648  653  666  688  696  706  713  725  732  734  738  749  789  791  793  794  814  817  829  833  839  847  869  870  873  874  882  906  907  934  942  950  956  961  966  983  1004  1006  1018  1020  1022  1029  1059  1065  1069  1071  1088  1090  1122  1123  1147  1148  1159  1162  1163  1164  1168  1171  1179  1185  1191  1192  1200  1212  1217  1234  1237  1254  1276  
14  57  61  79  111  118  140  141  144  166  173  177  192  204  210  221  283  326  330  337  373  375  382  386  394  398  417  440  483  506  532  553  577  581  588  619  629  651  696  698  700  706  713  722  725  727  732  786  793  804  814  815  841  847  857  874  876  879  887  947  950  971  972  978  983  1004  1006  1020  1029  1065  1069  1071  1088  1090  1095  1103  1104  1122  1123  1124  1129  1137  1148  1149  1163  1171  1179  1191  1203  1231  1240  1248  1249  1264  1291  
118  132  141  144  179  204  210  283  326  330  349  356  375  394  429  506  517  518  581  629  643  696  702  713  726  734  739  786  793  805  814  833  843  874  972  1004  1006  1020  1022  1029  1069  1071  1088  1095  1123  1124  1125  1148  1149  1171  1185  1192  1203  1211  1271  1272  
118  141  179  204  210  326  330  349  359  529  581  590  629  643  696  713  732  739  814  843  850  874  908  950  972  1004  1020  1022  1069  1088  1095  1123  1131  1143  1148  1149  1171  1203  
118  141  179  204  210  330  366  544  581  590  629  696  713  732  814  843  874  972  1004  1020  1029  1088  1095  1123  1148  1149  1171  1185  
118  141  179  204  330  366  581  629  696  713  814  843  958  1020  1088  1095  1131  1148  1171  1185  
118  141  179  204  330  366  581  696  713  814  843  1020  1088  1095  1123  1131  1171  1185  
118  179  204  330  366  581  629  696  713  814  897  1020  1088  1131  1171  1185  
118  179  204  330  366  581  696  713  814  1020  1088  1131  1171  1185  
118  179  204  330  366  581  696  713  814  897  1020  1088  1131  1171  1185  
118  179  204  366  581  696  713  814  1020  1088  1095  1131  1171  1185  
118  141  179  330  366  506  581  696  897  1020  1088  1131  1171  1185  
141  179  359  573  590  629  706  713  742  760  796  843  897  950  1088  1140  1185  1227  
141  189  271  276  359  377  506  510  573  590  646  682  742  759  786  843  902  948  950  987  1060  1069  1124  1140  1173  1177  1227  1235  
80  148  186  189  255  271  272  276  277  347  359  504  506  542  544  569  573  590  628  646  682  687  732  735  742  759  786  807  846  848  861  907  948  950  952  954  956  957  1010  1041  1060  1064  1069  1070  1122  1124  1167  1173  1177  1178  1181  1227  1254  1258  1260  
16  76  175  271  276  277  325  347  349  359  504  506  510  540  542  573  619  622  628  636  646  682  735  739  740  759  777  786  789  793  849  900  907  922  948  950  952  956  957  961  1010  1041  1058  1060  1069  1070  1095  1113  1140  1167  1178  1181  1192  1196  1200  1227  1263  1265  1280  
8  76  81  82  95  119  136  174  175  192  277  290  357  407  488  490  504  506  510  542  558  573  590  596  619  628  646  670  682  686  732  735  759  763  782  793  814  841  847  857  907  935  954  972  983  987  1006  1010  1022  1037  1044  1058  1069  1070  1118  1123  1144  1149  1171  1172  1177  1179  1192  1196  1200  1211  1226  1227  1254  1263  1279  
54  97  141  175  179  210  284  304  308  349  380  407  425  426  428  444  490  533  569  572  577  581  614  625  629  631  661  667  758  763  782  786  793  795  815  842  895  942  947  954  987  1004  1006  1029  1037  1086  1088  1090  1095  1103  1114  1122  1123  1125  1140  1177  1198  1213  1225  1231  1254  1260  1266  
16  73  126  132  141  144  178  179  190  312  323  326  330  343  368  372  373  387  494  506  537  558  569  581  589  610  622  625  629  659  669  681  720  725  732  734  771  813  821  823  824  833  843  870  874  876  916  967  983  985  987  1004  1006  1008  1020  1041  1046  1068  1071  1078  1083  1088  1125  1144  1157  1173  1176  1185  1211  1213  1217  1230  1263  1274  
65  132  144  149  179  193  204  278  286  287  337  387  519  544  577  581  590  606  620  629  631  656  659  702  709  713  722  732  734  773  784  798  814  841  847  850  898  949  950  966  983  1026  1049  1084  1088  1122  1123  1131  1137  1149  1179  1249  
87  118  132  141  186  204  283  330  366  411  431  581  623  696  713  722  814  815  855  895  904  958  1004  1020  1088  1095  1114  1123  1171  1196  1235  1272  
118  179  204  210  330  345  427  581  629  696  713  814  904  1002  1020  1088  1124  1185  
118  141  179  204  330  366  394  581  696  713  814  850  1020  1088  1095  1123  1131  1149  1171  1185  
204  302  330  366  581  629  696  713  814  843  1020  1088  1095  1131  1149  1171  1185  
118  179  204  276  330  366  581  696  713  814  1020  1088  1095  1123  1131  1185  1203  
118  204  330  366  377  581  629  696  713  814  843  897  1020  1069  1131  1149  1171  
118  179  204  330  366  581  629  696  713  814  995  1020  1088  1095  1123  1185  
88  204  271  330  581  696  713  760  1088  1123  1131  1171  1185  
179  366  590  713  789  814  897  995  1020  1041  1069  1088  1131  1185  1258  
54  88  141  179  271  276  281  330  581  629  646  696  760  843  897  902  950  1131  1157  
80  179  186  366  422  506  569  581  627  706  713  848  950  951  961  1010  1103  1289  
80  349  359  379  506  542  573  629  633  723  739  740  850  902  907  950  956  983  1010  1058  1060  1065  1069  1118  1131  1171  1227  1265  
