52  63  71  98  111  121  135  138  160  170  194  203  205  268  270  272  307  361  362  401  407  425  431  459  471  473  493  506  521  528  531  565  567  571  573  574  609  667  705  708  714  722  729  756  777  781  783  793  794  834  835  855  867  898  918  944  959  970  978  983  986  991  1026  1046  1055  1059  1067  1070  1080  1100  1107  1111  1120  1121  1132  1134  1217  1257  1264  
71  98  135  138  170  194  203  268  307  359  407  493  506  528  531  555  559  573  574  659  689  705  708  777  781  783  793  835  847  867  898  918  933  970  972  983  991  1026  1046  1070  1080  1120  1132  1134  1217  
79  98  135  307  488  528  531  559  781  835  867  918  932  933  972  986  1026  1046  1078  1080  1114  1120  1132  1134  1174  1217  1252  
135  138  276  407  528  531  780  781  835  867  918  932  972  986  1026  1080  1134  1252  
135  276  528  918  972  1026  1080  1134  1195  1252  
135  528  918  972  1026  1080  1134  1195  1252  
135  528  531  918  972  1026  1080  1134  1195  1252  
135  528  918  972  1026  1080  1134  1195  1252  
135  528  918  972  1026  1080  1134  1141  1195  1252  
135  528  918  972  1026  1080  1134  1141  1195  
135  528  918  972  1026  1080  1134  1141  1195  
135  528  918  972  1026  1080  1134  1141  1195  
521  1080  1134  
128  521  867  965  970  1127  1181  1188  
128  203  521  867  965  970  1021  1024  1073  1127  1181  1245  
128  203  373  521  523  524  536  869  914  923  965  970  1024  1073  1127  1139  1181  1188  1193  1245  
128  130  208  373  388  521  523  524  526  534  536  702  870  914  923  926  965  967  977  1030  1073  1085  1127  1139  1181  1188  1193  1245  1247  1255  1290  
52  84  128  130  165  187  332  388  521  523  524  530  534  536  553  589  626  743  775  793  870  872  877  937  967  970  977  991  1034  1042  1069  1070  1073  1080  1090  1093  1120  1127  1146  1147  1157  1181  1188  1193  1197  1200  1245  1247  1255  1257  
63  68  84  119  128  130  164  165  187  208  292  299  318  388  395  401  515  523  534  545  553  572  589  626  654  691  743  769  775  790  793  816  851  870  872  877  916  937  959  967  980  981  991  1021  1030  1034  1042  1099  1120  1124  1134  1143  1146  1147  1157  1181  1183  1188  1191  1197  1233  1247  1255  
119  165  208  292  334  375  395  517  534  545  549  553  589  626  685  691  697  710  743  757  764  775  793  828  829  870  872  879  905  918  926  937  944  959  967  970  978  980  981  984  986  991  1003  1029  1034  1035  1045  1069  1080  1120  1137  1146  1157  1179  1183  1193  1197  1200  1226  1237  1292  
45  70  119  138  180  194  201  265  327  355  492  517  521  526  541  553  570  578  584  589  626  662  735  756  764  781  793  829  835  918  924  926  932  933  959  961  970  972  980  981  991  992  1017  1029  1031  1032  1034  1035  1069  1083  1089  1092  1118  1120  1122  1143  1146  1157  1162  1197  1216  1226  1255  1284  
56  63  79  121  125  133  138  150  167  170  173  205  276  300  306  307  318  332  371  383  407  414  460  486  493  506  526  553  573  582  609  626  657  680  704  715  729  752  756  757  781  793  810  811  835  855  918  967  972  975  978  992  1015  1026  1029  1046  1097  1120  1139  1174  1193  1240  1261  1267  1270  1280  1292  
58  70  119  191  205  240  268  307  318  339  355  358  361  363  375  397  474  488  528  531  542  561  597  617  693  704  708  710  715  757  759  769  777  781  783  815  831  834  835  864  869  896  918  933  956  970  972  985  986  1003  1010  1026  1032  1056  1068  1080  1112  1113  1122  1139  1141  1157  1167  1209  1231  1263  1281  1290  
79  85  98  135  146  170  171  173  189  201  203  275  276  307  331  363  387  407  490  515  531  533  573  584  662  693  704  722  732  755  781  813  835  837  845  858  867  888  918  932  963  970  972  984  1005  1026  1031  1032  1042  1046  1066  1069  1080  1111  1120  1123  1132  1152  1155  1195  1200  1217  1236  1239  1240  
113  135  170  198  276  304  355  383  488  528  533  559  578  584  591  707  708  714  744  759  770  781  806  815  835  858  867  869  901  918  943  944  986  1026  1046  1069  1074  1080  1083  1134  1252  
63  135  182  194  355  407  413  528  531  558  584  710  714  761  762  770  781  867  869  889  918  919  932  956  972  986  992  1026  1067  1080  1087  1120  1134  1137  1166  1195  1252  
79  135  138  512  528  531  708  769  835  867  918  956  965  972  986  1026  1078  1080  1120  1252  
79  135  528  531  626  662  918  972  1026  1080  1120  1134  1252  
135  203  332  528  867  918  972  1026  1080  1134  1252  
135  528  918  972  1026  1080  1134  1195  1252  
135  528  531  918  972  1026  1080  1134  1195  1252  
135  528  918  972  1026  1080  1134  1141  1195  1252  
135  528  918  972  1026  1080  1134  1141  
135  203  528  918  965  972  1026  1080  1134  1195  1252  
528  918  965  972  1026  1080  1134  1141  1195  
521  528  972  1026  1080  1134  1141  1188  1195  
128  203  965  972  1127  1134  1141  1188  1195  
128  203  526  965  1073  1080  1134  1181  1245  
128  521  526  867  970  1019  1127  1193  1245  1257  
84  128  373  401  521  523  524  965  970  1073  1090  1127  1139  1181  1188  1191  1245  1257  
128  130  165  373  388  545  626  914  923  926  967  991  1030  1073  1083  1085  1125  1127  1134  1146  1181  1191  1245  1257  
187  208  362  395  626  652  679  702  775  793  870  937  959  981  1021  1029  1030  1080  1083  1120  1127  1134  1137  1146  1181  1183  1201  1203  1222  1245  1247  1272  
102  187  292  534  553  564  570  589  626  704  753  775  810  823  829  870  873  883  905  937  970  981  991  1003  1029  1030  1034  1035  1069  1083  1120  1137  1157  1191  1193  
79  324  383  388  448  515  526  534  542  553  589  651  756  775  793  803  810  861  918  924  975  978  1031  1034  1045  1083  1089  1120  1137  1143  1157  1255  
113  122  138  170  194  205  295  355  369  388  406  512  517  523  568  578  584  588  626  654  656  662  707  710  729  756  759  764  793  810  860  879  905  918  924  933  944  956  972  980  987  991  1029  1069  1083  1157  1166  1193  1226  1244  1293  
60  64  92  135  276  318  430  474  505  532  553  571  618  663  685  691  702  738  813  815  835  851  853  864  867  869  918  929  944  972  978  992  1002  1017  1026  1029  1083  1085  1118  1120  1134  1137  1139  1162  1174  1177  1199  1229  1247  1262  
5  62  75  117  133  135  169  201  300  314  318  348  353  355  407  494  526  528  538  541  567  648  654  679  715  743  755  761  776  781  785  794  815  835  839  855  867  886  918  931  949  970  975  981  1003  1026  1032  1063  1078  1080  1100  1134  1162  1193  1243  1252  1284  
93  95  98  107  135  165  178  191  263  305  323  338  362  488  526  528  531  537  584  601  609  673  704  707  721  736  751  768  776  778  781  801  802  810  832  848  886  890  918  921  939  953  970  972  985  995  999  1003  1026  1029  1053  1080  1085  1100  1107  1127  1134  1139  1161  1171  1186  1225  1240  1247  1266  
10  79  121  135  138  270  306  307  528  589  651  658  685  714  726  727  742  745  756  794  813  855  863  883  918  932  944  965  972  975  986  997  1007  1008  1026  1034  1046  1053  1085  1103  1107  1121  1134  1165  1195  1234  1252  1259  1276  
69  121  135  140  169  314  331  369  407  413  506  528  531  538  540  571  584  662  702  704  726  757  781  835  867  895  918  931  932  972  985  986  991  1026  1046  1080  1094  1134  1139  1195  1257  
