14  19  37  40  64  79  92  99  110  128  140  147  150  153  169  181  278  279  297  326  328  340  347  348  352  361  362  376  383  411  422  426  459  474  475  503  539  546  552  560  589  615  630  637  644  657  667  668  671  678  685  696  721  724  727  729  736  741  746  764  773  791  795  802  811  821  852  869  875  893  920  930  984  992  993  994  998  1007  1009  1011  1015  1036  1045  1049  1063  1066  1072  1073  1074  1076  1090  1099  1100  1105  1107  1110  1115  1120  1131  1138  1163  1164  1188  1206  1210  1264  1267  1275  1282  
14  19  99  110  112  169  203  278  287  292  297  314  340  347  352  361  362  366  383  386  411  422  428  474  475  503  539  560  604  615  637  644  657  668  670  671  678  688  691  696  710  711  721  729  730  737  746  764  780  790  791  795  802  811  851  852  869  871  875  893  920  930  958  961  984  993  994  998  1009  1012  1025  1035  1036  1045  1049  1063  1066  1072  1073  1074  1076  1099  1100  1105  1107  1110  1115  1120  1131  1138  1163  1164  1173  1210  1264  1267  1275  
110  127  146  153  156  256  278  297  329  337  352  361  362  366  372  383  411  422  428  474  503  539  560  615  630  644  657  667  668  682  688  710  721  729  738  741  764  770  791  802  811  821  846  851  869  875  893  920  931  958  984  994  998  1015  1019  1035  1036  1045  1049  1063  1066  1072  1073  1074  1099  1100  1105  1107  1110  1115  1120  1131  1138  1163  1164  1165  1264  1275  1284  
77  110  127  146  153  156  182  278  297  329  352  361  362  383  422  428  503  539  551  615  621  644  657  667  677  685  688  691  708  710  721  724  729  741  746  764  791  802  811  821  846  856  875  893  904  910  1019  1045  1048  1063  1066  1072  1073  1090  1099  1120  1138  1163  1164  1178  1206  1259  1260  1275  
110  147  156  182  278  337  362  383  411  419  422  428  503  517  539  551  615  644  657  667  688  691  710  724  729  730  741  764  791  795  802  811  818  846  875  893  904  998  1019  1045  1049  1063  1066  1071  1073  1120  1138  1163  1192  1260  1284  
110  156  182  278  352  362  390  422  428  503  517  539  551  644  667  671  685  688  710  729  741  764  791  811  818  821  846  856  875  893  904  964  1019  1048  1049  1066  1071  1073  1120  1138  1163  1192  1260  1275  1284  
110  156  182  278  361  362  390  422  428  503  551  580  644  688  724  729  764  791  818  846  875  904  944  961  1019  1049  1066  1071  1073  1120  1138  1192  1260  
110  156  182  278  313  361  362  390  428  503  517  551  580  644  670  688  691  712  729  741  764  791  818  846  904  944  961  994  1015  1019  1066  1071  1072  1073  1120  1138  1192  1238  
182  278  313  361  362  390  411  422  428  517  551  644  691  729  764  791  818  846  961  994  1015  1018  1019  1049  1066  1071  1072  1073  1120  1138  1192  1238  1284  
182  361  362  390  411  428  517  580  691  712  764  791  818  846  885  910  958  961  964  994  998  1015  1018  1019  1048  1066  1071  1072  1073  1120  1138  1192  1238  1284  
182  278  313  361  362  390  428  517  551  580  691  710  712  764  791  818  846  910  958  961  964  998  1012  1015  1018  1019  1066  1071  1072  1073  1120  1192  1238  1284  
156  182  278  313  361  362  390  428  551  580  691  729  764  791  818  846  885  910  958  961  964  998  1012  1015  1018  1019  1066  1071  1072  1073  1120  1238  1284  
156  182  278  313  361  362  428  517  551  644  691  729  764  791  818  846  910  958  961  964  998  1012  1015  1018  1019  1066  1071  1072  1073  1120  1284  
156  182  278  313  361  428  517  551  644  691  729  764  791  818  846  910  958  961  964  998  1012  1018  1019  1066  1071  1072  1073  1120  1138  1284  
156  182  278  313  327  361  382  428  517  551  691  729  791  910  958  961  964  998  1012  1018  1019  1066  1071  1072  1120  1284  
278  313  361  428  551  671  691  729  737  791  910  958  964  1012  1015  1018  1038  1066  1071  1072  1120  1216  1284  
278  361  428  691  729  737  791  910  958  961  964  1012  1015  1018  1066  1071  1072  1120  1125  1239  1284  
278  361  382  383  428  517  570  691  722  729  737  791  829  864  910  918  958  961  964  1012  1015  1018  1066  1071  1072  1120  1125  1174  1284  
166  278  361  382  390  428  517  570  610  691  729  737  738  756  791  864  910  958  961  964  984  1012  1015  1018  1047  1066  1071  1072  1105  1120  1174  1179  1284  
278  340  361  382  428  517  570  645  691  729  737  756  791  810  910  918  958  961  964  984  1015  1018  1066  1071  1072  1120  1174  1284  1293  
210  278  361  382  428  517  570  691  729  737  756  791  810  874  910  958  961  964  1015  1018  1066  1071  1072  1120  1174  1284  
210  278  361  382  428  517  621  691  729  737  756  791  802  810  874  910  958  961  964  1012  1015  1018  1066  1071  1072  1120  1174  
278  327  361  382  517  691  729  737  788  791  810  856  958  961  1012  1015  1018  1066  1071  1072  1284  
74  278  361  382  428  517  691  729  737  756  791  930  958  961  1012  1015  1018  1035  1066  1071  1072  1284  
142  278  361  382  428  517  691  729  737  780  791  834  856  910  958  961  964  1012  1015  1018  1071  1072  1089  1120  1174  1284  
278  361  382  428  517  570  691  729  737  791  910  958  961  964  1015  1018  1071  1072  1174  1284  
273  278  361  382  428  517  691  729  737  756  791  792  810  910  958  961  964  1012  1015  1018  1066  1071  1072  1120  1174  1284  
278  361  382  428  517  691  729  737  791  810  910  958  961  964  1012  1015  1018  1038  1066  1071  1072  1120  1284  
210  278  361  382  428  517  691  729  737  791  810  910  958  961  964  972  1012  1015  1018  1066  1071  1072  1174  1284  
278  361  382  428  517  570  691  729  737  756  791  864  910  958  961  964  1012  1015  1018  1066  1071  1072  1120  1174  1284  
278  361  428  517  570  691  729  737  756  766  791  810  864  910  918  958  961  964  984  1015  1018  1066  1071  1072  1120  1174  1284  
278  298  361  382  411  428  517  570  691  729  737  791  810  910  958  961  964  972  1012  1015  1018  1066  1071  1072  1120  1174  1238  1284  
168  278  361  382  428  517  570  691  729  737  756  784  910  930  958  961  964  1012  1015  1018  1038  1066  1071  1072  1073  1120  1174  1284  
65  361  382  422  428  486  514  517  535  630  691  704  729  737  756  791  810  864  886  910  958  961  964  984  1012  1015  1018  1026  1066  1071  1072  1094  1120  1174  1284  
91  105  121  140  278  340  341  361  367  382  428  517  570  644  670  691  723  729  737  755  756  764  791  810  846  851  910  918  961  964  998  1012  1015  1018  1033  1066  1071  1072  1087  1094  1120  1174  1202  1228  1236  1259  1261  1284  1292  
91  95  104  119  123  182  210  278  327  361  382  423  433  517  538  556  580  668  671  680  691  710  724  729  730  737  750  756  766  777  791  792  805  810  854  869  910  958  961  964  972  992  994  998  1011  1015  1018  1033  1051  1071  1072  1078  1141  1148  1174  1207  1221  1261  1263  1275  1284  1290  1292  
5  12  40  55  65  69  77  87  93  121  138  142  158  161  167  172  182  208  210  218  228  256  278  287  293  338  361  367  374  375  382  418  419  428  457  464  486  499  504  515  517  518  522  552  556  563  599  616  619  630  633  644  652  662  668  676  678  691  706  714  724  729  733  737  738  746  791  800  846  847  853  855  874  910  918  923  929  943  958  961  962  976  984  988  992  998  1016  1018  1020  1030  1038  1039  1049  1054  1066  1071  1072  1095  1105  1108  1110  1113  1167  1172  1178  1193  1199  1205  1209  1210  1211  1214  1220  1238  1250  1259  1274  1275  1287  1288  
2  3  9  54  55  65  71  75  77  91  113  122  131  136  148  150  152  156  158  161  168  172  177  186  196  200  207  210  212  224  228  230  242  248  257  265  278  287  294  327  330  331  336  338  341  345  359  361  376  383  389  411  413  419  423  427  428  433  434  438  457  462  477  486  498  502  514  522  530  539  543  547  571  574  589  601  604  609  612  616  624  644  652  657  666  668  671  675  682  705  710  719  721  724  729  737  738  744  746  754  764  768  770  773  776  788  791  794  796  802  813  818  822  830  832  833  834  840  864  865  871  889  892  905  917  918  926  930  938  941  961  964  971  978  984  987  988  992  993  994  1006  1007  1012  1016  1018  1026  1032  1035  1037  1040  1045  1049  1053  1060  1061  1066  1068  1069  1071  1073  1074  1083  1084  1089  1093  1094  1096  1099  1105  1107  1112  1114  1115  1124  1131  1138  1141  1166  1178  1185  1189  1191  1193  1201  1210  1211  1213  1214  1229  1232  1243  1245  1253  1259  1261  1264  1275  1280  1282  1284  1285  1292  
2  5  13  18  19  21  23  26  27  30  31  43  44  52  65  68  73  75  81  95  97  99  119  121  124  127  137  139  140  141  143  146  147  156  158  169  176  190  191  203  209  211  216  219  223  227  228  245  246  252  262  278  279  285  287  293  299  312  314  320  329  332  340  341  359  361  366  368  371  377  382  386  403  405  423  425  426  427  435  456  459  463  466  473  475  476  485  488  492  503  506  510  511  515  517  527  535  539  545  546  550  551  560  570  571  578  580  588  589  592  594  604  607  610  613  614  629  630  634  635  644  649  651  652  653  657  660  663  665  670  671  673  676  681  687  691  698  699  705  706  708  714  715  720  721  724  733  737  744  745  756  760  764  768  769  770  784  786  791  796  811  831  832  833  834  838  841  851  855  856  857  863  868  869  874  875  884  885  886  904  907  910  911  914  916  918  919  920  925  926  932  944  945  953  958  963  964  965  977  988  993  998  999  1007  1011  1012  1016  1017  1025  1029  1033  1034  1036  1043  1049  1066  1072  1073  1074  1082  1083  1088  1091  1094  1104  1105  1107  1110  1115  1120  1124  1125  1137  1138  1145  1147  1151  1163  1164  1165  1174  1178  1188  1192  1193  1199  1205  1210  1218  1228  1229  1238  1239  1242  1243  1249  1259  1264  1265  1267  1269  1275  1276  1277  1284  1285  1293  1295  
14  16  17  21  26  31  34  36  43  45  64  71  93  99  100  101  118  126  128  131  134  139  140  147  150  153  169  176  184  198  207  217  218  228  230  232  236  239  246  257  271  278  287  320  323  326  333  340  344  347  348  352  359  372  374  376  382  383  386  390  411  421  422  423  427  430  434  436  457  459  462  465  470  475  499  501  503  509  515  526  539  540  556  560  571  574  577  598  604  608  609  614  615  619  621  628  630  635  638  644  650  657  662  664  668  678  687  691  696  711  721  722  723  724  729  730  744  749  756  764  770  773  780  786  791  795  802  811  812  821  843  849  851  857  863  867  875  881  884  885  893  895  903  915  926  936  942  960  969  973  981  984  988  992  993  994  998  1015  1016  1034  1036  1039  1045  1049  1060  1061  1066  1072  1073  1074  1078  1083  1084  1086  1090  1100  1104  1105  1115  1123  1128  1135  1138  1140  1164  1172  1173  1176  1179  1198  1206  1210  1216  1223  1230  1238  1249  1251  1255  1259  1261  1264  1273  1275  1280  1284  
10  19  31  34  40  67  74  79  81  99  128  131  140  150  153  164  169  172  182  198  203  205  210  218  222  223  228  233  234  278  279  297  329  338  341  347  352  361  362  374  376  382  383  386  401  406  408  421  422  428  451  457  470  474  482  483  485  488  499  503  509  515  523  526  539  540  556  574  589  598  599  604  611  619  621  630  637  638  639  641  644  653  657  664  667  670  671  678  679  691  721  724  729  733  736  741  745  748  754  764  770  773  780  786  791  795  807  811  821  843  846  851  869  875  882  887  893  895  909  919  920  926  941  951  954  961  967  978  984  992  993  994  996  1006  1007  1011  1012  1019  1045  1049  1066  1071  1073  1074  1076  1090  1098  1100  1105  1107  1110  1115  1118  1138  1163  1164  1207  1210  1259  1264  1275  1276  1282  1288  
13  14  16  19  21  36  40  61  64  67  75  77  86  92  99  104  110  140  146  147  150  152  153  158  169  198  203  218  278  279  287  297  317  326  328  329  334  341  347  348  352  361  362  364  374  376  422  428  433  459  464  474  475  503  515  539  540  546  553  556  560  574  577  589  604  608  614  615  616  621  630  637  641  644  652  657  668  671  678  691  721  729  730  736  746  764  769  770  773  780  782  786  791  795  846  847  849  851  869  875  881  893  918  920  926  930  937  961  984  993  994  998  1006  1007  1036  1043  1045  1049  1063  1066  1072  1073  1094  1099  1100  1105  1107  1115  1120  1131  1138  1147  1164  1165  1172  1173  1260  1261  1264  1267  1275  1282  
77  84  99  112  142  150  153  158  169  172  203  244  278  279  297  314  326  340  348  352  361  362  366  382  408  411  422  474  475  499  503  509  539  550  553  560  611  616  628  630  637  641  650  652  657  664  667  668  688  691  696  711  721  724  729  730  736  737  744  764  773  784  790  791  795  802  811  821  829  851  869  875  892  893  961  984  993  994  998  1007  1009  1011  1019  1049  1063  1066  1068  1072  1073  1076  1083  1099  1100  1107  1110  1115  1120  1131  1135  1138  1163  1164  1173  1177  1243  1259  1267  1275  
19  69  104  110  140  153  156  158  182  191  278  297  329  337  340  350  361  362  366  372  382  383  411  419  422  474  503  539  560  611  630  644  657  671  710  721  724  729  737  741  764  770  791  795  802  805  811  818  846  869  875  893  904  958  964  994  1015  1019  1045  1048  1061  1063  1066  1072  1073  1074  1090  1099  1100  1105  1107  1110  1120  1131  1138  1164  1206  1251  1260  1264  1267  1275  1284  
110  153  208  278  297  329  340  352  361  362  411  422  428  503  539  560  644  657  667  671  688  710  724  729  733  741  764  770  791  802  811  821  846  850  851  869  875  893  910  920  994  998  1007  1012  1036  1045  1048  1049  1055  1066  1073  1099  1105  1120  1138  1163  1164  1178  1264  1275  
110  156  182  278  297  340  361  362  411  419  422  428  503  539  551  615  621  630  644  657  667  671  677  682  688  691  710  729  741  759  764  791  802  811  818  875  893  904  958  1019  1036  1045  1048  1049  1066  1071  1072  1073  1120  1163  1206  1260  1284  
110  147  156  182  278  337  390  422  428  503  539  551  635  644  657  667  710  712  729  730  741  745  764  770  791  818  821  846  856  893  904  910  998  1015  1019  1036  1045  1049  1066  1071  1073  1115  1120  1138  1163  1192  1267  1284  
110  156  182  278  337  362  390  422  428  503  551  644  667  688  691  710  729  764  791  818  821  846  856  904  961  964  1012  1018  1019  1049  1066  1071  1073  1120  1138  1192  1260  1284  
110  156  182  278  361  362  390  428  517  551  644  688  691  729  764  791  811  818  821  846  904  961  1015  1019  1066  1071  1072  1073  1120  1138  1192  1238  1284  
182  278  313  361  362  390  428  517  644  688  691  729  764  791  811  818  846  910  961  994  1015  1019  1066  1071  1072  1073  1120  1138  1192  1238  1284  
