18  63  71  93  96  121  163  166  181  208  218  271  275  276  282  310  344  350  381  409  414  420  500  501  507  515  583  590  598  607  647  657  681  686  691  724  733  750  765  777  780  800  808  809  812  813  823  829  847  854  858  863  866  872  879  901  908  912  928  965  979  980  1014  1033  1034  1036  1068  1087  1090  1166  1183  1189  1214  1243  1250  1252  1283  
63  121  181  203  218  271  275  282  295  350  381  409  500  501  507  531  607  657  686  697  724  733  780  800  808  812  829  847  854  863  866  891  901  908  965  979  1033  1034  1068  1090  1166  1189  1228  1250  1268  1290  
75  103  121  163  271  275  282  295  344  350  374  381  500  507  522  596  733  754  780  800  808  812  847  854  863  866  891  901  908  965  979  1033  1034  1068  1087  1166  1189  1214  1228  1268  
75  103  121  203  271  275  282  295  350  389  399  507  614  697  733  750  754  780  793  800  847  854  863  901  908  979  1033  1034  1036  1068  1087  1214  1228  1237  
75  103  121  163  271  275  282  350  389  399  507  534  553  614  697  733  750  780  793  800  847  854  858  901  908  1021  1034  1036  1068  1228  
75  271  275  282  350  507  697  733  750  780  793  800  847  854  901  908  979  1036  1068  1157  1228  
121  271  275  282  350  507  553  596  686  733  780  793  800  847  854  901  908  1068  1090  1157  1228  
121  271  275  282  350  507  553  596  609  686  733  739  776  780  793  800  847  854  901  908  1021  1068  1090  1228  
121  271  275  282  350  507  596  609  686  733  739  746  776  780  793  817  847  854  901  908  1021  1068  1157  1228  
121  271  275  282  350  507  609  686  733  739  746  776  780  793  817  847  854  871  901  908  1068  1157  1228  
121  190  271  275  350  507  553  609  733  739  776  780  800  847  854  871  901  908  1068  1157  1228  
121  271  275  350  363  507  553  609  776  780  847  854  901  1021  1064  1068  1128  1157  1228  
121  271  275  282  350  363  507  553  609  733  746  780  793  847  901  1021  1068  1128  1157  1228  
121  271  275  282  350  553  609  733  746  776  780  847  901  1021  1068  1118  1157  1228  
121  190  275  282  350  426  507  553  609  733  776  780  793  847  854  901  908  1021  1058  1068  
271  275  282  350  507  553  733  780  793  847  854  901  908  952  1021  1157  
271  275  282  350  507  553  591  733  780  793  847  901  908  1021  1050  1157  1228  
272  275  282  350  507  553  733  780  793  847  901  908  995  1021  1228  1279  
121  180  282  350  426  609  620  687  733  793  847  854  901  1021  1068  1118  1157  1174  1225  
121  180  190  281  282  344  363  381  409  511  517  546  609  727  733  739  780  793  847  907  908  955  1068  1082  1157  1171  1228  1275  1285  
106  121  148  198  271  275  276  295  360  363  501  516  607  609  633  638  672  693  746  774  901  908  952  1006  1009  1013  1068  1074  1128  1157  1195  1221  1226  1228  1240  1285  1286  1288  1291  
99  108  121  145  166  190  271  275  292  323  359  363  378  424  426  432  507  531  534  545  557  560  561  672  674  686  691  693  710  720  746  776  780  785  812  837  847  854  862  867  901  945  974  1015  1028  1063  1068  1070  1071  1087  1113  1157  1186  1201  1262  
31  79  92  108  166  199  203  234  271  275  327  330  350  367  370  374  381  425  430  500  501  505  513  529  534  538  540  553  599  601  612  633  667  686  713  744  780  798  800  808  817  847  863  866  885  890  891  900  901  952  961  974  1006  1010  1031  1038  1047  1057  1062  1064  1068  1071  1078  1091  1093  1111  1117  1120  1128  1149  1171  1188  1189  1198  1209  1219  1225  1228  1234  1242  1243  1252  1253  1258  1292  
27  46  62  103  108  114  117  121  135  136  141  152  182  194  198  199  206  223  246  247  250  275  284  317  318  336  353  356  363  374  378  388  403  409  415  493  507  508  517  531  547  551  568  584  610  650  659  661  680  685  686  687  703  733  746  780  798  800  820  822  830  847  858  862  863  870  879  882  898  901  903  907  912  917  920  924  928  948  955  956  965  979  985  986  1003  1023  1037  1054  1057  1058  1067  1081  1083  1095  1101  1106  1118  1135  1151  1158  1160  1165  1168  1171  1174  1185  1205  1215  1221  1222  1243  1262  1273  1282  1286  1288  
3  49  71  89  95  106  107  111  126  159  162  163  166  170  244  257  271  272  275  276  282  295  310  325  329  333  341  346  350  356  360  363  371  381  386  396  400  409  418  435  439  440  452  453  455  482  485  493  500  501  519  523  529  531  538  554  556  557  560  566  572  575  583  595  596  599  620  623  624  640  649  659  665  676  680  686  688  701  712  718  719  733  746  763  765  808  812  813  820  823  836  847  848  854  858  863  865  871  872  874  889  891  894  900  901  907  912  932  943  974  978  979  998  1014  1025  1028  1033  1036  1045  1052  1058  1068  1082  1083  1099  1114  1135  1155  1161  1167  1170  1174  1179  1189  1195  1214  1215  1228  1242  1243  1250  1252  1253  1280  1285  1286  1292  
2  9  34  40  46  47  54  63  71  74  81  90  93  105  111  121  129  147  161  170  176  181  187  193  206  216  218  226  259  271  276  282  283  289  292  296  301  310  317  344  356  357  361  363  373  376  381  386  404  439  447  464  471  507  521  530  531  554  563  567  575  578  580  587  590  596  606  612  640  644  647  659  684  686  699  704  718  733  743  750  755  758  762  766  769  773  777  793  794  800  806  808  813  820  824  825  827  840  847  855  862  863  882  890  891  901  908  927  928  943  944  948  960  965  968  979  981  986  990  1014  1025  1026  1033  1034  1036  1054  1058  1067  1068  1084  1087  1090  1094  1103  1108  1125  1136  1164  1187  1189  1200  1206  1214  1220  1221  1242  1243  1250  1252  1260  1270  
18  29  61  67  74  93  113  116  129  141  153  163  166  168  177  208  215  257  271  275  310  319  350  351  356  376  404  414  419  422  434  453  454  493  500  501  507  510  521  529  531  534  583  587  598  600  604  620  626  639  647  657  670  674  681  686  691  699  708  718  723  724  725  728  733  750  766  780  800  803  809  823  845  847  854  863  866  879  887  894  901  908  925  928  939  955  965  980  986  1014  1015  1031  1033  1036  1052  1068  1077  1080  1082  1090  1094  1099  1106  1108  1135  1137  1166  1174  1180  1189  1196  1197  1214  1219  1228  1234  1252  1268  1273  1282  1283  1287  
14  18  54  74  75  93  103  108  121  136  142  163  166  181  213  215  218  234  271  275  276  282  295  341  344  350  356  359  376  381  390  409  420  465  492  501  507  529  531  554  568  590  596  622  650  657  672  686  724  725  733  765  773  777  780  808  809  812  814  847  854  866  869  885  901  908  965  978  979  998  1028  1031  1034  1050  1054  1068  1077  1083  1090  1108  1114  1115  1126  1166  1167  1174  1183  1187  1214  1250  1283  
121  218  229  257  271  275  282  295  344  350  355  374  381  389  501  507  529  541  583  607  614  622  699  724  733  742  746  800  808  809  812  829  847  854  863  866  877  901  903  908  943  944  979  1015  1034  1036  1047  1068  1083  1090  1141  1158  1166  1183  1201  1221  1228  1243  1250  1268  1283  1290  
107  121  147  163  185  202  271  275  282  319  344  350  364  381  500  507  522  534  609  686  691  697  733  747  754  780  800  808  809  812  823  829  840  847  854  863  866  901  908  955  1033  1034  1068  1076  1090  1137  1158  1166  1189  1214  1228  1243  1268  1286  
75  113  115  121  271  275  282  295  350  356  399  501  507  561  596  607  733  739  750  780  793  800  830  847  848  854  863  901  908  912  947  979  1068  1140  1214  1228  1237  1290  
103  163  271  275  276  282  295  350  389  507  564  614  686  697  733  780  793  800  817  847  901  908  960  1033  1034  1036  1068  1219  1228  
75  271  275  282  350  374  507  553  596  733  739  750  780  793  800  847  854  867  901  908  979  1034  1036  1068  1087  
75  271  275  282  350  507  531  686  697  733  780  793  800  847  854  901  908  1021  1033  1090  1228  
271  275  282  295  350  507  553  686  733  739  780  793  800  847  854  901  908  1036  1068  1228  
121  271  275  282  350  507  596  733  739  776  780  793  800  847  854  901  908  1021  1068  1157  1228  
121  275  282  350  609  733  739  776  793  847  854  901  908  1021  1068  1082  1228  
121  198  275  507  553  609  686  733  776  780  793  800  847  901  908  1068  1157  
121  271  275  350  553  609  793  847  854  901  1021  1068  1157  1228  
121  275  507  553  609  686  776  780  793  847  901  1021  1068  1157  
275  282  350  507  553  609  739  793  847  901  1021  1068  1228  
121  271  350  733  776  780  793  847  901  908  1021  1157  1172  
190  275  282  507  553  609  733  780  847  854  1068  1228  
275  350  507  739  793  901  908  967  1021  1128  1157  
119  271  282  363  553  746  780  847  897  901  951  
85  103  179  189  591  686  727  733  746  793  800  847  848  898  996  1005  1015  1155  1171  1176  
108  190  339  361  426  517  551  609  633  669  732  739  746  777  794  800  804  809  854  907  955  961  992  995  1000  1050  1076  1118  1141  1171  1194  1238  1273  1279  
57  88  93  121  131  193  203  206  281  335  344  381  528  602  624  665  680  718  735  769  793  817  830  858  879  952  959  965  1009  1019  1022  1047  1049  1068  1071  1090  1113  1125  1132  1157  1161  1215  1225  1249  1258  
68  89  121  166  182  271  275  312  336  363  364  385  406  500  511  517  540  554  580  690  718  722  727  754  765  766  794  796  798  813  814  823  848  851  864  867  884  894  911  912  947  957  965  978  987  996  1004  1008  1013  1015  1019  1033  1062  1063  1068  1074  1080  1087  1101  1108  1167  1171  1179  1209  1228  1253  1258  1277  1283  1285  
0  3  27  33  61  64  71  103  106  107  116  141  170  179  187  192  210  219  223  275  282  290  293  314  318  321  382  409  429  449  476  507  521  551  554  558  568  575  579  610  636  640  655  673  684  686  699  701  740  743  744  747  766  769  770  787  809  822  826  840  856  868  883  901  906  944  948  963  965  972  975  979  1029  1043  1051  1057  1067  1083  1104  1108  1117  1119  1134  1158  1174  1194  1199  1221  1228  1233  1242  1259  1265  1286  1289  1292  
