4  7  43  59  65  71  83  100  106  151  183  184  190  194  202  205  207  209  247  296  309  314  317  319  321  325  347  359  360  375  398  399  400  411  423  443  449  456  470  473  501  513  520  544  567  606  612  641  644  648  680  693  700  703  746  748  749  757  765  771  774  777  824  827  828  865  866  874  880  881  893  900  905  910  928  940  943  981  984  994  997  1000  1019  1020  1038  1048  1059  1073  1075  1087  1108  1114  1133  1134  1143  1146  1152  1161  1162  1163  1175  1204  1221  1229  1234  1238  1254  1281  
59  65  83  106  183  184  194  244  255  296  309  313  314  325  347  396  398  400  407  411  419  423  520  537  612  641  644  648  656  659  693  703  723  746  757  765  766  771  775  777  808  827  828  866  873  874  880  881  893  900  905  910  919  928  940  943  981  993  994  997  1000  1019  1020  1038  1051  1059  1070  1086  1090  1091  1105  1108  1132  1133  1134  1143  1152  1161  1175  1204  1229  1234  1254  
59  65  74  153  183  184  244  295  309  325  398  400  411  423  612  644  648  724  757  765  766  771  777  828  865  880  881  905  909  928  940  943  946  994  997  1000  1019  1048  1051  1052  1054  1059  1074  1148  1161  1175  1221  1229  1252  1294  
59  65  183  309  314  320  325  400  443  492  644  648  720  757  765  771  827  828  881  909  946  959  994  997  999  1000  1019  1048  1054  1074  1106  1175  1202  1229  1294  
59  309  314  400  612  765  771  774  827  881  882  946  993  999  1000  1073  1175  1229  
59  183  309  314  720  765  827  828  881  940  994  999  1020  1175  1229  
59  183  309  314  419  765  827  881  940  994  999  1175  1229  
59  183  309  314  419  720  827  881  940  966  994  999  1175  1221  1229  
59  183  309  314  419  720  765  773  827  881  940  994  999  1020  1175  1221  1229  
59  183  309  314  419  720  765  827  940  994  999  1175  1221  1229  
59  183  309  314  419  696  765  940  994  999  1175  1229  
59  183  309  314  363  765  881  940  994  999  1175  1229  
59  183  309  696  765  827  847  881  940  994  999  1074  1175  1229  
59  183  309  606  607  827  847  881  940  994  1175  1229  1236  
309  314  363  827  847  881  999  1128  1175  1182  1290  
314  633  746  881  940  999  1128  1182  1236  
99  150  189  294  411  526  633  638  746  765  800  940  1182  1208  1262  1267  
99  129  160  242  296  321  329  335  360  411  521  633  638  659  665  712  718  798  799  800  853  891  893  907  918  920  938  962  979  994  1005  1006  1019  1043  1080  1087  1128  1188  1208  1214  1218  1262  1267  
35  65  70  72  87  98  111  135  138  141  189  190  203  254  275  292  294  321  364  376  396  459  462  494  521  537  542  558  561  626  633  638  640  653  692  718  741  746  766  791  799  800  808  813  845  853  862  868  893  908  938  956  965  1019  1028  1033  1035  1048  1059  1073  1075  1082  1094  1101  1127  1134  1140  1154  1161  1177  1188  1191  1238  1252  1257  1258  1260  1262  1267  1277  1281  1292  
22  31  65  83  90  92  99  102  107  111  118  150  165  189  194  196  242  244  251  283  288  290  301  321  329  334  336  357  360  366  377  379  385  389  392  404  406  438  450  489  494  502  521  524  535  537  544  551  567  611  626  644  657  666  676  682  688  690  694  696  718  725  734  743  746  747  766  771  780  782  797  818  824  830  836  841  848  865  866  871  874  890  893  902  916  918  920  927  938  955  956  958  972  997  1005  1006  1012  1025  1037  1048  1051  1059  1068  1073  1094  1113  1119  1127  1140  1146  1161  1162  1168  1171  1173  1174  1177  1183  1200  1203  1204  1208  1235  1246  1281  1287  1289  1294  
8  26  28  45  64  65  71  77  86  87  103  109  121  151  152  154  155  156  161  168  169  175  176  184  194  201  202  217  232  235  243  253  254  273  275  285  324  335  344  347  352  355  359  372  377  378  379  391  392  400  403  411  417  423  427  443  462  467  478  483  485  493  501  502  513  514  520  523  525  526  536  544  550  558  567  568  598  603  622  625  635  640  644  646  650  655  659  662  670  680  685  688  696  705  712  730  734  735  740  741  749  755  765  766  771  772  789  790  807  808  813  827  832  833  850  860  862  867  873  884  900  902  905  909  919  925  928  946  956  973  981  994  997  1005  1006  1010  1019  1038  1047  1052  1055  1058  1059  1063  1077  1088  1091  1092  1101  1105  1108  1114  1119  1150  1151  1159  1161  1192  1200  1202  1203  1210  1213  1216  1228  1238  1247  1251  1255  1259  1264  1267  1273  1282  1283  
0  7  11  26  30  39  43  59  62  65  70  71  72  83  86  100  102  104  107  111  117  130  131  139  161  163  172  173  178  181  184  202  209  216  220  222  225  246  267  273  286  290  291  294  295  308  313  318  322  332  333  352  353  359  360  363  369  375  394  398  400  408  411  419  423  429  435  440  443  453  454  460  463  469  476  479  489  492  499  510  516  527  535  544  551  561  563  577  580  606  612  615  616  625  632  640  644  646  656  680  687  692  693  700  703  717  730  738  741  746  748  750  765  778  784  809  828  861  864  865  866  869  881  884  888  890  893  894  905  906  909  910  912  915  919  934  940  949  954  964  966  973  976  985  993  998  1000  1003  1019  1020  1035  1038  1044  1051  1057  1058  1059  1063  1070  1074  1075  1087  1092  1093  1097  1102  1104  1111  1132  1134  1138  1139  1142  1143  1146  1161  1162  1163  1165  1170  1175  1178  1185  1194  1210  1228  1232  1234  1239  1248  1267  1272  1282  
47  56  65  83  86  100  106  111  129  145  151  160  178  183  184  202  205  206  224  227  237  259  267  269  273  275  279  281  297  309  310  314  319  321  325  333  336  346  347  352  371  398  400  404  407  423  429  443  451  461  462  473  479  481  482  484  487  500  513  540  544  562  572  594  596  625  626  630  633  637  640  644  645  646  653  655  659  663  672  674  680  700  703  736  738  741  746  749  757  765  771  774  776  777  784  816  824  827  828  830  838  848  861  868  873  880  881  884  893  900  905  909  920  943  945  959  960  966  979  984  993  994  997  1000  1003  1005  1019  1020  1038  1048  1054  1059  1070  1093  1106  1108  1113  1114  1132  1133  1134  1139  1143  1146  1161  1166  1175  1176  1182  1218  1229  1249  1254  1272  1283  1291  1294  
4  11  19  25  43  46  47  58  59  60  65  70  83  100  106  126  140  145  150  151  168  183  184  211  275  283  288  296  305  309  310  314  319  322  325  347  360  364  373  375  396  398  400  411  422  423  443  444  449  470  473  478  479  501  504  513  544  554  563  565  570  625  644  650  666  676  678  680  692  698  700  723  739  757  765  766  777  778  818  827  861  865  866  869  874  881  893  900  905  919  928  934  943  954  967  984  993  994  997  1000  1019  1020  1038  1054  1059  1061  1070  1073  1075  1079  1087  1090  1106  1108  1114  1116  1121  1134  1143  1152  1161  1163  1174  1175  1176  1184  1199  1204  1238  1240  1254  1279  1281  1294  
13  59  65  83  88  103  106  114  151  178  183  202  205  211  224  235  301  309  313  317  325  347  352  392  396  398  400  411  419  423  449  456  470  492  501  504  510  513  520  544  545  559  570  629  648  653  674  703  723  734  748  765  766  771  777  789  808  827  828  860  865  866  880  881  884  893  900  905  910  915  919  928  940  943  954  984  992  993  994  997  1000  1019  1020  1038  1041  1051  1059  1073  1075  1087  1090  1105  1106  1108  1122  1132  1133  1134  1138  1143  1148  1152  1161  1162  1163  1175  1176  1204  1228  1229  1234  1267  1294  
59  65  70  114  166  169  180  183  184  190  194  196  244  294  295  296  309  314  325  347  359  364  398  400  411  423  444  454  470  504  521  537  544  591  612  631  641  644  648  681  723  765  766  768  771  777  784  789  824  827  828  866  872  874  881  900  905  915  919  928  934  943  959  984  994  997  1000  1019  1020  1038  1054  1075  1108  1134  1141  1143  1155  1175  1204  1229  1234  1254  
59  65  92  153  183  184  211  309  347  379  398  400  423  505  523  544  612  644  648  661  725  746  765  771  777  809  827  830  880  881  905  909  928  940  945  946  959  994  997  999  1000  1005  1013  1019  1020  1048  1051  1054  1106  1108  1133  1134  1161  1162  1175  1204  1210  1226  1229  1246  1294  
59  60  65  70  183  309  379  400  419  423  612  648  724  757  765  771  777  779  827  861  881  905  940  943  959  994  997  1000  1054  1059  1108  1175  1202  1229  
59  183  309  310  314  341  400  681  720  734  765  766  807  827  828  861  865  881  994  1020  1054  1106  1175  1229  
59  309  314  765  774  807  827  881  882  940  946  994  999  1000  1106  1175  1229  
59  183  309  314  765  774  827  828  881  940  946  994  999  1020  1175  1229  
59  183  309  314  419  720  765  773  827  881  940  994  999  1175  1229  
59  183  309  314  419  720  765  827  881  940  994  999  1020  1175  1221  1229  
59  183  309  314  419  765  827  881  940  994  999  1167  1175  1221  1229  
59  183  309  314  419  765  774  881  940  994  999  1167  1175  1221  1229  
59  183  309  314  696  720  765  881  940  994  999  1175  1221  1229  
59  183  309  314  419  765  774  827  847  881  940  994  999  1175  1182  1229  1290  
59  183  309  314  606  607  720  765  881  940  994  999  1175  1182  1229  1236  1290  
183  309  314  765  774  827  881  940  994  999  1074  1100  1128  1175  1182  1236  1290  
59  183  314  335  606  607  633  800  827  847  881  940  994  999  1074  1128  1182  1236  1262  
72  163  189  314  321  324  411  522  633  718  746  765  800  827  847  882  893  989  1048  1074  1099  1100  1128  1182  1208  1236  1262  
72  84  87  98  99  102  107  129  150  160  194  203  205  217  242  321  335  363  430  470  491  492  494  521  535  633  638  659  665  707  712  718  746  765  773  778  788  799  800  815  832  853  893  907  916  920  938  956  979  1005  1006  1009  1048  1087  1128  1134  1154  1177  1203  1208  1221  1236  1262  
27  34  58  60  72  82  87  98  99  102  107  124  150  151  168  173  183  189  190  193  194  198  203  217  223  225  233  242  247  275  293  294  313  319  321  324  358  360  368  377  380  396  411  418  436  457  459  462  467  486  494  500  505  511  521  522  526  533  542  561  576  577  584  585  612  629  638  640  650  653  681  692  698  706  707  712  718  727  742  746  764  766  785  791  799  800  808  813  828  862  865  869  874  893  911  916  919  920  923  949  956  962  963  965  991  992  998  1009  1016  1019  1021  1026  1028  1033  1037  1053  1059  1073  1076  1080  1087  1089  1094  1099  1100  1105  1108  1113  1119  1120  1127  1131  1137  1140  1146  1154  1177  1182  1188  1191  1203  1208  1213  1223  1226  1228  1231  1234  1262  1266  1267  1272  1277  1281  1294  
2  4  11  22  23  24  25  36  39  45  58  64  65  67  68  72  77  84  92  102  106  107  111  112  114  116  118  125  129  150  152  156  165  166  170  173  182  184  189  192  194  202  203  205  212  217  222  227  237  242  243  248  256  258  261  265  273  274  277  288  291  293  300  309  314  317  319  321  325  329  343  344  346  352  355  364  365  372  378  385  387  392  400  405  406  409  413  418  419  428  436  440  452  456  457  458  465  470  476  478  480  482  483  484  491  492  493  495  504  509  513  527  536  537  540  544  547  554  561  565  567  577  592  593  594  596  600  606  607  609  613  623  626  633  644  646  648  653  654  659  669  671  674  676  680  687  691  692  693  697  707  711  712  717  719  736  740  746  748  755  771  773  776  778  779  782  784  790  793  794  796  799  808  815  822  824  828  830  833  837  841  847  849  854  860  861  864  865  872  874  884  888  889  900  901  910  911  914  918  919  920  923  925  935  938  940  946  948  950  954  958  959  960  968  977  979  989  994  998  1000  1002  1003  1005  1006  1007  1012  1013  1015  1016  1019  1022  1027  1038  1047  1048  1054  1057  1059  1063  1073  1075  1077  1079  1081  1088  1108  1113  1119  1120  1121  1123  1133  1146  1148  1157  1158  1164  1166  1171  1173  1174  1175  1177  1189  1191  1199  1200  1202  1204  1207  1210  1218  1221  1226  1228  1230  1232  1236  1243  1246  1261  1267  1268  1269  1273  1275  1279  1281  1283  1284  1287  1288  
0  2  7  12  19  21  22  28  35  40  50  56  57  59  65  70  71  74  83  86  100  103  106  109  111  114  117  118  129  130  141  146  150  151  152  156  162  163  173  183  184  194  196  200  202  206  207  216  217  220  221  222  223  225  232  233  235  243  244  247  253  254  260  265  267  273  275  276  283  288  294  295  296  305  313  314  316  325  334  337  338  347  357  359  360  361  364  365  376  378  389  396  398  400  401  403  404  409  411  417  418  423  429  443  453  456  457  459  460  463  473  478  479  480  482  485  487  491  492  494  498  506  508  513  520  521  523  526  540  542  544  547  559  560  573  584  589  622  625  630  631  633  644  648  650  651  656  666  667  680  692  694  696  698  699  700  703  705  713  714  719  720  727  741  742  744  748  749  757  760  765  771  774  777  781  816  824  827  843  851  865  866  880  883  884  885  888  893  900  903  905  909  910  912  915  919  928  934  939  940  943  949  954  960  966  967  976  993  994  997  1000  1005  1019  1029  1034  1038  1039  1041  1044  1057  1059  1065  1073  1075  1093  1100  1108  1113  1115  1123  1125  1143  1146  1154  1161  1163  1168  1173  1175  1176  1183  1184  1187  1190  1194  1200  1202  1204  1210  1214  1226  1228  1229  1232  1234  1236  1237  1247  1251  1254  1267  
7  19  24  32  43  59  62  65  74  83  90  100  117  120  151  173  179  183  184  190  194  202  205  207  215  225  233  234  235  262  275  286  288  294  295  305  309  314  317  319  321  324  325  333  334  347  352  356  360  363  366  392  398  399  400  404  411  419  423  429  438  443  449  453  456  458  459  470  473  478  482  487  492  494  520  544  547  551  559  563  572  577  589  606  612  626  629  640  641  642  644  645  648  650  656  663  670  674  678  692  693  696  700  703  728  739  741  746  748  753  765  771  774  779  784  824  827  828  833  843  864  865  874  880  881  884  893  900  905  907  909  910  919  928  935  943  954  959  981  997  998  1000  1003  1005  1013  1019  1020  1035  1038  1048  1057  1059  1075  1097  1108  1114  1120  1121  1123  1131  1134  1143  1152  1161  1163  1175  1182  1228  1234  1246  1254  1271  1291  1294  
4  17  59  65  140  151  153  183  184  190  194  202  205  222  234  256  260  275  283  295  296  309  313  314  317  324  325  333  347  352  355  360  379  398  400  423  434  443  445  461  470  473  479  491  494  501  504  520  523  535  544  559  567  593  606  612  644  648  656  673  674  680  693  703  720  746  749  757  765  771  777  778  789  824  827  828  843  866  873  874  880  881  884  893  900  905  909  919  928  934  940  943  946  954  984  992  994  997  1000  1005  1019  1020  1048  1059  1073  1075  1090  1108  1134  1143  1152  1156  1161  1163  1173  1175  1202  1210  1221  1228  1234  1254  1267  1294  
7  46  56  59  65  71  83  86  106  163  166  183  184  194  202  244  283  301  305  309  314  317  325  347  359  364  366  369  398  400  411  423  459  481  513  542  544  559  563  596  606  612  622  625  640  644  648  653  656  659  662  680  698  700  746  757  765  771  774  777  808  824  827  828  865  866  867  874  880  881  893  905  908  910  919  921  928  940  943  955  957  967  978  981  984  993  994  997  1000  1019  1020  1038  1048  1059  1073  1104  1105  1108  1113  1132  1133  1134  1143  1152  1161  1175  1210  1229  1234  1291  
34  59  65  86  157  183  184  294  295  309  314  396  398  400  411  423  449  470  479  501  513  520  606  612  640  644  648  700  713  723  724  746  749  765  766  771  827  828  880  881  893  905  909  919  928  940  943  959  966  994  997  1000  1013  1019  1048  1051  1054  1059  1075  1090  1093  1108  1116  1140  1161  1175  1229  1254  1279  1294  
59  65  162  166  183  244  283  285  347  377  398  400  411  423  443  641  648  653  697  724  765  766  771  777  827  865  881  884  905  910  921  928  940  943  957  959  993  994  997  1000  1020  1051  1053  1054  1059  1073  1074  1114  1134  1138  1143  1175  1229  1234  1279  1294  
