10  16  37  63  75  80  82  91  103  104  113  117  123  146  182  190  208  254  273  288  294  313  315  320  329  348  359  367  373  378  384  385  394  400  432  487  521  536  545  552  562  568  569  621  635  638  649  659  664  671  677  683  692  718  730  731  739  740  743  752  754  762  766  781  784  791  807  808  811  814  839  852  857  865  866  872  882  892  908  919  922  943  965  969  975  1004  1006  1010  1011  1030  1036  1037  1060  1061  1073  1076  1089  1109  1131  1132  1150  1164  1168  1171  1172  1183  1198  1206  1207  1209  1218  1235  1240  1245  1247  1256  1263  1287  
37  63  75  82  90  91  105  113  123  146  190  235  254  288  294  319  348  359  384  385  394  400  404  487  524  530  536  562  568  602  621  623  635  647  659  664  671  677  730  732  739  755  781  784  802  808  811  814  838  840  857  863  865  866  872  892  908  911  919  922  931  943  975  1006  1010  1011  1030  1036  1037  1041  1060  1109  1121  1132  1150  1171  1172  1186  1197  1198  1206  1207  1208  1240  1245  1256  
75  113  117  190  203  237  288  384  400  487  520  524  536  559  562  602  611  621  623  624  635  647  652  659  671  677  712  730  731  739  781  784  786  791  797  802  808  814  832  838  857  865  866  872  908  911  939  1006  1030  1036  1037  1060  1084  1132  1171  1172  1186  1198  1206  1207  1240  
75  113  144  153  203  288  384  385  400  404  524  536  562  623  635  647  659  671  677  712  730  739  769  781  784  802  811  814  838  866  882  902  908  962  965  1006  1030  1036  1060  1118  1128  1131  1132  1163  1171  1186  1206  1208  1240  1284  1287  
113  190  203  288  294  338  384  404  524  548  562  635  652  677  712  722  730  739  766  781  802  865  866  892  911  919  965  976  1006  1037  1060  1090  1109  1132  1186  1197  1206  1240  1284  
72  113  144  190  288  384  524  530  562  649  652  677  739  811  832  857  865  866  908  919  965  973  976  1006  1030  1055  1060  1132  1186  1197  1206  1240  1245  1284  
72  153  288  384  521  524  530  587  739  811  832  865  866  908  919  962  973  976  1030  1060  1132  1186  1197  1240  1245  
288  384  404  524  652  739  832  865  866  919  973  1030  1075  1109  1132  1186  1191  1197  1240  1245  
288  294  384  404  524  559  652  739  866  919  973  1030  1132  1163  1186  1191  1206  1240  
288  294  373  384  404  524  739  866  919  973  1030  1132  1186  1240  1245  
288  373  384  524  649  739  866  1132  1186  1240  1245  
288  384  524  739  866  1132  1186  1240  1242  1245  
288  384  404  524  530  739  866  973  1132  1186  1240  1245  
128  288  384  521  524  530  559  652  739  866  919  1030  1132  1186  1191  1240  
288  384  524  739  866  973  1030  1132  1186  1191  1235  1240  
288  294  384  524  530  587  739  866  911  920  973  1127  1132  1186  1240  1245  
72  288  559  649  739  757  857  866  965  973  974  1001  1055  1127  1163  1186  1189  1191  1240  1243  
134  289  294  384  385  521  559  587  649  650  703  757  773  811  832  865  920  973  1001  1019  1055  1081  1109  1135  1163  1189  1242  
135  288  294  373  385  404  521  525  539  559  650  702  703  740  756  757  811  866  911  974  1001  1030  1033  1055  1081  1100  1109  1135  1163  1189  1191  1206  1241  1242  1243  1251  1261  
65  72  144  153  191  289  301  385  486  524  650  652  659  703  730  740  757  822  857  861  929  965  973  979  986  1033  1035  1055  1087  1109  1127  1133  1150  1163  1183  1189  1192  1202  1206  1243  
139  154  203  288  294  296  329  376  404  525  537  544  559  587  604  641  650  677  703  712  734  740  811  813  832  876  882  911  920  927  974  981  1001  1030  1037  1040  1055  1087  1101  1109  1122  1129  1132  1138  1187  1192  1197  1241  1243  1245  1259  
48  88  144  212  273  310  320  327  329  344  385  392  404  429  486  521  524  535  606  612  650  652  694  724  730  747  757  766  784  801  806  813  865  882  919  927  958  965  973  974  1012  1055  1084  1133  1135  1163  1176  1186  1191  1192  1204  1206  1209  1230  1243  1261  
60  61  63  72  128  144  145  148  153  156  190  288  301  329  373  384  431  509  514  532  537  548  562  588  635  677  707  730  768  773  782  808  811  815  820  825  830  865  867  871  892  911  919  965  969  974  1007  1012  1030  1037  1089  1122  1132  1135  1138  1150  1155  1169  1189  1191  1206  1240  1241  1245  1252  1261  1285  
40  42  67  92  113  153  256  283  289  294  313  327  348  349  384  387  427  521  537  549  587  602  634  644  649  652  659  674  677  730  739  740  752  766  781  789  802  811  838  857  865  866  873  909  922  927  932  948  962  973  1030  1037  1040  1078  1081  1084  1129  1130  1132  1177  1182  1184  1186  1187  1197  1198  1204  1235  1237  1240  1242  1261  1262  
72  75  88  99  113  114  144  145  288  289  295  322  329  335  344  359  373  384  385  404  480  548  549  562  629  638  649  657  671  677  712  730  731  739  740  745  773  778  784  792  800  811  814  815  835  852  855  866  905  909  911  919  923  962  965  976  981  1001  1015  1030  1036  1037  1059  1060  1073  1076  1089  1096  1100  1113  1132  1150  1175  1186  1191  1204  1207  1229  1237  1240  1242  1252  1256  1275  1284  1289  
91  97  99  113  123  153  190  203  283  288  294  295  327  338  373  384  385  404  462  486  487  530  535  562  571  587  611  635  649  659  677  682  703  730  739  740  781  784  791  794  802  813  854  857  865  866  867  892  906  908  912  931  965  1023  1030  1036  1049  1060  1073  1090  1150  1183  1198  1204  1206  1209  1230  1240  1241  1242  1258  1261  1262  
80  113  123  150  153  203  212  288  294  329  341  373  384  404  413  487  521  541  562  587  609  623  634  635  649  652  674  677  712  730  739  797  802  811  832  838  857  865  866  867  876  908  909  911  919  930  943  965  976  1036  1037  1058  1060  1147  1149  1186  1191  1197  1204  1206  1230  1240  1242  1252  1262  1284  
72  108  111  113  144  148  153  288  315  373  384  394  404  443  524  530  557  559  562  601  621  634  652  657  659  671  692  727  730  739  769  784  802  811  813  855  857  865  866  889  911  962  965  974  984  1001  1006  1030  1041  1060  1103  1129  1132  1186  1198  1206  1237  1240  1242  1245  1262  1263  1284  
113  145  156  288  294  367  373  384  404  524  530  532  562  568  587  644  652  671  730  739  768  781  784  820  822  832  857  866  909  911  919  941  1006  1030  1037  1049  1060  1132  1144  1163  1176  1186  1197  1235  1240  1245  1261  1279  1284  
72  91  113  144  156  190  288  384  404  405  486  524  606  635  649  652  739  797  808  811  838  857  865  866  911  919  922  973  1030  1049  1060  1109  1132  1163  1186  1191  1207  1209  1230  1240  1245  
154  288  373  384  521  524  562  634  644  652  712  739  802  811  832  865  866  908  919  962  1006  1030  1036  1049  1055  1132  1186  1206  1209  1240  1242  1252  1261  1284  
153  190  288  294  384  404  521  524  559  644  649  739  759  811  865  866  911  919  973  1030  1074  1101  1129  1132  1186  1197  1240  1245  1263  
128  190  288  384  524  634  635  652  705  739  811  865  911  919  976  1030  1084  1129  1132  1155  1186  1206  1209  1240  
288  373  384  521  524  652  739  855  857  865  866  919  1030  1084  1132  1186  1240  1245  1263  
288  373  384  524  587  652  739  866  919  973  1030  1132  1186  1240  1245  
72  288  294  384  524  530  649  652  739  866  909  919  973  1030  1076  1132  1186  1206  1240  1245  
288  384  404  524  739  832  866  1030  1132  1186  1240  1242  
288  384  404  524  530  548  587  649  739  811  832  866  973  1084  1132  1186  1240  1245  
72  288  384  524  652  739  778  866  1132  1186  1191  1197  1206  1240  1245  
288  294  384  524  530  587  739  866  1030  1055  1132  1186  1240  1242  
72  384  649  739  866  973  1001  1027  1109  1132  1186  1191  1240  1245  
128  163  288  373  384  524  587  652  757  866  965  1055  1100  1132  1163  1186  1240  1242  
153  203  288  294  404  521  559  587  703  739  857  1001  1030  1109  1135  1186  1189  1191  1240  1245  
154  212  373  385  524  559  652  659  672  677  832  911  965  973  974  1033  1055  1163  1189  1191  1206  1289  
72  134  135  144  146  153  288  384  404  524  525  559  602  606  740  813  857  866  923  929  965  1001  1030  1055  1081  1109  1127  1132  1135  1150  1152  1163  1207  1235  1243  1245  1268  
203  288  289  294  373  486  524  525  535  544  652  703  739  759  812  832  857  866  911  1001  1016  1019  1027  1040  1042  1070  1073  1089  1098  1100  1109  1116  1147  1163  1170  1188  1189  1192  1196  1198  1206  1261  1285  
40  72  143  145  212  288  303  320  329  351  374  384  385  394  429  445  520  521  536  548  559  572  611  637  649  652  730  740  771  799  811  813  815  842  857  866  915  941  946  958  965  974  992  1026  1027  1030  1033  1055  1073  1076  1084  1093  1109  1133  1135  1152  1176  1186  1189  1202  1209  1245  1261  
67  123  139  144  146  186  227  283  289  294  299  322  343  344  369  384  385  425  521  544  560  587  602  641  650  659  677  731  734  740  754  761  788  811  832  865  866  871  876  879  892  898  919  925  929  1001  1037  1038  1059  1081  1090  1115  1124  1129  1131  1138  1150  1169  1186  1187  1191  1196  1223  1240  1241  1242  1271  1285  
72  75  80  123  135  167  189  190  202  203  297  313  317  320  346  374  404  476  497  506  519  540  541  545  582  587  592  607  621  692  703  705  714  727  730  739  740  745  755  759  768  808  811  812  817  838  857  865  866  919  954  958  959  1001  1027  1036  1037  1051  1054  1061  1077  1086  1101  1129  1145  1187  1191  1197  1198  1199  1202  1204  1230  1235  1237  1240  1241  1277  
21  40  48  62  65  70  83  91  105  123  128  190  191  207  279  288  292  294  316  335  385  394  400  430  530  550  569  611  624  635  659  677  688  731  753  754  771  776  781  784  808  811  812  814  822  831  832  840  855  858  865  889  892  896  906  911  918  919  923  939  942  943  955  965  972  974  983  1009  1023  1055  1056  1060  1073  1091  1101  1111  1140  1183  1188  1189  1191  1198  1206  1230  1240  1252  1256  1295  
