68  72  85  95  102  107  112  131  141  145  162  176  190  222  234  258  273  292  303  316  329  336  348  352  382  389  414  425  490  508  509  513  524  525  535  536  582  589  622  623  629  655  669  691  712  749  766  768  769  786  789  801  831  836  845  862  864  894  949  953  960  961  988  1002  1012  1014  1015  1017  1030  1044  1046  1047  1070  1086  1100  1106  1122  1124  1130  1134  1140  1152  1155  1184  1188  1205  1208  1229  1246  1257  1272  
68  72  85  95  102  107  129  131  139  141  145  258  273  303  329  336  348  357  382  389  490  508  525  534  589  666  669  690  691  712  749  766  769  845  862  864  871  894  925  949  953  960  988  1007  1012  1014  1015  1044  1046  1047  1080  1086  1100  1130  1134  1140  1184  1188  1205  1229  1246  1272  
72  85  102  129  131  141  155  270  273  322  329  336  389  486  508  524  525  534  627  666  669  712  749  766  871  914  925  934  949  953  960  961  1007  1012  1014  1015  1044  1046  1047  1079  1086  1100  1130  1134  1140  1152  1184  1188  1229  1246  1259  1272  
72  129  139  141  196  273  281  322  336  524  666  712  766  778  786  871  894  914  953  961  979  1007  1012  1014  1046  1047  1079  1130  1134  1140  1175  1184  1188  1229  1236  1246  1258  
72  129  131  196  273  322  336  696  766  778  840  894  914  925  953  979  1007  1012  1047  1086  1100  1130  1134  1184  1188  1192  1208  1236  1246  
72  196  273  322  336  655  766  778  786  840  894  914  953  979  1007  1012  1047  1134  1154  1184  1188  1236  1246  
72  196  273  322  524  669  708  719  773  778  840  894  914  953  1007  1012  1134  1188  1192  
72  196  273  322  655  778  840  894  914  953  1007  1012  1134  1188  1262  
72  196  273  322  376  655  778  953  1007  1012  1134  1188  
72  131  196  273  322  778  860  894  953  1007  1012  1033  1134  1188  
72  196  273  322  376  778  860  894  953  1007  1012  1033  1134  1188  
72  196  273  322  778  894  953  1007  1012  1033  1130  1134  1188  
72  196  273  322  778  860  894  953  1007  1012  1033  1076  1134  1188  
72  196  273  322  376  778  894  914  953  1007  1012  1022  1134  1188  
72  196  273  322  778  914  953  968  979  1007  1012  1033  1134  1188  
72  196  273  322  778  914  953  968  1007  1012  1134  1188  
72  196  273  322  827  948  953  1007  1012  1134  1188  
72  163  196  273  308  322  350  389  647  778  840  914  948  992  1007  1012  1033  1047  1134  1188  1270  
9  61  95  100  114  131  136  151  153  186  244  376  381  524  535  616  619  655  678  683  767  778  851  871  889  917  968  979  1002  1047  1061  1087  1101  1134  1143  1152  1160  1164  1188  1197  1206  1285  1291  
12  14  51  61  72  79  80  86  95  111  114  115  123  131  139  142  151  153  154  163  168  171  192  198  203  206  218  244  252  277  286  291  318  320  337  348  353  357  381  400  414  448  450  451  455  458  486  490  502  504  524  530  534  540  546  557  565  576  583  612  614  618  619  630  642  649  652  655  663  679  687  695  713  720  725  736  737  767  769  771  781  787  791  801  827  832  850  855  860  868  882  894  904  917  925  934  960  987  988  991  1002  1016  1022  1030  1033  1041  1045  1046  1047  1057  1082  1083  1089  1090  1098  1101  1110  1113  1124  1135  1143  1161  1163  1167  1184  1187  1193  1197  1201  1202  1206  1207  1215  1216  1245  1255  1256  1261  1270  1271  1276  1280  1285  
4  8  9  12  14  25  32  35  39  47  50  52  66  68  72  73  75  81  85  86  88  95  97  101  102  107  108  109  110  113  114  116  123  124  127  131  138  144  146  147  151  153  154  156  159  162  177  178  186  198  203  206  216  222  223  227  228  231  232  241  244  245  253  268  269  277  289  296  299  300  305  306  308  309  310  316  318  321  322  324  329  333  334  337  338  341  343  347  348  350  352  358  360  361  365  369  371  372  382  397  399  401  412  413  415  416  441  448  449  450  456  461  463  465  475  481  486  488  496  500  502  510  516  522  525  526  534  535  536  545  546  558  573  576  587  589  595  597  598  599  601  602  612  613  622  636  641  642  648  650  652  655  656  664  671  675  679  683  684  688  699  705  720  722  728  732  733  741  744  751  766  769  771  772  773  774  779  780  781  787  789  797  798  804  813  816  826  835  842  843  844  845  851  862  863  864  870  871  879  881  882  883  910  915  924  930  932  935  944  949  960  971  988  997  998  1001  1002  1008  1014  1015  1020  1022  1025  1026  1029  1033  1034  1047  1048  1049  1052  1062  1068  1070  1076  1079  1090  1093  1095  1100  1101  1109  1112  1118  1122  1126  1130  1137  1144  1146  1148  1149  1152  1153  1159  1161  1163  1164  1169  1180  1193  1195  1201  1203  1204  1206  1207  1211  1216  1217  1221  1222  1229  1242  1243  1244  1245  1255  1257  1261  1265  1269  1270  1272  1282  1284  1295  
1  9  10  19  24  27  28  30  37  40  41  42  52  59  68  69  79  85  86  88  89  94  95  102  104  107  113  121  122  127  131  145  162  167  170  171  176  181  183  188  191  211  218  224  228  232  233  241  257  260  264  265  269  270  273  274  277  285  287  292  298  300  303  305  313  318  324  329  336  341  348  357  358  366  368  370  372  374  388  389  403  406  408  416  423  424  426  428  429  433  435  436  440  448  450  458  460  462  464  469  470  473  480  483  488  490  491  504  505  509  513  518  522  523  527  534  535  546  548  554  571  573  576  578  582  584  587  589  590  613  614  623  625  627  629  641  646  662  663  666  667  671  677  681  689  691  696  699  700  701  713  719  720  722  728  732  734  740  741  745  749  750  753  762  769  771  786  787  789  794  800  801  806  807  811  826  829  831  835  839  842  843  848  850  851  854  855  863  866  873  879  886  894  901  915  917  920  924  925  926  944  953  955  960  961  962  967  968  969  979  980  988  998  1001  1002  1007  1010  1012  1014  1015  1017  1020  1024  1025  1029  1030  1033  1034  1039  1041  1044  1052  1057  1062  1069  1070  1074  1078  1079  1082  1103  1106  1121  1122  1124  1127  1130  1133  1137  1139  1140  1143  1144  1147  1154  1155  1159  1160  1162  1164  1165  1170  1172  1174  1175  1176  1181  1184  1188  1191  1193  1205  1207  1208  1219  1224  1225  1228  1234  1241  1242  1246  1251  1256  1257  1259  1263  1272  1280  1287  1293  
19  38  47  54  55  62  68  69  71  78  80  85  88  95  102  107  112  118  123  127  139  141  162  171  176  203  228  232  238  240  246  248  268  274  276  292  303  304  306  309  316  323  329  339  352  354  382  389  406  408  424  425  434  438  446  448  449  476  480  490  509  512  524  525  534  535  536  538  551  570  574  576  578  580  582  589  607  611  623  627  629  639  654  655  666  669  691  698  699  702  703  712  752  753  762  766  768  771  786  789  798  811  831  845  855  862  864  869  894  944  951  953  996  1002  1007  1012  1014  1017  1030  1043  1044  1047  1050  1074  1086  1103  1104  1106  1124  1130  1134  1135  1137  1140  1142  1145  1147  1152  1153  1160  1173  1174  1181  1184  1185  1188  1196  1205  1208  1212  1229  1241  1246  1261  1272  1287  
15  24  59  68  72  78  80  85  88  95  112  114  127  129  141  162  169  176  186  222  231  234  270  273  292  304  323  329  336  352  382  389  395  403  423  425  431  468  481  483  488  490  491  508  509  518  524  525  534  557  570  580  582  589  599  609  623  648  663  666  669  671  691  696  703  749  753  762  766  768  769  786  787  789  811  821  831  835  845  864  871  878  894  904  949  953  961  968  988  1012  1014  1015  1017  1022  1030  1044  1046  1047  1057  1070  1086  1100  1106  1122  1124  1127  1130  1133  1134  1152  1154  1155  1163  1174  1180  1184  1188  1195  1208  1210  1225  1229  1241  1246  1266  1272  1278  
68  72  85  102  129  139  145  190  196  232  258  273  306  336  348  352  382  389  438  486  490  513  524  525  534  535  571  582  589  620  622  646  655  666  671  678  690  691  699  703  712  726  749  757  766  769  778  780  786  801  831  836  845  855  862  864  871  882  894  917  925  949  953  961  1002  1007  1012  1014  1015  1025  1044  1046  1047  1065  1074  1080  1086  1100  1103  1106  1124  1130  1134  1140  1147  1184  1188  1205  1208  1229  1246  1257  1272  
2  68  72  85  95  102  112  129  131  141  222  270  273  277  303  322  336  348  354  382  389  508  524  525  534  589  669  712  749  766  768  786  862  871  915  925  949  953  960  996  1007  1012  1014  1015  1044  1046  1047  1079  1086  1100  1130  1134  1140  1152  1184  1188  1203  1229  1246  1259  1272  
72  102  112  129  131  139  141  196  273  322  336  524  525  534  583  589  666  690  712  749  766  773  778  787  871  894  953  961  1002  1007  1012  1014  1046  1047  1079  1080  1086  1130  1134  1140  1165  1184  1188  1229  1246  1272  
72  129  131  141  196  273  322  336  588  641  655  712  749  766  778  894  914  949  953  979  1007  1012  1044  1047  1086  1100  1130  1134  1184  1188  1219  1246  1272  
72  129  155  196  273  322  323  336  696  766  778  894  914  953  1007  1012  1047  1130  1134  1140  1154  1184  1188  1246  
72  196  273  322  719  762  766  778  840  894  914  953  1007  1012  1134  1188  1246  
72  196  273  773  778  840  894  914  953  979  1007  1012  1134  1188  1192  
72  196  273  322  376  778  840  953  1007  1012  1134  1188  
72  196  273  322  778  860  894  914  953  1007  1012  1033  1134  1188  
72  196  273  322  778  860  894  953  1007  1012  1033  1134  1188  
72  196  273  322  778  860  894  953  1007  1012  1033  1134  1188  
72  196  273  322  778  840  894  953  1007  1012  1076  1134  1188  
72  196  273  322  778  840  860  894  953  979  1007  1012  1134  1188  
72  196  273  322  778  860  894  953  968  979  1007  1012  1134  1188  
72  196  273  322  778  860  914  953  1007  1012  1134  1188  
72  196  273  322  914  948  953  1007  1012  1134  1188  
196  786  953  1012  1134  1188  1225  
95  114  786  914  992  1101  1134  1206  
95  100  153  206  291  381  490  510  516  524  551  630  767  801  816  968  1046  1047  1061  1197  1206  1207  1234  1280  1285  1291  
8  9  12  13  58  61  68  79  80  81  95  100  101  109  114  127  131  142  148  151  153  154  155  162  163  175  203  206  244  260  267  274  277  285  291  308  325  350  357  361  362  367  371  377  381  389  404  407  415  424  448  486  490  502  516  528  530  534  573  605  613  619  642  652  663  666  679  698  701  705  708  715  725  769  780  791  801  863  888  917  930  960  968  984  988  1002  1028  1034  1040  1046  1047  1082  1089  1090  1098  1110  1113  1124  1161  1163  1179  1180  1184  1187  1201  1206  1207  1216  1217  1223  1256  1261  1270  1272  1280  1285  
8  9  12  13  17  21  36  41  47  51  62  67  78  79  80  85  95  102  107  108  110  112  113  127  151  153  160  167  168  171  175  176  178  181  182  188  203  208  211  221  222  223  227  229  230  231  233  234  242  244  251  255  256  271  274  291  294  299  306  308  309  315  323  324  329  336  337  339  342  348  349  352  358  361  368  377  380  382  389  390  397  399  405  406  415  431  435  447  448  450  451  457  461  466  475  476  478  485  486  488  490  492  500  505  510  518  525  534  535  541  546  563  571  582  587  590  597  599  601  602  605  613  617  619  620  621  632  636  649  652  655  661  666  667  679  686  691  696  699  701  705  719  728  747  749  751  767  768  769  772  785  788  791  802  813  818  823  835  836  842  855  862  864  866  871  875  881  882  886  890  900  915  916  920  923  924  929  930  936  944  949  960  962  969  985  988  997  1002  1003  1007  1010  1015  1022  1034  1044  1046  1047  1067  1070  1073  1074  1078  1079  1082  1084  1090  1092  1100  1106  1122  1124  1126  1127  1130  1137  1140  1141  1142  1145  1146  1147  1153  1154  1155  1159  1161  1164  1165  1167  1169  1184  1186  1190  1193  1194  1196  1200  1204  1206  1207  1213  1217  1218  1224  1233  1241  1245  1247  1248  1254  1255  1256  1263  1270  1272  1280  1285  1287  1288  1293  
3  6  13  14  16  19  22  29  31  32  36  40  41  42  53  69  71  73  77  80  85  86  88  89  94  95  96  97  98  102  113  114  116  118  127  133  138  139  141  143  144  145  156  161  162  171  176  179  184  190  191  203  215  217  220  227  228  233  235  240  248  250  256  265  267  269  274  277  281  287  291  293  294  297  303  304  307  309  315  316  318  322  329  337  348  352  355  358  366  370  376  380  384  388  389  391  395  397  403  406  408  414  420  423  434  438  441  443  446  449  451  454  467  468  471  473  474  476  482  484  486  488  490  491  493  495  502  509  510  512  518  523  525  545  546  550  553  560  569  571  577  587  589  597  598  606  610  617  619  625  627  629  644  655  656  662  664  666  667  669  680  685  691  698  699  701  709  720  722  731  733  757  758  766  768  769  770  778  779  780  786  787  789  798  799  800  801  805  807  819  821  826  831  835  836  843  845  848  854  862  877  879  885  886  902  909  913  915  926  930  937  944  946  949  951  953  955  960  961  967  969  972  973  988  996  1002  1003  1007  1010  1012  1013  1014  1021  1024  1026  1044  1046  1057  1063  1065  1067  1069  1074  1079  1095  1100  1103  1117  1122  1124  1130  1132  1137  1138  1141  1142  1144  1146  1147  1148  1152  1159  1161  1164  1171  1172  1174  1179  1181  1184  1193  1196  1205  1207  1208  1210  1221  1225  1229  1232  1233  1246  1250  1251  1255  1257  1264  1268  1272  1277  1278  1285  1287  1293  
0  5  11  13  19  20  24  34  43  44  47  50  52  57  62  68  71  72  78  85  86  104  112  114  123  129  138  139  141  145  148  155  171  173  174  176  177  178  190  196  218  219  227  228  229  231  233  234  237  238  244  250  258  259  263  270  274  290  292  303  304  315  316  322  323  329  336  337  344  348  364  366  370  389  392  406  408  411  418  419  435  436  443  449  469  481  484  488  504  508  509  513  517  521  524  525  548  551  557  576  582  589  597  608  611  617  618  621  623  627  629  655  661  662  663  665  666  667  669  671  672  674  680  690  691  694  696  698  707  711  713  762  766  769  771  776  786  798  801  811  816  830  831  835  836  846  848  862  864  869  894  905  932  951  953  955  962  988  1002  1007  1008  1012  1014  1015  1017  1021  1024  1029  1030  1033  1035  1044  1047  1050  1057  1069  1070  1079  1086  1100  1103  1104  1110  1125  1127  1130  1134  1135  1137  1145  1147  1152  1155  1169  1174  1179  1180  1184  1188  1190  1191  1205  1208  1210  1213  1229  1244  1246  1251  1261  1266  1270  1272  1291  
3  4  13  19  24  34  52  57  68  69  72  93  95  102  112  138  139  141  145  174  188  190  203  218  222  230  231  234  240  250  258  269  274  292  303  304  316  329  336  348  382  389  408  420  424  425  438  443  449  459  466  468  469  472  484  488  490  491  504  508  509  524  525  531  534  535  557  570  578  582  589  618  622  623  629  661  662  666  669  676  691  698  699  702  711  712  749  753  762  766  768  769  771  778  780  781  786  801  811  821  831  845  848  862  863  864  873  878  894  926  949  951  953  955  961  988  995  1002  1007  1008  1012  1014  1015  1017  1030  1033  1044  1046  1047  1057  1065  1080  1086  1103  1104  1106  1122  1127  1130  1134  1135  1140  1152  1155  1180  1184  1188  1190  1191  1193  1205  1229  1241  1272  
2  68  69  72  95  102  107  112  138  139  141  162  176  190  196  211  227  250  258  270  307  316  323  348  352  366  382  389  403  406  414  423  425  490  500  508  513  524  525  534  535  557  576  582  589  597  607  609  622  623  655  662  669  673  678  694  712  749  753  766  769  786  801  821  843  845  848  855  864  894  917  949  951  953  960  961  973  988  1007  1012  1014  1022  1030  1044  1046  1047  1057  1065  1086  1100  1103  1104  1106  1122  1130  1134  1135  1140  1144  1147  1152  1174  1184  1188  1205  1208  1229  1241  1246  1272  
68  72  85  95  102  112  129  131  138  139  141  145  155  220  222  258  270  273  303  322  329  336  348  354  366  382  438  504  508  509  518  525  534  557  582  589  620  661  669  678  690  712  749  750  766  769  786  821  836  845  864  868  871  894  915  925  949  953  960  961  996  1002  1012  1014  1015  1044  1046  1047  1070  1086  1100  1103  1106  1130  1133  1134  1140  1152  1184  1188  1229  1246  1251  1272  
