60  75  87  91  96  110  126  139  140  144  215  251  254  259  282  292  297  319  322  324  338  359  375  377  389  402  406  410  425  429  497  501  521  548  557  572  614  628  637  653  659  665  670  674  708  711  748  758  776  785  789  798  816  818  830  834  846  851  861  865  869  890  907  912  917  918  940  942  944  952  967  972  983  984  998  1005  1008  1038  1050  1057  1067  1087  1131  1143  1146  1147  1153  1163  1181  1222  1240  1245  1252  1256  1261  1266  1294  
75  87  91  128  144  205  282  287  292  297  324  334  359  402  406  501  509  545  614  626  628  634  637  670  711  776  785  789  816  830  834  861  862  869  890  907  918  944  962  967  998  1008  1057  1143  1222  1245  1256  1258  1261  1266  
75  87  91  128  144  150  205  287  292  297  324  406  545  670  776  830  834  869  890  918  944  967  972  998  1120  1143  1149  1181  1245  1256  1257  1261  
75  91  128  144  205  287  292  297  406  535  633  776  797  830  869  918  944  967  972  998  1143  1181  1245  1257  1261  
91  128  144  205  287  292  297  633  776  797  869  918  944  967  972  998  1037  1143  1181  1245  1261  1262  
91  128  144  205  287  292  748  797  869  918  967  972  998  1037  1143  1261  
91  144  205  287  292  797  869  918  923  944  967  972  998  1143  1261  
91  144  205  287  292  797  869  890  918  923  944  967  972  977  998  1037  1143  1261  
91  144  205  287  292  797  869  890  918  923  944  972  977  983  998  1037  1143  1261  
91  144  205  287  292  797  869  918  923  944  967  972  977  983  998  1037  1143  1261  
91  144  205  287  292  797  869  918  923  967  972  977  1037  1143  1261  
91  144  205  287  292  797  869  918  923  967  972  977  1143  1261  
205  287  292  797  869  918  923  967  972  977  998  1143  1261  
91  205  287  869  918  923  967  972  977  998  1143  
91  205  287  292  797  869  918  967  972  1143  1261  
144  205  287  292  797  869  923  967  1143  1261  
144  326  918  923  977  1037  1143  1261  
150  326  355  408  846  977  1145  1261  
182  408  489  756  777  785  810  864  890  1120  
150  426  489  541  545  555  671  831  879  890  944  959  1181  1213  
48  94  132  150  207  304  340  397  404  545  599  603  660  713  832  854  879  905  906  908  995  1043  1048  1105  1159  1228  1235  1253  1267  
59  65  94  102  121  167  211  234  264  275  282  286  304  338  351  365  369  379  383  404  422  495  519  547  548  581  598  603  627  634  660  685  697  701  713  748  752  767  782  785  811  819  850  868  882  905  930  941  959  962  972  973  984  1001  1013  1048  1055  1069  1093  1095  1102  1119  1213  1256  1267  1278  1282  1286  
34  46  54  62  70  79  82  87  90  101  115  126  146  164  181  183  185  187  193  197  209  210  236  269  275  283  286  293  297  298  324  337  344  352  363  371  375  382  383  395  399  400  407  419  427  497  508  509  511  538  541  542  548  582  601  604  611  670  705  712  726  728  749  750  759  767  774  785  788  798  803  810  811  828  834  861  865  899  930  955  958  959  962  973  984  985  1001  1009  1015  1023  1026  1038  1067  1081  1092  1109  1121  1130  1151  1159  1163  1179  1181  1196  1198  1213  1216  1217  1235  1239  1253  1267  1269  1270  1278  1283  1284  1286  1291  
35  60  62  65  66  74  81  87  101  120  122  135  148  150  154  159  167  185  194  211  212  251  270  278  283  286  301  315  329  350  355  366  368  371  380  393  395  406  427  429  457  480  484  494  497  503  513  528  543  545  557  558  559  564  566  582  585  600  601  614  621  634  637  647  649  654  662  670  674  685  698  727  728  730  735  737  748  750  755  763  767  768  775  778  781  785  797  819  830  835  842  857  861  865  869  879  881  884  899  901  907  911  912  918  919  928  938  942  949  952  957  967  971  972  982  983  984  986  999  1011  1017  1023  1025  1027  1028  1032  1036  1038  1040  1048  1050  1063  1096  1105  1115  1123  1131  1146  1153  1168  1173  1175  1181  1185  1201  1209  1217  1221  1222  1243  1247  1257  1275  1276  1284  
19  20  26  31  60  70  81  87  91  92  97  99  115  124  132  140  167  168  190  202  203  205  207  211  215  231  259  268  272  273  282  287  292  293  314  315  316  320  324  328  329  341  345  350  368  375  393  410  412  421  422  425  429  445  461  471  474  475  493  496  502  509  512  513  515  524  528  540  542  543  544  545  564  566  581  594  601  609  614  627  628  638  659  664  670  711  712  727  730  748  750  758  776  785  789  798  812  826  860  861  862  877  884  886  892  909  912  913  917  918  919  926  927  946  953  957  965  972  977  983  1005  1006  1008  1012  1018  1028  1038  1048  1052  1055  1056  1057  1065  1066  1067  1068  1078  1081  1087  1099  1123  1132  1141  1143  1148  1149  1163  1183  1189  1198  1212  1215  1217  1222  1224  1235  1251  1254  1256  1262  1266  1267  1271  1278  1294  
14  21  41  45  63  75  86  88  91  96  99  101  110  126  128  137  140  144  146  148  162  184  194  197  211  215  249  254  259  269  279  283  287  292  297  300  301  314  321  322  334  336  359  366  406  425  429  431  463  476  481  491  493  503  509  513  515  530  535  544  545  548  553  555  557  565  575  584  586  593  599  625  626  648  652  654  659  671  674  678  679  682  708  711  717  730  735  747  748  751  759  774  787  790  798  816  830  834  854  862  869  894  898  902  907  908  909  912  918  919  927  940  947  948  952  959  967  969  972  977  981  983  984  999  1000  1002  1008  1013  1018  1024  1045  1067  1068  1096  1112  1122  1142  1143  1146  1147  1155  1159  1181  1194  1222  1224  1233  1245  1252  1256  1257  1258  1261  1264  1267  1287  
15  19  26  60  66  79  81  86  87  88  91  99  123  126  137  174  185  202  205  233  240  242  250  259  269  279  282  292  293  297  314  319  324  344  355  378  406  410  412  448  451  475  477  497  501  503  550  562  566  575  586  612  621  628  629  630  659  665  670  674  708  712  725  727  748  758  776  781  785  789  790  798  816  818  834  846  861  865  869  890  899  907  913  926  929  942  944  953  967  972  999  1024  1039  1067  1068  1096  1112  1120  1122  1131  1143  1146  1147  1148  1153  1163  1166  1174  1211  1215  1224  1245  1252  1256  1261  1266  1268  1284  
9  75  82  83  87  88  91  99  110  126  128  139  144  146  190  205  211  215  259  282  292  297  319  321  334  349  350  359  375  377  406  410  501  536  542  544  545  546  593  600  601  614  626  628  634  637  653  658  659  664  670  672  680  685  711  759  766  785  787  790  798  846  851  869  875  881  898  900  907  918  940  944  946  952  967  999  1005  1008  1018  1037  1047  1056  1057  1058  1112  1122  1141  1163  1240  1245  1254  1256  1257  1266  1294  
82  87  101  123  128  144  163  189  190  205  251  287  292  297  314  334  355  375  425  509  533  545  572  595  614  626  628  634  653  664  670  711  712  716  725  748  776  785  834  836  869  900  907  918  926  944  952  953  967  972  977  984  998  1008  1014  1034  1037  1048  1087  1117  1143  1222  1245  1252  1256  1261  1266  
75  87  91  128  144  170  190  205  287  292  297  299  548  634  659  670  711  785  787  788  800  819  834  854  869  890  898  918  944  954  967  972  1120  1143  1147  1181  1222  1257  1261  
91  144  205  287  292  297  324  355  501  535  670  854  869  918  940  944  967  972  1037  1143  1245  1261  
91  144  205  287  292  633  723  776  797  836  869  918  967  972  998  1037  1143  1245  1261  
76  91  144  205  287  292  797  869  918  967  972  998  1143  1261  1262  
91  144  205  287  292  797  836  869  918  923  944  967  972  977  998  1037  1143  1246  1261  
91  144  205  287  292  797  869  890  918  923  967  972  977  998  1261  
91  144  205  287  292  797  869  918  923  944  967  972  977  1037  1143  1261  
91  144  205  287  292  797  869  890  918  923  972  977  998  1037  1143  1261  
91  144  205  287  292  797  869  918  923  944  967  972  977  998  1143  
91  205  287  292  797  869  918  923  967  972  977  1143  1261  
91  144  205  287  292  797  869  918  923  967  972  977  
205  287  292  797  869  918  923  967  972  977  1143  1261  
144  205  287  292  869  918  923  967  972  1143  
205  869  918  967  977  1143  
923  
489  
150  545  
150  304  340  831  959  1043  1127  1267  
102  338  489  545  603  660  785  930  941  984  1048  1149  1213  1267  
62  66  87  115  120  150  211  309  337  355  380  400  497  538  601  660  701  713  750  767  814  822  854  879  887  915  935  961  984  1048  1097  1121  1149  1156  1159  1213  1217  1232  1253  
99  145  164  171  204  317  330  352  358  383  477  497  514  564  578  608  630  656  660  698  706  709  713  738  760  767  772  821  825  830  847  876  905  919  935  973  980  987  989  1038  1062  1067  1069  1081  1095  1102  1105  1222  1260  1267  1284  
