84  103  111  128  152  158  168  183  185  211  270  279  283  290  294  299  313  320  328  353  360  374  391  396  399  404  417  440  455  486  488  492  504  505  515  529  539  555  559  569  587  596  637  646  650  665  668  674  678  718  736  739  752  754  760  762  773  775  788  807  809  833  849  852  861  866  871  881  883  891  906  924  925  930  932  936  939  943  957  984  991  1023  1035  1036  1053  1059  1064  1080  1084  1102  1109  1121  1138  1140  1166  1198  1205  1213  1219  1242  1243  1261  1266  1267  
84  103  128  153  181  183  225  294  299  328  344  353  360  399  417  440  491  492  529  531  539  555  559  569  646  650  668  674  699  718  731  751  752  754  775  788  809  829  849  852  861  866  871  883  906  919  930  936  937  939  984  991  1023  1037  1059  1064  1080  1121  1138  1166  1212  1213  1243  1261  1266  1267  
103  153  202  294  299  304  313  320  353  360  374  396  417  426  492  529  537  555  646  668  674  699  751  795  809  812  829  866  871  875  881  883  906  919  930  936  937  943  983  984  991  1023  1064  1121  1163  1206  1212  1213  1243  1261  1266  1267  
103  153  202  299  304  396  417  440  486  492  555  665  674  751  809  837  866  871  878  883  919  930  936  937  984  991  1023  1064  1109  1266  1267  
103  153  299  304  353  417  492  665  751  809  866  871  883  930  932  936  937  984  1040  1064  1212  1213  1267  
103  299  304  353  417  809  930  932  984  986  1064  
103  299  304  353  809  925  930  984  1064  
103  173  299  304  809  837  925  930  984  989  1064  1219  
103  173  299  304  809  837  925  930  984  989  1165  1219  
103  173  299  304  353  736  809  837  930  984  989  1064  1165  1219  
103  173  304  353  809  837  930  984  989  1064  1165  1219  
103  173  299  304  353  809  837  930  984  989  1064  1165  1219  
103  173  299  304  353  736  809  837  871  930  984  989  1064  1165  1219  
103  173  299  304  353  736  790  809  837  871  930  984  989  1064  1165  1219  
173  299  304  353  736  790  809  837  844  930  984  996  1064  1165  1219  
103  173  180  304  353  736  790  809  837  844  871  930  984  989  1165  1219  
173  304  736  790  809  817  837  844  930  984  989  1064  1118  
173  304  596  790  837  844  989  1064  
103  353  795  1037  1047  1090  1144  1279  
400  669  739  822  983  1219  
207  421  535  582  596  669  807  832  882  939  982  1159  1171  1252  
154  294  311  333  344  412  492  493  533  567  576  611  623  649  746  795  849  871  885  939  1036  1047  1059  1091  1106  1113  1144  1159  1213  1223  1240  1242  1277  1279  
72  98  119  151  175  207  356  384  421  488  493  555  565  596  614  625  647  649  674  705  719  724  773  784  817  840  846  923  936  937  973  979  981  993  1027  1037  1044  1059  1074  1098  1101  1109  1113  1126  1141  1159  1160  1171  1180  1202  1207  1225  1232  1242  1252  1255  1271  1294  
62  72  85  91  100  104  125  144  149  165  215  263  281  288  301  307  313  326  344  362  374  384  399  411  414  440  449  493  513  537  546  555  590  596  613  619  637  659  668  669  674  692  748  751  752  781  795  805  827  832  866  883  914  939  982  983  986  990  991  1002  1045  1059  1061  1099  1101  1121  1127  1140  1149  1203  1204  1209  1216  1242  1244  1261  1267  
48  55  68  76  80  90  98  103  106  114  128  149  150  183  218  227  231  255  272  277  294  299  313  322  332  345  348  356  359  365  371  374  378  396  398  403  418  432  461  466  495  504  525  529  533  534  535  537  569  578  588  601  626  629  637  646  655  662  668  674  681  687  689  696  698  709  715  727  752  762  786  789  791  795  801  806  813  825  828  842  845  852  866  871  879  880  883  903  905  915  923  928  930  937  939  948  957  959  960  969  991  999  1011  1012  1013  1014  1016  1029  1036  1047  1064  1065  1070  1085  1091  1113  1118  1126  1127  1131  1135  1144  1150  1159  1161  1176  1177  1181  1198  1204  1205  1213  1224  1232  1242  1252  1259  1261  1266  1270  1289  
2  18  24  30  33  35  37  43  56  66  67  81  82  84  85  92  96  97  103  111  113  119  131  141  150  151  156  160  163  167  183  201  213  229  236  240  264  270  279  292  294  299  302  304  330  357  358  359  360  362  368  378  379  385  390  400  404  412  417  424  430  452  454  468  470  486  492  493  504  512  515  516  528  535  537  546  547  551  555  588  596  597  611  621  622  637  645  651  665  668  673  674  675  686  688  691  705  715  731  736  740  745  752  754  755  759  771  774  778  782  788  791  793  806  807  809  812  817  818  821  832  847  861  866  871  878  879  882  883  894  905  906  919  932  937  939  945  976  984  989  992  997  999  1016  1023  1028  1035  1044  1051  1053  1061  1064  1066  1112  1114  1138  1140  1144  1151  1163  1192  1219  1230  1231  1236  1238  1242  1245  1253  1261  1266  1267  1268  1271  1275  1282  1284  
11  43  45  57  62  64  70  71  73  81  84  85  86  103  119  133  141  148  152  155  176  183  185  187  192  204  210  211  218  226  237  238  246  247  257  262  269  282  284  286  290  299  303  304  310  314  316  320  343  345  358  360  370  371  389  390  391  393  396  404  417  426  427  446  460  473  474  486  487  488  491  492  498  504  507  513  515  516  518  522  534  535  539  547  555  588  596  601  609  625  634  636  649  650  656  668  679  681  687  693  699  702  703  706  711  719  748  751  752  754  755  759  762  783  788  791  802  806  807  809  812  817  818  830  833  837  849  851  854  855  861  866  871  874  881  883  888  889  891  905  906  909  912  930  932  936  939  940  950  951  982  984  991  998  1002  1017  1018  1023  1037  1041  1053  1064  1080  1085  1092  1095  1099  1105  1109  1114  1115  1131  1136  1139  1140  1149  1153  1166  1184  1189  1198  1200  1207  1209  1213  1218  1219  1224  1230  1236  1240  1243  1249  1266  1267  1278  1286  1294  
2  3  16  19  27  30  32  37  43  56  73  84  103  104  110  113  117  125  126  141  155  183  189  190  194  211  216  218  223  226  236  249  279  283  284  286  290  299  304  313  328  344  353  360  365  367  374  391  396  399  404  408  417  420  426  441  449  469  471  474  478  481  488  493  496  499  505  515  517  529  534  538  539  555  559  569  577  587  588  597  637  640  645  646  665  668  674  703  718  736  739  752  754  760  783  786  788  809  849  866  871  878  881  883  906  915  923  930  932  936  937  939  940  945  984  991  1004  1012  1023  1024  1053  1064  1070  1076  1080  1084  1102  1109  1121  1127  1140  1154  1166  1189  1198  1205  1207  1219  1224  1230  1261  1267  1278  
35  56  68  103  137  144  150  151  152  154  168  174  183  202  207  215  218  262  279  283  284  290  292  299  320  328  349  353  360  365  374  386  449  468  469  486  492  499  510  513  517  526  534  539  544  555  577  588  596  618  634  637  646  656  665  668  674  681  718  719  736  739  751  752  760  773  788  806  807  809  818  833  841  849  851  852  866  871  878  881  883  915  924  930  932  936  937  939  943  944  947  957  975  984  991  1018  1023  1024  1035  1036  1053  1064  1080  1084  1097  1109  1121  1140  1149  1163  1164  1166  1181  1213  1214  1219  1221  1224  1242  1243  1254  1261  1263  1266  1267  1268  1271  1275  
33  84  85  103  111  141  156  174  176  183  269  279  290  299  303  304  313  344  353  358  360  367  386  391  399  417  440  455  470  488  493  504  517  539  555  569  575  583  637  645  646  650  665  726  752  754  762  788  806  809  825  851  852  861  866  871  880  881  883  906  930  936  937  939  943  965  984  1023  1026  1053  1064  1066  1084  1085  1121  1138  1149  1166  1189  1205  1213  1222  1224  1242  1261  1266  1267  
68  84  103  112  153  158  174  181  183  189  202  299  304  313  328  353  358  360  376  378  399  417  491  531  555  668  674  705  731  752  754  809  866  871  881  883  906  930  932  936  939  984  986  989  991  1023  1064  1080  1085  1109  1121  1166  1209  1212  1213  1218  1243  1265  1266  1267  
103  174  218  290  299  304  344  356  417  492  513  533  555  646  674  699  736  809  837  866  871  881  883  930  937  984  991  993  1023  1059  1064  1080  1163  1211  1213  1219  1236  1266  1267  
103  218  299  304  353  555  674  752  786  809  845  866  871  883  891  892  925  930  936  937  984  1023  1064  1189  1266  1267  
103  174  299  304  313  353  417  752  795  809  837  866  883  925  930  937  939  984  1045  1064  1213  1219  1267  1275  
103  299  304  736  809  837  925  930  984  989  991  1064  1165  
103  173  299  304  353  550  809  891  925  930  984  989  1047  1064  1165  1219  
103  299  304  353  736  809  837  925  930  984  989  1064  1154  1165  1219  
103  173  299  304  353  736  809  837  925  930  979  984  1064  1165  1219  
103  173  299  304  353  809  837  925  930  984  989  1064  1165  1219  
103  173  299  304  353  809  837  925  930  984  989  1064  1165  1219  
103  173  299  304  353  736  809  837  925  930  984  989  1064  1165  1219  
103  173  299  304  353  736  809  837  930  984  989  1064  1165  1219  
103  173  299  304  353  809  837  844  930  984  989  1064  1165  1219  
103  173  180  304  736  790  809  837  844  930  984  989  1165  
103  173  180  299  304  353  736  790  809  837  844  930  984  989  1064  1118  1165  1219  
103  299  304  353  736  790  809  837  844  871  984  989  1064  1118  1165  1219  
103  299  353  569  736  790  809  930  935  989  1064  
103  183  353  596  736  778  817  881  935  979  983  984  1064  1219  1237  
77  89  163  183  207  299  353  596  698  817  832  837  847  871  881  925  928  1023  1037  1064  1091  1106  1144  1159  1171  1219  
12  72  98  128  160  163  173  183  207  297  314  344  348  376  404  411  492  499  538  555  596  611  613  623  655  736  743  751  755  778  793  795  832  847  871  925  945  982  1018  1033  1047  1059  1077  1091  1101  1107  1113  1121  1161  1171  1198  1225  1247  1259  1267  1277  
