101  147  299  306  316  330  339  342  346  350  352  353  363  378  386  406  414  427  432  434  503  518  548  602  613  623  667  693  703  707  713  722  725  729  758  765  779  782  787  804  810  814  819  837  847  861  893  896  901  906  909  915  938  942  968  969  976  1022  1023  1047  1065  1088  1089  1099  1105  1107  1109  1123  1125  1127  1150  1155  1165  1179  1212  1219  1242  1252  1261  1262  1266  1288  
274  342  346  350  363  378  386  406  414  542  594  602  613  703  707  725  728  729  761  782  810  814  837  847  861  891  896  901  915  969  984  1022  1107  1125  1150  1165  1219  1242  1262  1288  
342  346  350  377  386  406  555  594  605  613  669  707  725  729  761  776  783  814  847  861  901  915  969  1107  1115  1242  1262  1270  
342  386  406  555  594  613  707  722  729  741  761  783  837  861  915  969  1088  1107  1242  1262  
160  386  406  555  594  613  741  761  834  861  915  969  1107  1242  1262  
160  377  386  555  594  613  741  761  834  861  915  969  1088  1107  1242  
160  377  386  555  594  613  706  707  741  760  814  861  915  969  1088  1107  
160  377  386  555  594  613  706  741  760  761  814  861  915  969  1088  1107  1242  
160  377  386  555  594  613  706  741  760  761  814  834  861  915  969  1088  1107  1242  
160  377  386  555  594  613  706  707  741  760  761  814  861  915  969  1088  1107  1242  
160  377  386  406  555  594  613  706  707  741  760  761  814  834  861  915  969  1088  1107  1242  
160  377  386  406  555  594  613  706  707  741  760  761  814  834  861  915  969  1088  1107  1242  
160  377  386  406  555  594  613  706  707  741  760  761  814  834  861  915  969  1088  1107  1208  1242  
160  377  386  406  555  594  613  706  707  741  760  761  814  834  861  915  969  1088  1107  1208  1242  
160  377  386  406  555  594  613  706  707  741  760  761  814  834  861  915  969  1088  1107  1208  1242  
160  377  386  406  555  594  613  706  707  741  760  761  814  834  861  915  969  1088  1107  1154  1208  1242  
160  377  386  406  555  594  613  706  707  741  760  761  814  834  861  915  969  1088  1107  1208  1242  
160  377  386  406  555  594  613  706  707  741  760  761  814  834  861  915  969  1088  1107  1154  1208  1242  
160  377  386  406  555  594  613  706  707  741  760  761  814  834  861  915  969  1088  1100  1107  1154  1208  1242  
160  377  386  406  555  594  613  706  707  741  760  761  814  834  861  915  969  1046  1088  1100  1107  1154  1208  1242  
160  377  386  406  555  594  613  706  707  741  760  761  814  834  861  915  969  992  1046  1088  1100  1107  1154  1208  1242  
160  377  386  406  555  594  613  669  706  707  741  760  761  814  830  834  861  884  915  938  969  992  993  1046  1088  1100  1107  1154  1208  1242  1262  
15  130  145  160  377  386  406  555  594  613  633  669  706  707  722  741  760  761  776  814  830  834  861  884  915  938  939  969  992  993  1046  1088  1100  1101  1107  1154  1208  1242  
120  130  160  307  356  377  386  404  406  495  516  538  540  555  573  579  594  613  646  669  678  706  707  721  722  731  741  758  760  761  776  786  800  814  820  830  834  861  884  888  900  915  936  938  939  969  987  990  992  993  1046  1048  1070  1088  1090  1100  1101  1105  1107  1116  1144  1154  1155  1181  1208  1242  1262  1271  
23  48  55  62  84  86  101  106  128  145  153  154  155  156  158  160  162  176  274  280  307  308  312  331  377  384  386  391  403  404  442  452  455  488  492  495  496  510  523  538  545  555  560  572  577  579  594  598  611  613  637  646  668  669  673  689  706  707  710  712  722  732  741  746  753  760  761  765  776  780  785  800  812  814  819  820  830  832  834  861  874  884  885  906  915  920  929  938  949  954  969  978  987  993  1008  1013  1016  1044  1046  1049  1056  1062  1075  1088  1090  1094  1100  1101  1107  1144  1154  1155  1193  1206  1208  1211  1213  1227  1230  1231  1235  1237  1242  1256  1262  1270  1284  1291  
6  20  21  22  43  44  48  49  51  52  54  57  60  77  81  84  87  91  97  103  110  117  123  124  130  140  145  147  155  156  157  158  162  168  170  189  193  214  216  223  229  231  232  254  256  260  261  280  284  287  288  297  303  306  312  313  316  323  324  329  330  332  338  342  344  350  353  360  362  367  372  377  379  384  386  395  397  398  401  403  404  406  413  422  426  429  437  442  445  447  452  455  459  460  469  475  476  480  488  490  492  495  501  504  510  516  533  538  539  540  542  545  546  548  553  555  556  558  559  560  571  577  579  581  583  594  601  611  613  616  623  624  625  627  640  654  659  663  664  669  670  677  688  702  704  706  707  715  722  723  725  726  728  729  736  741  746  750  752  755  758  760  766  776  782  783  785  788  790  791  793  802  804  807  814  819  826  830  832  835  837  851  857  861  864  866  867  874  879  880  884  885  886  895  896  908  913  915  918  920  924  929  932  954  956  967  969  978  984  987  991  992  998  1002  1005  1010  1013  1023  1027  1039  1041  1046  1047  1056  1057  1064  1067  1073  1084  1086  1088  1090  1096  1098  1100  1103  1104  1105  1107  1110  1114  1121  1123  1129  1144  1155  1163  1168  1181  1184  1198  1200  1206  1207  1209  1211  1213  1214  1218  1222  1225  1230  1231  1232  1237  1242  1243  1247  1256  1261  1270  1271  1273  1281  1285  1289  1291  1294  
4  5  7  8  10  18  19  22  23  24  27  29  30  31  32  39  41  44  46  47  48  51  52  56  67  73  77  78  81  82  83  87  96  97  104  107  108  109  111  116  117  129  132  133  139  141  145  146  156  163  166  169  171  172  174  182  183  184  186  189  190  191  193  196  201  203  204  207  209  211  212  217  218  219  221  222  224  227  232  236  237  238  241  244  245  248  254  256  259  260  264  265  266  270  274  278  279  282  283  285  289  291  295  299  303  304  307  312  314  319  320  328  338  339  342  353  354  356  357  361  362  363  364  365  373  376  377  378  385  386  389  392  393  395  398  399  403  407  408  419  421  425  426  427  429  430  431  441  446  451  452  457  458  460  463  464  467  468  469  470  473  474  478  480  483  486  487  495  496  501  502  503  505  508  509  511  518  522  528  529  535  538  539  544  545  547  548  550  554  555  556  557  558  576  584  585  588  593  594  595  596  597  602  605  607  610  611  617  621  622  623  624  633  634  637  640  641  642  643  645  652  654  657  658  659  663  664  667  668  672  673  676  678  681  684  686  687  694  695  700  703  704  707  708  710  711  716  718  722  723  724  727  729  731  736  738  739  740  742  745  750  752  753  762  765  774  776  779  782  783  784  787  796  804  809  811  812  817  819  822  826  827  830  837  838  839  844  850  861  864  866  868  872  874  881  889  892  893  895  901  902  904  909  915  920  921  922  923  924  925  928  930  938  942  944  953  959  961  964  966  969  970  971  974  978  982  985  993  998  999  1000  1001  1004  1005  1006  1007  1008  1011  1019  1020  1023  1026  1035  1036  1040  1041  1046  1047  1051  1053  1057  1059  1062  1065  1073  1075  1076  1079  1080  1087  1088  1094  1095  1105  1107  1109  1111  1112  1116  1118  1122  1123  1124  1125  1127  1133  1134  1135  1145  1150  1154  1155  1161  1162  1163  1164  1176  1181  1185  1195  1207  1212  1216  1217  1219  1225  1234  1237  1240  1242  1244  1245  1252  1253  1261  1262  1263  1265  1268  1271  1276  1285  1288  1293  
0  4  7  9  11  21  22  25  28  30  31  32  37  38  39  41  45  47  50  51  58  62  73  75  77  79  84  88  90  94  97  98  101  104  108  109  116  132  141  145  148  166  167  169  170  174  175  178  190  193  200  201  207  211  212  217  224  226  229  231  233  238  241  249  259  261  262  266  269  270  274  278  283  284  288  291  296  297  299  304  307  310  313  316  324  328  330  337  342  344  346  350  353  354  360  363  377  378  379  386  395  397  398  401  406  412  413  422  425  427  428  430  432  433  434  442  446  448  462  464  473  478  483  492  494  501  505  511  513  518  519  529  533  534  539  542  555  558  566  597  598  611  613  618  619  621  632  634  657  658  659  663  667  672  687  690  692  699  703  710  713  716  723  727  734  742  750  752  754  755  758  773  779  780  782  783  787  802  804  811  812  814  822  826  828  837  841  847  853  861  865  866  879  888  892  895  896  901  910  911  915  924  929  934  938  947  948  956  969  978  991  1007  1014  1047  1048  1051  1067  1076  1077  1085  1088  1090  1091  1092  1099  1107  1109  1116  1123  1127  1129  1145  1146  1149  1154  1161  1167  1173  1175  1179  1181  1183  1195  1201  1207  1212  1215  1217  1219  1224  1240  1242  1250  1252  1253  1262  1266  1267  1274  1287  1288  
4  7  8  16  21  26  27  34  37  49  52  53  62  69  71  81  82  88  97  98  101  109  116  129  131  147  152  153  154  170  174  193  194  205  213  219  223  230  237  238  255  269  278  291  296  300  304  306  324  326  328  337  339  342  346  353  363  370  377  378  386  389  401  408  414  427  432  434  435  438  441  442  451  460  469  470  480  481  483  490  492  503  518  539  548  558  566  593  602  608  613  619  631  634  654  655  663  666  667  684  690  692  695  703  707  710  713  716  722  729  734  738  755  758  765  779  782  787  792  804  805  814  819  828  837  841  852  861  878  882  896  901  910  911  912  915  921  924  938  948  968  969  976  1000  1003  1008  1014  1032  1044  1047  1051  1067  1075  1088  1099  1107  1109  1115  1123  1125  1127  1154  1169  1179  1188  1195  1201  1212  1217  1219  1242  1252  1261  1262  1267  1274  1288  
37  47  52  75  82  88  102  116  129  132  147  174  182  200  219  241  254  273  289  296  299  306  324  331  339  342  346  352  353  354  360  363  378  386  401  406  414  421  427  432  434  492  503  509  556  566  602  611  613  623  634  643  658  663  667  691  707  710  713  725  729  734  736  758  759  765  779  782  787  804  814  822  828  837  841  847  861  896  901  906  910  915  921  938  948  968  969  975  976  984  1000  1014  1019  1044  1047  1067  1088  1089  1094  1099  1105  1107  1109  1115  1123  1127  1150  1154  1165  1167  1212  1213  1219  1225  1242  1252  1261  1262  1288  
58  98  127  147  200  252  254  270  280  291  299  308  342  346  350  354  378  386  406  414  432  434  525  548  594  602  613  621  632  643  657  667  692  707  722  725  728  729  758  765  782  787  801  804  810  814  819  837  847  855  861  863  878  891  893  901  906  909  915  960  968  984  1089  1094  1099  1105  1107  1109  1123  1127  1150  1165  1212  1219  1242  1252  1262  1288  
101  147  330  339  342  377  378  386  391  406  542  558  602  605  613  643  707  710  729  761  776  783  804  810  814  819  861  891  896  901  915  969  975  976  984  1107  1115  1146  1150  1165  1212  1219  1242  1261  1262  1270  1288  
342  350  377  386  406  594  605  613  707  722  729  761  783  814  837  861  915  969  1088  1107  1242  1262  1288  
342  350  378  386  406  555  594  613  707  741  761  783  861  915  969  1088  1107  1242  
160  377  386  555  594  613  741  761  814  861  914  915  969  1107  1242  
160  377  386  555  594  613  706  741  761  834  861  915  969  1088  1107  1242  
160  377  386  555  594  613  706  741  760  861  915  969  1088  1107  1242  
160  377  386  555  594  613  706  741  760  761  814  861  915  969  1088  1107  1242  
160  377  386  555  594  613  706  707  741  760  761  814  834  861  915  969  1088  1107  1242  
160  377  386  406  555  594  613  706  707  741  760  761  814  834  861  915  969  1088  1107  1242  
160  377  386  406  555  594  613  706  707  741  760  761  814  834  861  915  969  1088  1107  1242  
160  377  386  406  555  594  613  706  707  741  760  761  814  834  861  915  969  1088  1107  1242  
160  377  386  406  555  594  613  706  707  741  760  761  814  834  861  915  969  1088  1107  1242  
160  377  386  406  555  594  613  706  707  741  760  761  814  834  861  915  969  1088  1107  1208  1242  
160  377  386  406  555  594  613  706  707  741  760  761  814  834  861  915  969  1088  1107  1208  1242  
160  377  386  406  555  594  613  706  707  741  760  761  814  834  861  915  969  1088  1107  1154  1208  1242  
160  377  386  406  555  594  613  706  707  741  760  761  814  834  861  915  969  1088  1107  1208  1242  
160  377  386  406  555  594  613  706  707  741  760  761  814  834  861  915  969  1088  1107  1154  1208  1242  
160  377  386  406  555  594  613  706  707  741  760  761  814  834  861  915  969  992  1088  1100  1107  1154  1208  1242  
160  377  386  406  555  594  613  706  707  741  760  761  814  834  861  915  969  1046  1088  1100  1107  1208  1242  
