21  34  44  54  57  78  84  85  86  109  111  119  127  128  140  143  153  177  188  189  199  225  254  311  333  354  371  402  426  427  446  447  478  489  493  496  512  533  558  560  577  578  605  606  619  629  632  638  647  652  661  668  696  703  723  731  749  757  763  775  781  791  797  799  826  835  840  849  852  873  894  906  912  917  921  951  961  990  991  1013  1018  1020  1038  1045  1050  1056  1081  1093  1100  1152  1155  1159  1167  1179  1180  1181  1189  1191  1204  1206  1218  1219  1258  1261  1276  1285  
21  38  57  75  84  86  93  111  189  254  284  306  311  335  354  402  415  427  446  493  496  512  533  560  577  606  625  632  647  652  661  678  696  703  731  749  757  763  781  811  826  840  869  873  878  889  894  897  912  917  921  943  951  961  991  1013  1045  1047  1050  1056  1081  1093  1100  1103  1167  1177  1179  1180  1181  1189  1191  1193  1218  1258  1261  1268  1282  1285  
59  75  84  86  111  154  189  199  281  291  306  311  333  335  415  493  496  533  558  563  576  577  606  619  629  632  678  696  703  727  731  737  749  757  763  781  811  835  838  840  863  869  889  894  897  951  991  1013  1045  1047  1050  1056  1081  1087  1100  1135  1137  1179  1180  1181  1189  1191  1207  1218  1233  1245  1258  1261  1268  1285  
84  109  154  189  311  333  343  387  415  425  493  496  533  576  577  632  678  689  696  731  742  749  757  763  781  786  790  835  840  853  869  897  917  940  951  961  991  1045  1050  1056  1087  1100  1135  1137  1167  1180  1181  1189  1191  1207  1258  1261  
84  151  154  189  199  281  311  333  387  415  493  496  533  563  576  577  606  632  678  696  731  736  763  781  790  835  853  897  923  951  961  990  991  1044  1050  1056  1137  1180  1181  1189  1207  1261  
84  151  154  189  281  311  333  415  493  496  576  577  632  678  696  731  736  763  790  853  869  897  923  951  961  990  991  1044  1050  1056  1180  1181  1189  1207  1261  1268  
84  154  189  281  311  333  415  493  533  576  577  632  678  731  736  749  763  790  853  897  951  961  990  991  1044  1050  1180  1181  1207  1261  1268  
84  154  189  311  333  415  493  576  577  632  678  731  763  853  897  951  990  991  1044  1180  1181  1207  1261  1268  
154  189  311  333  415  493  576  577  632  731  763  790  853  897  951  990  991  1002  1044  1050  1180  1181  1207  1261  1268  1271  
154  189  311  314  333  415  493  496  576  577  632  675  763  853  894  897  948  951  990  991  1044  1050  1180  1181  1207  1261  1268  1271  
154  189  311  314  333  345  415  493  496  576  577  632  675  763  853  897  951  990  991  1044  1045  1050  1099  1180  1181  1207  1261  1268  
189  311  314  333  345  415  493  496  576  577  579  632  763  829  853  897  951  990  991  993  1044  1045  1047  1050  1099  1153  1180  1181  1207  1261  1268  
64  189  311  333  415  496  576  577  579  632  763  824  829  853  883  897  951  990  991  993  1044  1045  1047  1050  1079  1099  1153  1180  1181  1207  1261  
64  189  311  314  333  415  576  577  632  763  824  853  883  897  951  982  990  991  993  1044  1045  1050  1079  1099  1153  1180  1181  1207  1234  1261  
189  311  314  333  415  496  577  632  675  763  853  878  897  951  990  991  1044  1045  1050  1099  1153  1180  1181  1207  1234  1261  
189  333  402  415  496  577  632  763  824  853  897  951  991  1044  1045  1050  1099  1153  1180  1181  1207  1261  1268  
189  311  333  402  415  496  577  632  703  763  853  897  951  990  991  1044  1045  1099  1153  1180  1181  1207  1209  1261  
151  189  306  311  333  415  576  577  632  703  763  853  897  951  990  991  1044  1045  1150  1153  1180  1181  1204  1207  1234  1261  
154  189  311  333  415  576  577  632  763  853  897  951  990  991  1099  1101  1153  1180  1181  1207  1217  1261  1268  1271  
151  154  189  333  415  493  559  576  577  632  763  853  897  937  951  1044  1045  1050  1099  1163  1180  1181  1207  1261  1271  
154  189  311  333  415  493  559  577  632  763  853  897  951  990  1044  1045  1150  1180  1181  1207  1209  1261  1268  1271  
154  189  333  415  493  576  577  619  705  763  853  897  919  951  991  1005  1044  1050  1180  1181  1207  1234  1261  1271  
114  154  189  299  311  333  404  415  576  577  605  763  853  897  951  990  991  1036  1180  1207  1271  1288  
281  333  415  493  576  577  605  632  637  668  763  799  804  853  894  897  943  951  984  1044  1047  1050  1099  1180  1181  1271  
17  98  166  168  189  333  402  412  415  496  703  757  763  790  826  857  881  897  907  937  951  966  990  996  1005  1044  1045  1099  1131  1150  1180  1181  1212  1261  1268  
130  151  166  180  188  189  311  312  333  335  366  402  415  427  493  496  577  629  632  637  665  703  718  722  736  799  840  842  858  878  880  886  888  902  907  951  990  1002  1045  1056  1104  1106  1153  1160  1181  1204  1207  1234  1274  1289  
7  64  75  90  103  117  138  166  168  174  178  185  189  203  208  215  276  281  333  345  362  371  381  383  402  408  427  488  490  491  564  568  576  577  606  614  618  632  668  696  702  734  749  781  787  791  794  824  825  826  827  844  884  886  894  897  898  906  912  916  919  924  928  948  951  970  982  991  994  996  1047  1050  1064  1099  1101  1112  1123  1131  1153  1177  1181  1200  1204  1207  1214  1261  1266  
25  55  61  66  75  93  102  159  168  172  199  221  241  271  286  301  306  309  311  338  340  343  365  366  374  395  402  404  410  414  415  425  489  493  508  538  556  563  566  568  577  590  605  606  622  629  632  647  662  670  696  705  713  745  763  781  786  791  811  818  824  832  836  837  846  849  853  855  863  871  878  881  897  900  907  909  935  943  948  951  961  966  984  986  991  993  1001  1042  1048  1069  1070  1092  1099  1100  1116  1137  1155  1162  1170  1180  1181  1191  1207  1224  1231  1243  1255  1261  
5  54  57  59  75  85  89  95  138  143  153  154  155  156  166  177  186  188  189  192  199  270  281  291  306  311  325  333  343  348  358  361  371  409  427  434  460  493  523  533  537  561  563  565  575  576  577  587  606  612  616  619  622  629  632  636  642  652  658  678  686  695  703  705  723  731  741  749  757  760  763  767  775  777  782  792  814  817  822  823  840  845  857  878  886  897  921  926  927  934  956  961  963  977  991  996  1002  1016  1020  1022  1038  1045  1047  1054  1056  1076  1079  1091  1096  1100  1101  1103  1106  1137  1138  1152  1160  1180  1181  1189  1191  1205  1207  1209  1218  1226  1234  1258  1261  1263  1276  1289  
17  18  34  80  84  85  92  135  140  144  153  154  165  181  189  193  201  219  229  246  252  271  281  291  299  308  327  353  365  366  375  381  386  389  402  415  444  446  447  451  476  479  488  493  496  507  532  542  550  573  577  579  590  592  606  629  630  631  632  644  652  655  656  661  668  672  696  705  706  710  715  720  728  731  744  763  765  775  776  790  791  792  795  799  811  836  849  850  853  863  868  873  894  897  905  906  917  923  925  927  951  961  977  990  991  992  993  1020  1033  1046  1054  1056  1069  1086  1091  1098  1100  1104  1137  1151  1152  1155  1167  1169  1179  1181  1189  1191  1193  1196  1207  1214  1223  1234  1242  1245  1254  1258  1261  1270  
4  26  44  84  85  86  93  95  98  108  109  128  144  146  152  153  154  157  171  189  199  204  209  213  214  252  266  279  284  305  306  311  314  328  333  349  363  375  392  393  402  420  431  467  487  489  493  496  510  516  522  533  547  558  559  574  577  590  596  606  619  629  632  645  647  652  665  678  683  686  689  695  696  703  704  727  731  736  741  746  747  748  750  757  763  765  775  786  787  790  792  804  811  817  840  849  856  863  877  878  894  897  921  931  934  940  951  990  991  992  996  1003  1010  1013  1018  1021  1043  1050  1056  1057  1081  1086  1092  1093  1097  1100  1104  1118  1130  1131  1135  1152  1167  1181  1189  1191  1199  1209  1217  1218  1219  1242  1245  1249  1258  1261  1270  1276  1277  1285  
2  57  74  92  114  146  155  160  189  306  311  322  333  354  365  381  386  402  425  460  493  496  497  510  516  533  550  558  563  577  594  606  608  612  619  632  647  678  696  702  703  704  706  731  736  739  749  757  763  781  790  791  792  802  804  814  817  833  834  835  840  846  869  894  897  906  912  917  921  929  951  959  961  985  990  991  1019  1020  1037  1038  1041  1045  1047  1050  1056  1091  1093  1100  1135  1152  1159  1167  1177  1180  1181  1189  1191  1205  1207  1209  1215  1247  1258  1261  1263  1272  1276  1285  
40  70  84  92  109  119  154  189  219  245  299  311  314  333  335  354  373  381  388  402  415  446  475  493  496  522  563  574  576  577  606  629  632  647  661  678  696  731  736  737  749  763  775  790  792  814  833  837  840  852  856  860  869  894  906  951  991  992  1003  1020  1037  1041  1050  1056  1087  1100  1103  1131  1137  1167  1180  1181  1189  1191  1207  1261  1270  1285  
78  80  84  86  137  153  154  189  209  281  311  314  333  335  402  493  496  503  533  563  576  577  589  606  632  647  656  658  678  696  703  727  731  736  749  757  763  765  776  790  817  840  852  853  863  894  897  917  940  947  951  961  987  990  991  1019  1020  1031  1050  1056  1085  1100  1103  1167  1180  1181  1189  1207  1226  1242  1254  1258  1261  1268  1276  1285  1287  
54  75  84  114  154  189  281  311  402  415  468  493  496  576  577  606  632  647  678  703  731  736  749  763  765  790  840  853  880  897  906  923  951  961  990  991  1044  1050  1056  1087  1100  1135  1152  1167  1180  1181  1196  1207  1261  1268  1276  
84  109  154  189  199  281  311  333  345  415  493  496  533  563  576  577  632  647  678  696  731  749  763  773  786  845  853  897  927  951  990  991  1018  1044  1050  1056  1065  1093  1180  1181  1189  1191  1207  1254  1261  1268  
84  154  189  281  311  333  381  415  493  496  533  576  577  632  675  678  683  731  749  763  786  790  791  853  881  897  951  990  991  1044  1050  1056  1087  1137  1167  1180  1181  1207  1261  1268  
84  154  189  199  311  314  333  415  493  533  563  576  577  632  678  731  736  737  763  790  853  897  951  990  991  1044  1050  1056  1180  1181  1207  1261  1268  
84  154  189  311  314  333  345  415  493  496  576  577  632  675  678  731  736  763  790  853  894  897  923  951  961  990  991  1044  1050  1180  1181  1207  1261  1268  
84  154  189  311  333  345  415  493  496  576  577  632  675  678  731  763  790  853  897  948  951  990  991  1002  1044  1050  1056  1180  1181  1207  1261  1268  
84  154  189  311  314  333  345  415  493  496  576  577  632  678  763  853  897  948  951  990  991  1002  1044  1050  1056  1180  1181  1207  1261  1268  
154  189  311  314  333  415  493  496  576  577  579  632  675  678  763  775  829  853  897  951  990  991  1044  1050  1056  1180  1181  1207  1261  1268  
154  189  311  314  333  345  415  493  496  576  577  579  632  675  678  763  853  897  951  990  991  993  1044  1045  1050  1099  1180  1181  1207  1237  1261  1268  
154  189  311  333  345  415  496  576  577  579  632  675  763  853  897  951  990  991  1044  1045  1047  1050  1056  1099  1180  1181  1207  1261  1268  1271  
154  189  311  314  333  415  496  576  577  632  675  763  829  853  897  951  990  991  993  1044  1045  1047  1050  1056  1099  1153  1180  1181  1207  1261  
189  311  333  415  493  576  577  579  632  721  763  853  883  897  951  990  991  1044  1045  1047  1050  1099  1153  1180  1181  1207  1261  
189  311  333  415  496  576  577  632  763  765  790  829  853  897  951  990  991  993  1025  1044  1045  1050  1099  1153  1180  1181  1207  1261  
189  311  333  415  496  576  577  632  763  853  897  951  990  991  1044  1045  1050  1099  1153  1180  1181  1207  1261  
189  333  415  496  576  577  632  736  763  772  853  897  917  951  990  991  1044  1045  1050  1099  1153  1180  1181  1207  1261  
189  311  333  415  496  576  577  632  763  853  897  951  971  990  991  1044  1045  1072  1099  1153  1180  1181  1207  1261  
