12  22  49  56  60  73  87  120  153  155  156  162  174  188  189  219  274  279  281  292  299  314  316  334  346  354  355  370  408  422  442  448  482  503  517  545  550  553  559  562  590  595  666  689  746  752  774  784  791  800  806  826  828  834  854  855  861  864  878  906  909  912  928  940  942  948  970  973  977  995  1003  1008  1011  1013  1018  1020  1024  1042  1057  1065  1067  1071  1074  1086  1098  1112  1113  1126  1130  1133  1138  1152  1154  1180  1199  1201  1232  1253  1256  1292  
60  120  139  153  155  156  158  162  189  195  271  279  281  314  346  354  355  359  363  397  422  517  542  545  546  595  599  608  613  746  752  774  784  785  806  809  826  834  855  864  914  940  949  951  966  973  1003  1011  1013  1018  1024  1027  1039  1048  1057  1065  1067  1071  1074  1098  1126  1133  1152  1154  1180  1199  1203  1227  1256  1292  
60  100  120  151  162  195  281  335  354  375  382  517  545  546  613  746  752  761  784  785  806  826  834  860  864  940  951  959  973  994  1003  1010  1011  1013  1020  1024  1044  1057  1065  1066  1067  1071  1072  1074  1098  1126  1133  1138  1152  1154  1180  1199  1203  1234  1256  1292  
105  195  281  354  382  517  545  784  800  806  859  949  994  1003  1011  1057  1065  1067  1071  1072  1074  1098  1126  1154  1180  
195  279  281  354  382  513  517  784  957  959  1003  1011  1013  1018  1065  1067  1071  1072  1074  1126  1180  1208  1234  
279  354  382  513  517  693  784  957  959  1011  1013  1065  1067  1072  1074  1126  1180  1234  
279  354  513  784  957  959  1011  1013  1065  1067  1071  1072  1126  1180  1234  
279  513  784  957  959  1011  1013  1065  1067  1072  1126  1180  1234  
279  513  784  957  959  1011  1013  1065  1067  1072  1126  1180  1234  
279  513  957  959  1011  1013  1065  1067  1072  1126  1180  1234  
279  354  513  784  957  959  1011  1013  1065  1067  1072  1126  1180  1234  
279  354  513  784  957  959  1011  1013  1065  1067  1072  1126  1180  1234  
279  354  513  737  784  957  959  1011  1013  1065  1067  1072  1126  1180  1234  
279  354  513  737  784  791  957  959  1011  1013  1065  1067  1072  1126  1180  1234  
279  354  513  737  784  791  957  959  1011  1013  1065  1067  1072  1126  1180  1234  
279  354  513  737  784  957  959  1011  1013  1065  1067  1072  1126  1180  1234  
279  354  513  737  784  791  957  959  1011  1013  1065  1067  1072  1126  1180  1234  
279  354  513  737  784  791  957  959  1011  1065  1067  1072  1126  1180  1234  
279  361  513  784  791  957  959  1011  1013  1067  1072  1126  1180  1234  
513  784  798  953  957  959  1011  1013  1065  1067  1072  1119  1126  1180  1234  
104  120  181  368  499  513  515  583  744  751  798  899  959  1013  1065  1067  1119  1126  1180  1234  
104  109  160  181  361  368  499  502  515  583  715  751  798  810  859  892  943  953  959  1009  1013  1051  1061  1063  1067  1069  1115  1119  1126  1169  1173  1180  1187  1234  1236  
68  104  109  120  160  181  195  286  361  368  382  414  431  499  502  515  517  541  558  607  614  631  684  694  715  744  747  751  791  810  823  849  859  896  943  955  959  1007  1009  1011  1061  1063  1069  1076  1079  1105  1115  1126  1130  1133  1159  1169  1180  1182  1187  1225  1236  1260  1280  1287  
28  56  83  104  109  124  151  158  160  181  186  275  323  339  359  361  366  368  382  395  414  421  424  430  431  470  499  500  515  522  541  558  589  607  608  631  691  694  696  727  732  742  744  747  764  781  791  794  810  817  823  843  845  860  877  896  904  912  918  943  944  950  957  961  966  975  1007  1008  1009  1011  1020  1054  1061  1079  1105  1115  1119  1125  1126  1128  1130  1131  1133  1150  1159  1169  1171  1179  1182  1184  1199  1204  1216  1233  1236  1243  1258  1260  1275  1280  1284  
22  23  24  33  38  41  51  56  78  82  86  94  104  108  114  118  119  126  127  140  144  156  157  160  163  177  181  182  186  187  188  191  192  193  213  239  245  261  264  267  274  285  305  323  326  338  350  354  362  366  375  388  395  422  430  431  446  464  469  470  475  499  504  507  511  514  516  517  522  524  541  551  556  558  561  570  584  589  595  597  599  603  614  632  636  638  639  650  652  668  672  680  691  692  693  696  697  699  703  705  725  726  729  731  732  742  745  746  750  752  764  772  774  775  780  788  791  801  803  810  838  845  852  857  860  864  882  896  901  904  912  915  918  921  943  948  949  950  954  956  957  966  969  980  985  992  998  1002  1007  1011  1014  1015  1018  1020  1024  1034  1043  1044  1047  1050  1051  1057  1065  1066  1067  1069  1074  1078  1086  1088  1098  1101  1103  1115  1116  1125  1126  1128  1130  1131  1139  1150  1155  1156  1158  1159  1161  1169  1174  1177  1178  1182  1184  1188  1191  1197  1204  1209  1211  1216  1231  1234  1236  1238  1244  1245  1258  1274  1275  1278  1280  1284  1285  1290  1295  
1  7  11  12  14  21  22  25  28  29  30  32  34  35  36  37  41  42  47  49  58  60  67  71  72  73  77  90  91  95  97  98  101  105  108  112  113  116  120  122  123  128  129  134  138  143  145  146  149  151  153  155  156  158  159  162  166  168  171  173  174  181  183  188  189  193  194  195  200  201  205  211  217  219  223  227  228  234  236  238  239  241  242  245  249  252  253  255  257  259  262  266  267  268  271  275  277  281  282  289  295  313  317  318  319  321  325  330  336  340  346  355  359  362  363  370  371  376  378  381  382  383  387  391  393  394  395  396  399  404  406  412  420  424  428  430  432  437  440  442  449  450  452  455  459  461  464  465  468  473  474  480  481  482  483  490  491  494  503  505  513  515  517  525  528  531  536  542  544  550  558  563  564  565  567  575  578  583  585  586  587  593  595  601  603  605  606  611  616  621  622  624  625  629  630  636  660  666  671  672  673  674  675  676  677  680  684  689  692  699  700  701  702  705  713  716  719  724  728  745  746  751  752  754  761  764  766  768  774  775  778  782  784  785  791  795  796  800  804  806  808  809  811  815  820  827  832  839  842  850  854  855  858  859  862  863  864  865  867  874  880  881  882  886  906  907  914  915  928  933  935  942  945  948  960  975  976  980  992  1002  1003  1008  1009  1011  1012  1013  1016  1025  1027  1028  1034  1036  1039  1042  1043  1047  1050  1056  1058  1060  1061  1065  1074  1078  1086  1087  1088  1090  1094  1098  1103  1105  1119  1126  1130  1134  1137  1144  1145  1146  1148  1149  1162  1165  1167  1170  1174  1175  1179  1184  1189  1197  1198  1199  1204  1206  1207  1208  1209  1213  1221  1222  1223  1228  1230  1232  1234  1237  1241  1243  1249  1252  1253  1256  1262  1263  1266  1267  1269  1274  1276  1286  1291  1292  1293  
1  3  4  7  8  11  13  17  20  22  26  32  35  36  38  40  45  46  56  61  63  70  71  73  75  76  77  84  87  88  92  98  108  111  112  113  118  120  121  138  146  156  158  162  165  167  174  176  183  187  188  211  217  218  220  223  229  231  235  246  247  252  254  260  268  271  274  275  276  281  284  291  292  295  296  299  306  307  314  316  329  330  332  335  354  355  356  359  361  362  364  368  372  375  389  393  394  398  402  408  431  439  440  442  448  451  461  463  466  467  472  478  483  486  488  493  494  495  500  503  515  517  524  530  531  539  545  546  553  556  562  573  579  583  585  593  596  602  613  615  625  627  629  635  636  647  650  666  668  673  687  691  710  714  716  740  742  746  752  762  767  784  792  794  809  817  822  824  825  826  828  839  855  859  861  864  865  867  869  873  878  881  883  912  916  937  938  945  951  955  967  970  973  975  980  982  983  988  991  992  993  994  1002  1003  1008  1010  1011  1013  1020  1021  1022  1024  1027  1032  1035  1039  1042  1045  1047  1048  1057  1061  1065  1067  1071  1073  1074  1086  1089  1098  1099  1101  1106  1113  1115  1116  1119  1126  1133  1138  1139  1150  1151  1152  1154  1159  1171  1178  1181  1183  1185  1190  1191  1196  1198  1199  1202  1204  1228  1232  1242  1245  1251  1253  1256  1267  1274  1277  1281  
1  6  12  20  22  47  51  53  58  60  70  72  73  87  111  120  131  153  155  156  158  162  164  174  187  188  189  219  223  229  235  247  251  260  261  264  269  271  274  275  276  279  281  282  289  296  299  303  313  314  316  319  323  332  334  335  339  346  348  355  356  359  368  376  394  404  406  420  422  428  432  435  442  445  448  452  456  458  462  477  484  485  486  493  502  503  517  518  521  525  531  534  545  556  559  562  585  589  595  599  600  601  629  636  644  662  663  666  685  689  694  714  719  723  746  751  752  756  775  784  801  806  807  809  823  826  834  839  859  860  862  863  864  865  873  890  906  909  912  916  928  940  942  948  951  955  972  973  977  988  995  1003  1009  1011  1013  1016  1018  1020  1022  1024  1025  1027  1032  1040  1041  1042  1057  1062  1065  1067  1071  1074  1094  1098  1106  1109  1113  1126  1130  1133  1138  1144  1145  1152  1154  1183  1191  1197  1199  1201  1202  1232  1234  1253  1255  1256  1269  1281  
1  12  27  42  56  60  70  71  87  94  120  121  136  139  140  155  156  162  164  174  188  189  219  231  247  250  274  279  281  282  291  292  296  314  316  320  332  338  339  346  355  370  406  408  422  433  442  448  471  482  493  503  513  517  539  542  545  546  550  559  562  589  590  593  595  608  636  650  663  689  718  746  784  791  801  806  825  826  828  833  834  854  855  859  861  863  864  896  900  909  912  914  916  928  940  945  973  975  995  1003  1008  1010  1011  1013  1018  1020  1024  1040  1041  1042  1048  1057  1065  1067  1071  1074  1098  1101  1113  1126  1130  1133  1138  1152  1154  1180  1181  1183  1190  1199  1201  1202  1203  1227  1232  1243  1253  1256  1267  1281  1286  1292  
22  53  60  70  73  94  111  121  132  136  155  162  195  239  271  274  275  281  286  292  295  303  314  336  346  354  356  359  363  375  406  408  420  422  482  493  500  503  513  517  545  550  553  559  562  571  585  589  595  599  714  746  752  767  784  785  800  801  806  807  826  828  834  838  855  859  860  861  864  886  909  921  940  948  949  952  966  970  973  1003  1011  1013  1018  1022  1024  1025  1027  1039  1042  1057  1065  1067  1071  1074  1098  1126  1128  1130  1133  1138  1152  1154  1167  1180  1190  1199  1203  1232  1253  1256  1269  1281  1292  
45  56  58  60  70  92  110  113  139  146  153  156  162  219  239  253  279  281  332  342  354  355  363  375  382  422  428  517  545  546  582  583  629  688  689  707  739  746  752  774  775  784  806  807  824  826  834  855  859  864  890  909  973  1003  1011  1013  1017  1018  1024  1027  1032  1042  1057  1065  1067  1071  1074  1076  1098  1100  1126  1133  1152  1180  1182  1199  1227  1240  1242  1253  1256  1269  1275  1292  
120  139  153  162  195  279  281  314  318  346  354  355  359  368  370  406  428  513  517  546  559  599  613  670  717  746  751  784  800  806  826  864  942  994  1003  1011  1013  1020  1024  1027  1057  1065  1067  1071  1072  1074  1098  1107  1126  1138  1146  1152  1154  1156  1180  1199  1203  1240  1242  1256  1281  1292  
139  151  162  192  195  279  281  342  346  354  368  382  517  545  550  689  784  785  800  826  834  940  949  957  959  973  1008  1011  1013  1057  1065  1067  1072  1074  1100  1126  1128  1133  1138  1152  1180  1227  1234  
279  281  292  354  382  513  517  545  693  784  852  959  1003  1011  1018  1027  1065  1067  1071  1072  1074  1098  1126  1133  1154  1180  1182  1234  1281  
354  513  546  693  746  784  864  949  957  959  1011  1013  1065  1067  1071  1072  1074  1126  1180  1234  
279  354  382  513  517  784  800  957  959  960  1011  1013  1065  1067  1072  1126  1180  1234  
279  382  513  517  784  957  959  1011  1013  1065  1067  1072  1126  1180  1234  
279  354  513  784  957  959  1011  1013  1065  1067  1072  1126  1180  1234  
279  354  513  784  957  959  1011  1013  1065  1067  1072  1126  1180  1234  
279  354  513  784  957  959  1011  1013  1065  1067  1072  1126  1180  1234  
279  354  513  784  957  959  1011  1013  1065  1067  1072  1126  1180  1234  
279  354  513  784  957  959  1011  1013  1065  1067  1072  1126  1180  1234  
279  354  513  737  784  957  959  1011  1013  1065  1067  1072  1126  1180  1234  
279  354  513  737  784  957  959  1011  1013  1065  1067  1072  1126  1180  1234  
279  354  513  737  784  957  959  1011  1013  1065  1067  1072  1126  1180  1234  
279  354  513  737  784  791  957  959  1011  1013  1065  1067  1072  1126  1180  1234  
279  354  513  737  784  791  957  959  1011  1013  1065  1067  1072  1126  1180  1234  
279  354  513  737  744  784  791  957  959  1011  1013  1065  1067  1072  1119  1126  1180  1234  
109  279  361  513  558  737  784  798  845  899  953  957  959  1011  1013  1065  1067  1119  1126  1180  1234  
104  109  160  361  368  499  502  513  515  558  698  744  791  845  859  899  918  943  959  1011  1013  1065  1067  1119  1126  1180  1234  1280  
