42  57  63  72  122  135  157  160  168  173  176  185  194  212  253  271  282  283  294  303  320  345  346  386  401  421  430  431  488  502  556  587  608  641  677  689  694  697  698  700  717  732  734  741  742  751  758  764  765  769  772  774  786  804  805  826  832  858  861  868  880  883  902  915  920  934  956  963  990  1045  1046  1052  1053  1141  1147  1156  1198  1236  1290  
63  72  101  122  185  194  283  294  320  334  339  386  421  431  502  608  681  698  700  717  732  734  741  742  751  764  786  804  826  832  840  858  861  868  880  915  920  934  956  963  970  989  1052  1123  1156  1290  
63  72  157  194  283  320  334  339  345  386  421  431  502  556  608  638  681  698  700  717  732  734  741  742  751  764  786  805  832  858  861  868  880  902  956  963  1123  1132  1156  
63  157  194  283  320  334  339  431  502  608  681  698  717  732  734  751  764  786  804  805  832  858  859  886  902  956  979  1078  1156  
63  157  194  283  320  334  339  421  431  502  608  681  698  717  732  734  751  764  786  804  805  858  859  902  956  1078  1132  1156  
63  157  194  283  320  334  339  421  431  502  608  681  698  717  732  734  751  764  775  786  805  840  858  859  902  909  956  1078  1132  1156  
63  157  194  283  320  334  339  345  420  421  427  431  502  608  681  698  717  721  732  734  751  764  775  786  805  840  859  902  909  956  1078  1132  1156  
63  157  283  320  334  339  345  420  421  431  502  608  681  698  717  721  732  734  751  764  775  786  805  859  902  903  909  1078  1132  1156  1222  
63  157  194  283  320  334  339  345  420  421  427  431  502  513  608  698  717  721  732  734  751  764  786  805  859  902  903  909  991  1045  1078  1132  1156  1168  1222  
63  157  176  194  283  334  339  345  420  427  431  513  578  608  681  698  717  732  734  751  786  805  840  859  902  903  909  956  991  1045  1156  1168  1222  1236  1288  
157  176  283  334  427  513  578  608  681  686  698  717  732  734  751  786  805  840  859  902  909  956  991  1002  1045  1156  1168  1222  1236  1288  
91  95  100  122  157  176  283  359  398  427  517  578  608  681  698  734  742  751  764  775  786  789  801  805  826  840  859  909  966  991  1002  1104  1156  1168  1175  1216  1229  1236  1238  1261  1290  
29  59  71  98  115  122  195  229  258  283  288  359  362  398  409  420  423  490  517  519  547  548  549  552  564  574  605  608  610  639  681  688  697  700  721  732  734  742  750  751  758  775  777  786  789  801  805  812  826  840  855  859  883  909  934  937  963  966  992  1020  1062  1070  1071  1156  1168  1200  1211  1222  1229  1232  1236  1238  1290  1294  
41  59  63  98  99  112  115  116  125  134  159  162  216  229  242  280  282  283  294  305  339  345  359  362  368  370  386  398  420  430  431  482  490  493  509  517  533  547  549  552  553  556  570  574  586  597  608  641  642  647  686  688  697  700  702  708  710  731  732  742  775  777  786  789  792  800  801  804  815  818  826  829  837  840  848  855  860  863  869  883  884  905  913  934  956  966  978  979  992  1017  1021  1049  1062  1063  1066  1069  1070  1071  1075  1078  1098  1099  1110  1113  1123  1136  1152  1156  1174  1198  1205  1211  1216  1229  1236  1241  1242  1254  1258  1268  1290  
21  27  32  41  56  59  63  71  95  116  125  131  134  154  160  168  179  180  194  213  229  267  273  282  283  291  294  298  305  306  307  326  331  341  350  359  362  370  371  373  374  383  386  396  401  403  430  431  466  467  482  485  490  493  501  502  515  517  524  533  534  552  553  556  564  572  574  586  594  595  597  605  608  613  616  641  668  675  677  697  731  732  734  736  750  751  757  761  777  786  792  801  811  812  818  823  826  827  832  840  843  852  862  902  909  915  920  934  953  960  962  963  966  968  990  991  1016  1046  1052  1069  1071  1073  1074  1088  1089  1091  1098  1099  1136  1141  1142  1153  1156  1187  1191  1198  1205  1219  1230  1242  1245  1251  1258  1262  1266  1269  1270  1287  1290  
4  59  72  92  94  95  101  102  115  122  125  142  168  176  180  194  198  204  208  212  220  252  271  276  277  281  283  285  293  305  307  313  317  324  326  333  345  350  386  396  398  401  402  403  423  430  431  456  466  467  472  473  482  490  491  502  507  512  515  518  527  534  550  557  565  570  574  576  581  586  587  591  594  616  659  675  684  685  691  697  700  712  716  732  733  738  741  742  750  751  758  763  764  773  775  777  778  786  790  794  801  804  810  812  818  826  832  840  843  852  855  858  861  862  864  880  915  920  951  953  956  963  970  971  974  978  981  996  1000  1002  1011  1024  1037  1045  1046  1053  1070  1072  1078  1081  1088  1099  1106  1114  1116  1126  1132  1146  1148  1168  1176  1194  1201  1205  1208  1216  1226  1251  1258  1262  1263  1280  1290  
31  48  71  72  82  92  95  122  123  125  131  153  168  176  179  185  194  215  220  244  256  267  271  272  282  283  292  294  303  307  313  324  326  333  345  358  359  370  406  407  421  431  456  488  490  493  507  509  512  517  525  527  534  546  565  570  581  586  587  597  602  611  613  614  620  638  641  650  684  694  698  700  708  724  731  733  741  742  748  750  751  758  764  772  804  815  826  832  837  840  852  858  861  862  868  880  881  883  884  887  915  920  934  951  956  957  962  963  978  979  990  992  1000  1003  1016  1045  1052  1094  1102  1107  1118  1133  1161  1172  1194  1198  1208  1209  1218  1258  1259  1280  1290  
5  31  36  42  57  58  61  95  96  101  116  120  135  145  160  173  176  185  194  195  205  271  282  283  316  320  359  370  379  385  386  391  402  431  472  490  502  517  531  551  557  570  576  587  589  590  608  612  615  633  641  648  659  685  694  698  700  717  732  741  742  748  751  764  772  774  778  786  804  805  826  832  843  855  858  862  867  868  880  915  934  938  956  963  978  979  988  992  1011  1052  1053  1078  1106  1123  1155  1160  1226  1230  1236  1263  1294  1295  
42  72  90  96  102  109  111  122  129  135  179  185  194  253  278  281  283  317  320  346  371  386  397  421  429  431  476  488  551  560  694  700  717  732  734  740  741  742  751  764  765  786  826  832  858  861  862  868  880  915  934  951  956  1057  1111  1123  1156  1187  1209  
59  63  72  107  116  122  135  185  194  283  290  294  331  339  359  374  386  403  421  428  431  502  511  512  532  560  565  587  620  681  689  697  700  717  732  734  741  764  796  832  840  858  859  862  880  889  902  915  934  956  963  979  1019  1123  1132  1147  1155  1194  1287  
63  72  157  185  194  283  320  334  339  379  431  565  587  608  681  698  700  717  732  734  741  742  746  750  764  786  800  832  858  859  868  920  956  963  970  979  1068  1123  1132  1145  1188  1205  1229  
63  72  157  185  194  283  320  334  339  386  421  431  556  560  608  681  698  717  732  734  751  764  786  804  805  840  858  859  886  902  956  979  1078  1132  1156  
63  157  194  283  339  421  431  502  608  681  698  717  732  734  751  764  773  786  805  832  848  858  859  909  956  1078  1132  1156  
63  157  194  283  320  334  339  345  421  431  502  608  681  698  721  732  734  751  764  775  786  805  840  859  902  1078  1110  1132  1156  
63  157  194  283  320  339  421  431  502  608  681  698  717  721  732  734  751  764  775  786  805  840  859  956  963  1078  1132  1156  
63  157  283  320  334  339  420  421  431  502  608  681  698  717  721  732  734  751  775  786  805  840  859  902  956  1078  1132  1156  
63  157  283  320  334  339  420  421  431  502  578  608  681  698  721  732  734  751  764  775  786  805  859  902  1078  1132  1156  1222  
63  157  176  283  320  334  345  421  431  578  608  698  717  721  732  734  751  764  775  786  805  840  859  909  956  1045  1132  1156  1168  1222  1236  
159  176  194  283  334  427  578  608  681  698  717  721  734  751  775  786  805  840  859  909  1002  1045  1156  1168  1222  
100  176  320  420  427  608  697  698  734  742  751  775  786  805  840  858  859  909  937  956  991  1045  1132  1156  1168  1222  
91  122  153  157  176  195  283  359  420  431  549  697  721  732  750  786  789  801  805  840  859  902  909  937  966  991  992  1016  1021  1070  1078  1168  1222  1229  1238  
41  56  115  122  153  157  194  273  282  283  292  359  362  367  398  402  420  431  547  548  549  552  574  598  700  708  721  732  742  750  786  789  826  855  859  883  902  962  967  992  1021  1046  1070  1123  1187  1219  1222  1236  1290  
17  21  26  56  59  63  153  159  185  204  216  246  281  282  311  339  359  398  420  421  472  491  509  512  549  556  594  610  641  645  647  653  697  700  732  738  742  746  758  762  785  786  789  792  797  801  818  826  858  862  884  902  909  934  956  961  963  966  967  968  977  990  992  1016  1046  1050  1078  1088  1104  1174  1178  1222  1232  1241  1258  1287  
9  63  84  100  126  149  153  159  160  161  168  185  191  194  262  276  281  292  307  314  331  355  362  373  376  377  384  386  430  431  487  490  533  542  549  578  605  610  616  619  629  637  641  665  686  697  710  733  742  750  764  772  777  800  804  840  843  855  858  860  880  881  886  912  915  963  991  996  1046  1052  1053  1066  1074  1081  1108  1120  1124  1141  1151  1153  1158  1160  1172  1176  1200  1205  1207  1214  1217  1229  1230  1254  1262  1266  1277  
12  19  29  63  80  94  95  96  105  122  139  149  159  168  194  227  242  271  281  283  314  322  333  334  342  345  350  357  359  378  421  431  467  491  492  496  502  519  520  542  555  568  570  594  597  614  620  641  650  659  661  663  698  700  731  732  750  769  772  773  785  790  796  801  804  808  812  823  826  827  832  837  844  858  861  862  868  879  886  913  914  920  923  933  947  956  983  988  989  1018  1037  1053  1100  1113  1141  1160  1213  1236  1245  1256  1258  1259  1261  1270  1271  1277  1288  1294  
9  65  90  135  168  173  179  185  194  207  215  244  274  283  289  292  294  318  331  339  352  365  370  379  380  395  431  454  489  502  507  541  557  590  611  663  698  700  732  735  742  748  751  754  758  764  765  772  781  786  797  802  804  826  832  855  858  894  933  951  956  963  967  969  1002  1003  1009  1045  1046  1051  1052  1053  1061  1078  1091  1122  1132  1145  1146  1198  1212  1213  1230  1241  1259  1263  1266  1290  
9  31  58  63  72  94  107  134  160  194  195  229  250  256  294  303  307  322  334  373  386  407  421  502  512  514  541  551  557  587  589  590  597  608  638  691  697  732  734  751  769  786  796  805  823  832  840  855  858  859  861  864  880  915  918  953  956  965  971  972  977  992  1014  1019  1021  1025  1046  1052  1078  1118  1132  1172  1194  1287  
4  63  72  107  122  140  161  185  194  271  303  379  386  431  502  527  595  596  597  681  686  689  702  717  732  734  741  742  745  751  764  765  769  775  786  804  805  824  832  858  862  880  915  934  956  957  1054  1078  1110  1118  1139  1156  1219  1280  
57  63  102  106  157  194  283  320  322  339  356  379  386  431  502  507  556  587  606  608  611  696  700  732  734  742  751  764  773  786  804  832  840  858  859  868  903  915  934  951  956  963  988  1066  1123  1132  1133  1198  
63  72  185  194  283  334  339  356  396  421  431  681  698  700  717  732  734  753  758  764  786  804  805  832  858  859  868  886  894  902  956  970  1005  1061  1091  1132  1156  1294  
63  157  194  283  334  339  384  421  431  681  689  698  732  734  750  751  764  786  804  805  832  858  859  902  956  957  1078  1123  1132  1287  
63  157  194  320  339  431  502  608  681  698  732  734  751  764  775  786  804  805  858  859  902  956  1078  1099  1132  1156  1277  
63  157  194  320  431  608  681  698  732  775  786  805  840  858  859  902  956  1078  1132  1156  
157  194  320  339  427  431  608  717  732  734  751  764  786  805  859  956  1078  1132  1156  
157  283  334  339  345  512  698  721  732  734  751  775  805  859  909  1132  1156  
63  283  421  698  721  751  764  786  805  1099  1168  
176  320  420  608  698  734  751  764  840  903  909  956  1168  1222  
176  751  775  805  902  1168  1222  
157  420  552  721  786  805  1156  1168  
359  420  721  758  1104  1222  
