33  90  107  176  196  294  299  306  346  347  349  365  366  376  379  386  395  403  405  459  502  521  534  550  553  593  606  611  663  669  671  678  732  767  821  831  833  848  849  860  870  878  890  895  910  932  949  964  965  994  1014  1041  1045  1048  1056  1087  1102  1105  1110  1114  1135  1156  1160  1190  1205  1210  1236  1261  1281  1289  
152  176  349  366  379  405  428  479  521  550  688  732  786  831  833  840  848  860  878  895  910  960  964  965  992  1014  1041  1045  1048  1051  1087  1102  1105  1111  1114  1122  1156  1205  1231  1261  1269  1289  
152  176  203  349  405  550  668  732  786  833  840  910  964  992  1048  1102  1114  1156  1210  1289  
176  349  405  668  706  732  786  833  840  910  964  992  1048  1102  1114  1154  1156  1205  1208  1210  1261  
176  349  420  668  706  721  732  786  833  840  992  994  1102  1114  1156  1261  
176  349  405  668  706  732  786  833  840  992  1048  1114  1261  
176  349  405  668  706  721  732  786  833  840  992  1114  1261  
176  349  405  668  706  732  760  786  833  840  992  1114  1261  
176  349  405  647  668  706  732  786  833  840  992  1114  1261  
176  349  405  668  706  732  760  786  833  840  992  1114  1261  
176  349  405  668  706  732  786  833  840  992  1114  1261  
176  349  405  668  732  786  833  840  992  1114  1261  
176  349  405  668  732  786  833  840  992  1114  1261  
176  349  405  668  706  721  732  786  840  992  1114  1261  
349  668  706  721  732  786  833  840  992  1114  1261  
176  349  620  668  721  732  775  829  833  
155  405  493  589  721  775  829  841  883  895  937  1100  1249  
163  412  493  494  497  628  714  775  829  841  883  895  949  1003  1095  1101  1102  1122  1154  1195  
140  155  289  309  330  357  365  381  412  413  493  577  608  620  628  653  676  741  760  763  795  829  837  840  841  883  895  931  949  974  979  995  1000  1051  1076  1100  1101  1122  1149  1269  1289  
89  103  163  176  184  289  296  305  309  329  330  346  357  365  376  381  386  393  412  421  493  502  521  525  528  568  589  611  616  628  676  679  714  736  741  747  748  760  781  783  786  809  817  821  835  837  838  840  847  863  881  883  892  895  910  920  969  976  979  1022  1031  1050  1051  1076  1095  1101  1102  1122  1154  1159  1203  1249  1269  1272  1291  
8  10  16  40  50  67  74  80  89  96  103  107  123  131  138  140  142  147  152  157  163  173  210  224  233  237  256  276  277  288  291  294  296  299  300  310  330  336  339  353  364  365  368  376  379  381  386  404  412  425  450  454  470  502  505  525  527  539  544  550  555  565  568  575  608  611  620  652  687  705  722  724  732  736  741  751  756  776  780  786  801  802  821  837  838  841  850  859  860  863  871  881  889  910  914  918  938  949  963  964  973  990  1000  1003  1015  1023  1027  1044  1048  1050  1067  1076  1077  1080  1085  1095  1101  1110  1122  1149  1156  1159  1173  1184  1195  1201  1203  1205  1229  1246  1249  1257  1264  1266  1269  
5  7  8  10  13  18  19  33  42  46  50  55  66  75  78  86  89  90  92  98  101  105  112  120  123  126  135  138  148  152  157  166  167  170  171  175  176  183  184  189  192  203  217  230  241  245  247  250  252  255  262  266  280  283  284  289  291  294  299  300  306  309  330  337  339  348  349  352  353  357  375  376  378  380  381  392  394  404  415  416  420  429  432  440  443  470  493  502  510  514  516  521  524  527  529  542  550  554  559  563  572  577  589  600  609  614  616  628  631  633  637  650  651  659  671  673  678  681  682  693  695  698  704  714  716  723  732  733  734  735  739  741  746  747  757  767  775  778  780  781  786  796  802  814  821  832  837  840  846  848  850  852  860  863  865  871  875  889  895  902  910  914  915  923  925  928  931  932  937  938  945  950  964  969  971  974  975  982  989  1003  1019  1027  1028  1039  1041  1068  1071  1073  1080  1087  1097  1101  1104  1108  1110  1113  1114  1115  1117  1120  1130  1131  1134  1139  1141  1148  1149  1151  1152  1153  1156  1158  1164  1169  1179  1188  1193  1201  1202  1203  1210  1217  1219  1220  1222  1223  1233  1242  1252  1256  1271  1273  1289  1291  1295  
4  8  9  15  17  18  25  28  33  42  46  50  74  75  84  88  90  94  103  115  121  126  134  138  141  147  150  152  153  156  171  172  173  174  175  176  177  189  197  205  211  219  232  238  239  242  245  258  265  284  289  299  306  318  325  329  331  338  346  349  359  361  364  365  366  369  376  379  387  419  434  435  436  443  445  462  467  470  493  496  502  503  512  520  534  545  546  548  550  553  554  557  559  572  593  599  603  605  611  617  626  627  628  629  642  659  663  665  669  672  678  679  688  703  706  709  711  714  716  721  730  731  732  747  760  766  767  781  815  818  821  831  836  840  849  850  852  858  860  864  865  871  877  882  889  892  893  900  904  910  911  919  931  936  945  956  957  960  964  965  969  979  993  994  995  998  999  1008  1023  1026  1032  1041  1045  1048  1049  1051  1052  1056  1058  1064  1087  1101  1102  1103  1105  1110  1111  1114  1122  1135  1141  1148  1162  1189  1192  1204  1208  1210  1217  1218  1219  1220  1226  1246  1247  1258  1261  1269  1272  1275  1276  1289  
5  7  9  33  37  50  62  64  83  90  97  107  130  131  135  137  156  163  167  176  177  181  184  194  195  196  197  203  205  211  225  230  265  278  284  292  294  296  299  318  322  329  331  347  349  359  365  366  379  386  403  405  419  429  440  442  445  450  465  470  476  496  502  506  521  525  530  534  542  550  553  559  573  603  609  611  647  650  662  663  669  671  672  673  677  678  690  704  706  730  732  747  801  843  848  864  867  870  873  877  878  887  902  910  913  918  928  932  940  944  949  952  964  993  994  995  1007  1014  1023  1041  1045  1048  1056  1058  1067  1080  1087  1102  1105  1108  1110  1111  1114  1119  1122  1132  1133  1135  1153  1162  1172  1189  1190  1192  1194  1210  1220  1226  1253  1269  1276  1281  1289  1295  
5  9  89  90  94  107  115  135  137  147  174  176  191  196  211  230  236  290  294  299  306  310  329  346  347  349  366  372  379  387  394  395  403  405  428  445  461  464  479  521  523  525  526  529  530  534  550  553  559  595  606  611  636  659  663  673  678  732  734  742  751  767  783  821  824  845  848  856  860  864  870  871  873  877  878  892  895  910  913  925  932  949  964  965  975  984  994  1014  1041  1045  1048  1050  1056  1067  1087  1095  1102  1105  1110  1114  1122  1135  1156  1158  1160  1172  1190  1192  1205  1231  1240  1261  1264  1271  1276  1281  1289  
33  67  107  121  137  176  237  271  283  294  309  329  346  357  365  366  376  381  394  405  420  431  432  477  486  502  523  534  550  559  570  593  606  651  668  672  704  786  791  821  833  870  873  878  895  910  919  964  975  979  984  992  994  995  1009  1014  1041  1045  1048  1056  1087  1102  1105  1110  1114  1130  1147  1154  1156  1160  1189  1190  1192  1210  1211  1271  1289  
107  152  161  176  349  376  403  405  486  502  523  550  568  606  609  660  668  696  706  732  796  833  840  841  848  875  885  910  913  960  964  979  992  1014  1041  1048  1050  1051  1064  1087  1102  1111  1114  1141  1190  1210  1265  1289  
176  349  405  523  550  706  732  736  786  833  840  860  910  925  964  992  1014  1048  1087  1100  1102  1114  1154  1156  1157  1205  1289  
176  349  405  550  668  706  732  786  833  840  910  964  992  994  1048  1102  1114  1156  
176  349  405  668  706  732  786  833  840  910  964  992  994  1048  1102  1114  1261  
176  349  405  668  706  721  732  786  833  840  910  992  1114  1261  
176  349  405  668  706  732  786  833  840  992  1114  1261  
176  349  405  706  732  760  786  833  840  992  1114  1261  
176  349  405  668  706  732  760  786  833  840  992  1114  1261  
176  349  405  668  706  732  786  833  840  992  1114  1261  
176  349  405  668  732  786  833  840  992  1114  1261  
176  349  405  668  706  732  775  786  833  840  992  1114  1261  1276  
176  349  405  706  721  732  786  833  840  992  1114  1261  
176  349  405  668  706  721  732  786  833  840  992  1114  1261  
176  349  668  706  732  760  786  833  840  1114  1261  
349  357  405  721  732  760  786  883  895  992  1114  1261  
330  405  668  706  732  740  768  775  841  895  1114  1249  
155  163  184  338  412  493  514  620  628  714  721  760  775  794  829  830  837  841  895  949  1051  1095  1101  1122  1195  1249  1289  
72  140  163  165  184  330  336  365  381  412  493  497  514  521  606  609  628  673  676  679  729  736  741  747  760  768  775  783  794  795  837  840  841  848  881  883  895  920  949  979  991  1000  1048  1049  1051  1101  1103  1149  1154  1249  1289  
89  103  107  123  132  140  163  239  255  263  289  309  330  343  346  357  364  365  381  386  393  404  412  418  421  464  479  493  502  525  544  550  555  589  608  611  616  628  652  666  676  719  726  729  732  741  748  766  773  783  786  809  821  829  840  863  881  883  892  895  904  910  917  920  949  969  974  981  995  1000  1020  1022  1050  1051  1076  1087  1095  1101  1122  1130  1133  1149  1156  1185  1190  1195  1203  1259  1267  1269  1273  1289  1291  
0  8  10  20  33  35  40  43  44  50  56  66  67  70  79  80  83  88  89  90  92  96  103  107  123  128  129  140  157  161  163  176  183  193  203  227  237  247  259  276  280  284  288  294  296  299  305  329  330  357  361  368  374  379  381  384  386  390  393  402  410  412  422  436  469  470  483  487  493  503  505  516  518  521  527  542  544  551  555  570  573  576  600  611  616  626  628  637  643  650  652  673  692  698  703  721  729  730  731  732  736  739  740  741  745  747  750  760  776  780  785  786  799  802  804  820  821  829  830  832  833  837  841  843  852  857  859  860  863  881  883  891  895  897  910  914  949  961  964  969  972  973  984  1010  1012  1015  1017  1019  1022  1023  1026  1027  1041  1045  1050  1054  1058  1066  1068  1089  1095  1101  1102  1110  1114  1121  1122  1130  1133  1143  1149  1158  1175  1184  1195  1203  1204  1213  1223  1246  1249  1252  1257  1266  1269  1273  1289  1291  1294  
10  15  27  39  42  47  55  56  58  62  63  65  67  74  81  83  90  92  103  111  121  123  124  130  140  141  142  147  148  150  162  167  176  187  192  197  203  206  211  213  216  229  233  236  250  251  257  261  262  271  276  284  292  294  299  301  309  316  329  331  332  342  347  348  359  365  366  368  374  379  381  394  399  403  405  409  418  423  428  432  437  439  441  442  449  463  471  479  485  487  494  504  510  512  525  526  533  557  560  572  578  588  593  595  596  605  606  608  611  616  617  628  647  650  653  659  663  665  667  672  673  677  678  695  706  717  726  734  742  744  749  763  773  780  784  788  793  796  814  818  819  821  825  830  831  837  840  841  863  864  872  873  875  877  878  885  900  902  905  908  910  911  919  920  925  929  931  936  938  948  952  959  965  969  972  975  984  987  991  1002  1013  1019  1022  1033  1035  1039  1040  1041  1048  1051  1064  1067  1080  1081  1087  1090  1095  1102  1104  1108  1110  1111  1114  1120  1122  1130  1134  1135  1149  1153  1156  1160  1174  1189  1201  1202  1205  1210  1220  1226  1228  1231  1247  1252  1258  1273  1276  1279  1280  1285  1289  1295  
0  9  17  37  44  45  50  57  59  60  63  73  75  83  107  122  128  140  147  150  152  160  162  163  176  183  184  189  191  197  210  212  221  233  240  250  251  258  264  266  268  271  282  285  289  294  299  317  329  331  337  338  345  346  347  354  357  359  364  365  374  376  386  393  399  403  405  419  427  434  437  441  466  469  476  486  487  506  509  515  521  523  529  530  534  550  551  553  564  570  572  575  576  577  584  589  609  621  626  627  628  643  660  662  668  669  670  671  678  709  723  733  734  742  750  756  767  781  786  788  814  815  818  819  821  831  833  837  840  848  858  860  870  873  878  887  889  900  902  910  912  918  931  943  945  949  963  964  965  972  974  979  989  993  994  1005  1014  1017  1022  1039  1040  1041  1045  1048  1050  1056  1064  1075  1084  1086  1087  1090  1091  1101  1102  1105  1108  1111  1114  1118  1125  1135  1141  1149  1153  1157  1160  1161  1162  1175  1178  1180  1182  1188  1192  1210  1211  1219  1222  1228  1229  1231  1232  1236  1241  1261  1269  1276  1281  1289  1293  1295  
5  33  50  55  64  65  73  74  81  94  97  107  116  117  122  126  160  171  176  196  233  239  241  250  251  265  266  294  303  310  347  353  354  365  366  372  376  378  386  403  405  415  428  439  450  469  470  483  502  506  512  518  523  525  534  548  550  564  589  608  626  663  665  669  672  698  732  733  734  742  815  821  833  840  843  848  856  858  870  873  877  878  895  900  910  913  932  944  960  961  964  965  974  975  993  995  1012  1041  1045  1048  1056  1087  1090  1102  1104  1105  1108  1110  1114  1122  1133  1141  1142  1152  1154  1156  1167  1189  1192  1193  1201  1205  1231  1252  1261  1269  1276  1289  1291  1293  
33  34  55  88  90  107  176  184  204  210  211  237  265  274  299  306  329  347  349  359  366  376  379  393  405  431  502  509  510  521  530  534  548  550  557  593  608  663  669  678  733  734  741  793  796  824  833  840  847  848  858  860  864  870  875  877  878  889  890  900  902  910  932  949  960  964  965  972  979  992  1014  1041  1045  1048  1050  1087  1088  1102  1105  1110  1114  1130  1135  1144  1154  1158  1189  1192  1205  1210  1226  1236  1261  1265  1269  1281  1289  
