60  67  75  88  105  114  128  147  168  173  176  204  268  301  302  303  306  337  343  356  369  377  397  406  408  411  422  442  503  525  531  537  571  627  689  692  694  706  707  712  713  724  740  749  760  774  780  785  791  812  814  861  893  915  961  982  1018  1020  1031  1052  1053  1067  1074  1091  1093  1094  1111  1115  1145  1147  1152  1160  1162  1171  1176  1203  1206  1219  1229  1230  1235  1250  1261  1263  1273  1288  
88  114  147  204  282  306  356  364  377  406  411  422  503  525  537  539  571  627  650  671  692  694  706  707  712  724  760  766  791  814  861  893  915  961  985  1018  1020  1031  1039  1067  1074  1088  1091  1093  1145  1146  1152  1160  1162  1203  1206  1219  1229  1230  1235  1273  
60  88  114  147  204  356  364  377  411  503  525  537  653  671  692  706  712  760  766  814  861  893  915  1020  1074  1088  1091  1093  1111  1145  1206  
88  204  284  377  411  525  671  706  712  724  760  766  814  861  893  915  1020  1074  1088  1091  1165  1246  
204  377  525  706  712  760  814  861  915  1020  1074  1088  1128  
204  377  706  760  814  861  915  1020  1074  1088  1133  1187  1241  
204  377  706  760  814  861  915  1020  1074  1088  1128  1133  1187  
204  377  706  760  814  861  915  1020  1074  1088  1241  
204  377  520  706  760  814  861  915  1020  1074  1088  
204  377  706  760  814  861  915  1020  1074  1088  
204  377  525  706  760  814  861  915  1020  1074  1088  
204  377  706  760  814  861  915  1020  1074  1088  1128  1133  
129  204  377  525  706  760  814  861  915  1020  1074  1088  1128  
129  204  377  706  760  814  861  915  1020  1074  1088  1128  1182  1246  
129  520  525  706  760  814  861  915  1088  1128  1182  1246  
129  204  365  377  525  760  910  915  1074  1133  1182  1246  
129  192  522  525  748  795  814  856  1020  1128  1130  1133  1135  1182  1187  1246  
129  134  204  277  289  290  415  522  554  650  802  910  1008  1074  1128  1130  1133  1182  1187  1189  1241  1246  
68  101  123  129  134  153  158  195  201  274  277  289  340  366  374  380  397  516  520  525  554  622  624  650  663  675  684  699  737  748  782  794  795  843  856  869  903  916  1013  1020  1022  1029  1062  1067  1070  1081  1128  1163  1182  1187  1212  1223  1230  1253  1270  
36  42  57  68  102  116  123  134  136  150  153  158  179  215  224  242  258  268  277  279  280  289  290  314  333  342  351  359  365  374  377  380  397  415  422  466  489  492  496  499  509  515  522  528  554  583  584  593  605  611  613  615  618  622  624  627  632  638  639  641  650  663  675  682  684  691  723  725  737  752  763  765  770  774  779  782  785  789  796  799  802  806  828  832  839  859  860  864  867  882  893  899  903  910  913  916  943  960  971  976  982  995  997  1008  1009  1029  1031  1044  1051  1053  1063  1070  1074  1076  1077  1081  1098  1101  1104  1105  1107  1115  1116  1118  1121  1130  1135  1158  1162  1175  1178  1180  1182  1206  1212  1216  1223  1230  1238  1241  1246  1253  1266  1270  1277  1291  
7  10  14  16  17  18  20  24  25  28  29  33  35  38  40  42  44  49  59  60  64  66  68  69  73  80  89  90  91  95  97  105  106  110  111  112  114  116  118  123  125  127  128  134  135  136  144  153  154  160  168  174  179  181  185  187  188  192  193  195  198  205  207  209  217  232  234  236  238  239  242  243  245  248  261  268  274  275  277  280  286  300  302  321  327  330  333  336  344  349  354  365  374  377  385  397  398  421  422  423  426  429  431  435  441  442  451  453  454  455  457  458  468  470  471  479  485  489  492  496  497  501  503  504  505  506  507  509  510  516  520  528  536  538  540  545  546  554  557  558  559  561  568  569  575  583  588  603  605  610  612  615  622  624  625  627  636  639  641  642  651  653  678  682  684  690  691  694  695  696  698  706  709  711  712  713  716  722  724  728  730  734  736  737  748  749  750  760  763  771  772  776  780  782  785  789  791  794  799  806  813  814  820  828  832  834  839  849  851  853  862  864  867  872  878  879  882  886  889  893  897  899  910  915  916  921  926  928  933  938  950  984  985  987  995  998  999  1001  1002  1008  1018  1019  1020  1021  1022  1029  1037  1038  1039  1041  1049  1050  1051  1052  1053  1058  1060  1062  1063  1067  1070  1075  1081  1083  1091  1093  1101  1103  1104  1105  1112  1113  1115  1116  1121  1123  1128  1129  1132  1134  1143  1145  1149  1152  1156  1159  1161  1163  1165  1166  1173  1174  1184  1185  1186  1188  1189  1195  1197  1203  1205  1206  1207  1212  1213  1216  1218  1220  1222  1227  1229  1230  1231  1236  1238  1243  1245  1247  1249  1250  1253  1254  1261  1264  1265  1266  1272  1274  1277  1283  
0  3  5  9  14  15  16  18  20  21  23  34  37  41  42  43  50  54  55  58  60  67  76  79  80  81  83  88  90  91  92  93  98  100  105  112  114  115  120  122  125  126  128  129  132  136  139  143  145  147  149  153  155  156  160  161  162  172  174  184  188  193  194  196  197  204  207  208  216  217  221  222  224  236  239  242  244  246  249  251  254  255  256  259  264  265  268  271  272  274  281  284  288  294  298  299  301  302  321  325  326  329  333  337  340  343  344  348  354  355  356  361  375  377  379  384  388  390  391  392  395  401  404  408  409  411  419  422  425  427  428  433  434  436  437  440  442  443  444  450  451  452  453  456  463  464  467  468  469  471  474  479  484  489  491  492  493  501  503  504  505  525  527  530  531  537  541  544  546  554  558  564  571  576  588  592  601  603  609  610  614  615  616  627  637  638  646  647  650  654  659  670  671  673  675  680  681  682  683  684  692  694  696  698  701  702  705  706  710  711  734  739  740  743  745  750  753  759  763  772  774  780  784  788  792  801  812  813  814  815  816  823  828  840  845  855  861  866  870  876  880  881  882  886  889  893  899  903  906  908  910  914  915  933  942  946  950  953  955  961  964  973  980  986  993  994  1000  1002  1008  1009  1017  1018  1020  1021  1022  1031  1033  1036  1040  1042  1048  1051  1052  1053  1067  1073  1075  1077  1087  1090  1091  1093  1095  1096  1101  1103  1104  1105  1110  1114  1115  1123  1128  1129  1144  1145  1147  1155  1159  1160  1167  1168  1171  1174  1176  1180  1185  1186  1187  1192  1203  1207  1208  1213  1218  1230  1233  1235  1236  1238  1250  1251  1252  1261  1262  1263  1273  1275  1280  1283  1285  1287  1288  1294  
3  5  10  14  16  25  31  36  40  42  43  46  50  60  65  67  68  75  76  88  91  99  101  102  105  114  115  116  123  126  127  128  135  136  145  147  172  173  174  176  183  185  188  204  208  209  219  220  221  226  239  242  253  262  272  277  286  290  300  301  303  306  324  330  333  340  343  363  368  375  377  382  403  406  408  411  416  422  425  432  434  444  450  452  467  469  482  489  491  493  503  510  522  525  531  533  535  537  546  554  558  571  574  592  603  609  620  650  653  664  678  680  683  685  689  690  694  706  707  712  713  717  740  745  750  760  763  772  785  791  800  812  814  828  837  854  861  867  871  876  881  889  893  908  915  926  929  933  946  950  958  961  963  980  1003  1015  1017  1018  1020  1030  1031  1051  1052  1053  1059  1067  1093  1100  1105  1111  1115  1118  1145  1146  1171  1176  1178  1183  1187  1189  1195  1203  1206  1217  1219  1229  1247  1250  1255  1256  1261  1263  1270  1272  1280  
3  9  16  31  42  60  75  80  98  101  105  114  115  124  128  145  147  165  168  226  230  231  234  247  268  280  302  303  306  326  340  343  348  356  361  377  381  382  406  408  409  422  442  455  500  503  516  528  533  537  546  571  592  609  611  627  650  665  671  680  689  692  694  706  712  713  724  743  750  760  774  780  785  789  791  798  802  814  845  854  861  871  893  903  908  915  929  930  942  946  950  961  995  1002  1018  1020  1031  1038  1052  1062  1067  1074  1083  1091  1093  1094  1104  1105  1111  1114  1115  1130  1145  1146  1147  1152  1162  1171  1176  1187  1203  1206  1219  1235  1238  1250  1261  1263  1273  
10  60  67  80  88  114  123  128  147  168  173  176  204  280  301  302  303  306  356  377  397  401  406  408  411  422  442  452  500  503  524  525  531  571  592  627  654  671  689  692  694  706  707  712  718  724  760  780  785  791  802  814  816  835  845  861  893  896  908  915  927  961  991  1018  1020  1052  1062  1067  1091  1093  1104  1105  1111  1128  1146  1147  1152  1160  1171  1176  1195  1203  1218  1219  1229  1230  1235  1250  1263  1272  1273  1284  
60  80  88  147  168  176  204  282  306  356  364  377  406  422  493  503  516  525  531  537  539  571  627  628  671  689  694  706  707  712  724  735  760  791  814  861  890  893  914  915  1018  1020  1067  1074  1088  1093  1111  1149  1160  1206  1219  1229  1250  1272  
60  88  204  282  356  364  377  503  525  537  541  571  671  706  707  712  760  766  787  814  861  893  915  964  985  1018  1020  1031  1067  1074  1088  1091  1111  1175  1176  1230  1246  1250  
60  88  204  284  377  525  537  653  706  712  760  814  861  893  915  964  1020  1074  1088  1111  1145  1165  1175  1230  1246  
204  377  525  706  760  814  861  915  1020  1074  1088  1091  
190  204  377  706  760  814  861  915  1020  1074  1088  1128  1133  1187  1241  
204  377  706  760  814  861  915  1020  1074  1088  1128  1133  1187  1241  
204  377  706  760  814  861  915  1020  1074  1088  1187  
204  377  706  760  814  861  915  1020  1074  1088  
204  377  525  706  760  814  861  915  1020  1074  1088  
204  377  525  706  760  814  861  915  1020  1074  1088  1128  
204  377  706  760  814  861  915  1020  1074  1088  1128  1133  
129  204  377  706  760  814  861  1020  1074  1088  1128  1182  
204  377  706  760  814  861  915  1020  1074  1088  1128  1182  
129  204  525  706  760  814  861  915  1074  1088  1128  1182  1246  
129  204  525  856  915  1020  1133  1182  1246  
129  192  365  522  525  802  856  1020  1130  1133  1182  1187  1246  
129  134  290  374  520  554  622  627  650  737  748  802  910  916  1008  1022  1067  1128  1130  1133  1187  1189  1212  1241  1243  1246  
68  83  129  134  158  160  195  215  274  277  289  290  342  358  366  374  380  397  415  513  516  520  546  554  615  622  624  627  641  650  663  675  684  699  725  737  748  752  779  782  795  796  806  856  864  903  910  916  954  997  1022  1029  1062  1070  1081  1116  1121  1135  1162  1182  1187  1212  1230  1241  1243  1253  1266  1270  1288  1291  1292  
24  29  33  36  42  68  73  102  107  110  114  116  123  134  136  151  153  154  158  160  179  181  186  215  224  242  259  274  277  289  290  314  333  342  359  365  374  375  380  382  397  411  415  422  425  426  427  468  492  496  497  499  500  503  507  509  510  516  528  531  549  554  557  559  583  605  607  611  614  615  622  624  627  630  632  637  639  641  650  651  663  675  677  684  690  691  694  699  725  728  735  737  742  744  749  754  770  774  779  782  788  789  794  795  796  797  799  802  806  815  832  838  856  859  860  864  867  893  899  903  910  912  913  915  916  921  933  947  960  971  987  995  997  1001  1008  1013  1022  1029  1031  1041  1044  1053  1057  1062  1063  1067  1070  1074  1076  1077  1104  1105  1107  1111  1116  1117  1118  1121  1135  1153  1161  1162  1163  1173  1177  1178  1180  1182  1187  1206  1211  1212  1216  1218  1223  1227  1229  1230  1238  1241  1264  1266  1270  1283  1288  1291  
1  6  7  8  10  14  17  18  24  25  29  31  34  35  42  43  44  49  51  53  54  57  60  67  68  70  73  75  81  82  88  89  92  97  101  102  104  105  106  111  113  114  118  121  125  127  131  136  138  140  147  148  150  152  158  159  160  162  167  168  174  179  181  182  193  198  211  215  217  219  224  226  227  236  241  247  248  249  261  264  269  272  274  276  279  280  283  289  290  300  319  321  326  327  329  330  333  336  341  342  344  345  349  355  361  365  366  377  388  394  397  406  408  409  418  422  427  429  433  435  442  447  451  452  453  455  460  461  466  477  479  489  490  496  497  498  501  507  509  510  512  516  522  528  530  538  543  546  547  557  558  560  562  566  570  575  580  583  599  603  605  606  609  611  612  613  615  617  622  624  627  631  637  638  663  664  665  672  682  683  685  690  692  694  696  706  709  712  723  724  725  729  736  740  743  745  747  748  749  753  760  763  771  772  774  777  780  785  788  789  791  794  795  800  802  805  807  811  829  830  832  837  854  856  859  861  862  864  870  874  878  880  882  889  891  893  899  903  908  910  915  919  921  924  926  928  943  944  948  961  963  964  977  980  982  985  987  995  997  998  1001  1003  1006  1008  1009  1011  1020  1022  1029  1031  1034  1039  1042  1049  1051  1052  1053  1062  1065  1067  1068  1075  1086  1091  1096  1098  1099  1101  1103  1104  1105  1106  1111  1116  1118  1129  1131  1132  1145  1151  1152  1153  1161  1163  1167  1173  1174  1177  1179  1186  1187  1189  1195  1196  1203  1205  1206  1212  1216  1218  1219  1220  1229  1231  1236  1238  1250  1251  1252  1253  1257  1261  1264  1265  1266  1270  1274  1276  1277  1278  1281  1282  1285  1288  
5  13  15  16  18  21  25  39  40  42  43  51  53  55  60  62  75  91  100  101  102  105  110  114  116  120  123  124  126  127  128  129  131  135  136  139  140  149  150  152  162  172  174  184  186  196  206  208  220  222  224  227  229  230  234  238  242  246  251  256  262  264  265  271  272  277  278  281  284  290  306  321  322  326  327  331  333  340  343  346  355  356  358  361  364  368  375  377  379  388  391  392  398  406  408  409  411  413  416  421  425  427  432  435  436  441  443  451  452  455  458  459  467  469  473  474  480  482  484  485  490  492  494  497  500  502  503  504  510  515  516  518  522  525  528  531  540  541  544  546  547  555  556  558  561  571  580  586  592  601  603  615  618  626  637  649  654  663  665  669  671  673  677  682  684  689  690  706  707  709  712  713  715  722  724  735  740  747  757  760  763  768  780  782  784  785  788  791  802  809  812  816  821  829  832  836  845  851  852  860  861  862  863  876  878  880  882  886  888  890  895  903  905  914  915  916  930  933  942  946  950  951  954  958  960  961  969  975  985  991  995  1000  1008  1018  1019  1020  1022  1030  1031  1050  1051  1053  1070  1091  1094  1096  1100  1101  1105  1114  1115  1121  1130  1132  1145  1146  1147  1148  1152  1153  1158  1161  1162  1165  1175  1187  1196  1197  1198  1202  1203  1206  1213  1218  1219  1227  1233  1235  1236  1250  1251  1255  1261  1263  1274  1276  1285  1288  
2  6  11  14  15  16  31  34  36  37  40  46  52  60  67  72  90  91  98  105  114  116  119  124  128  132  147  162  165  166  168  171  174  185  186  196  207  209  220  222  224  231  236  248  253  262  263  269  280  286  301  306  333  343  355  356  379  384  401  405  406  408  415  422  425  427  432  443  452  455  456  470  472  493  503  510  512  514  516  525  527  528  531  533  539  546  554  558  571  576  580  581  598  620  624  627  637  638  639  651  653  654  677  680  683  689  690  692  694  701  707  708  711  712  724  735  745  760  774  777  783  791  812  814  823  829  847  854  860  861  871  876  878  881  884  885  893  899  903  908  915  922  940  942  946  950  953  961  974  977  982  995  1002  1008  1018  1020  1067  1068  1083  1093  1096  1100  1104  1114  1115  1119  1128  1130  1133  1145  1152  1162  1171  1176  1180  1189  1195  1196  1203  1219  1238  1250  1261  1263  1270  1279  1286  1290  
9  16  34  42  60  74  75  88  98  108  114  123  128  136  138  165  168  170  173  218  222  234  250  280  293  301  306  343  355  356  368  369  375  377  380  397  401  406  408  409  422  424  433  435  442  456  461  469  482  489  493  503  521  525  528  531  533  537  539  554  571  592  601  603  627  653  671  685  689  692  694  706  712  713  724  740  760  772  774  775  791  802  812  814  851  893  908  915  930  942  950  961  964  1005  1018  1020  1031  1053  1062  1067  1074  1093  1105  1111  1130  1145  1146  1147  1161  1171  1176  1186  1195  1203  1206  1218  1219  1229  1235  1238  1250  1261  1263  1264  1272  1279  1282  1285  
31  51  60  67  75  88  98  105  114  116  123  128  147  170  176  188  204  234  268  286  294  306  343  356  369  375  377  382  411  415  422  442  443  453  503  525  531  537  539  571  582  592  603  627  653  671  689  692  694  707  712  713  724  735  740  760  766  780  785  812  814  845  881  893  899  908  915  929  933  961  997  1018  1020  1030  1031  1053  1067  1068  1074  1083  1091  1093  1094  1104  1128  1145  1147  1152  1160  1174  1196  1203  1206  1207  1229  1235  1238  1263  1272  1273  1279  
67  88  114  128  147  150  204  282  301  350  364  377  379  411  492  503  525  537  539  541  558  571  592  599  627  671  690  692  694  707  712  724  760  766  791  802  814  861  893  915  964  985  1018  1020  1031  1067  1074  1091  1093  1111  1128  1152  1176  1186  1203  1206  1229  1235  1238  
