52  76  95  107  108  115  118  129  132  133  139  192  194  200  223  286  296  298  303  339  347  372  385  407  421  431  443  493  505  511  564  568  611  646  662  700  714  722  726  728  746  755  756  758  766  782  803  812  842  860  898  909  913  924  982  984  998  1058  1079  1081  1103  1120  1150  1152  1154  1171  1191  1194  1246  1253  1265  1278  1286  
75  76  95  115  118  132  223  272  287  298  317  339  358  427  511  524  564  568  714  715  728  758  782  801  803  812  820  898  909  913  919  924  955  982  993  998  1058  1079  1086  1116  1120  1171  1186  1194  1241  1246  1253  1265  1286  
76  95  115  272  298  427  508  511  556  564  568  722  728  782  803  812  924  982  1065  1116  1246  1286  
76  115  193  272  298  508  511  564  728  782  803  857  924  1065  1286  
76  115  193  272  298  427  508  511  564  728  782  803  857  924  955  1065  1286  
76  115  193  272  298  427  508  511  564  728  782  803  804  857  924  955  1065  1286  
115  193  272  298  427  508  511  564  637  728  782  803  804  857  924  955  1065  1246  1286  
76  115  193  272  298  427  508  511  564  637  728  803  804  857  924  955  1065  1286  
76  115  193  272  298  427  508  511  564  637  782  803  804  857  924  955  1065  1246  1286  
76  115  193  272  298  508  511  564  637  728  782  803  804  857  924  955  1065  1286  
115  193  298  427  508  511  564  637  728  782  803  804  857  924  955  1065  1286  
76  139  193  298  427  564  637  728  803  857  909  924  1175  1266  1286  
76  193  272  525  564  610  627  782  803  804  857  909  969  1032  1131  1192  
30  76  81  96  132  139  193  295  348  364  395  508  658  711  726  746  782  824  858  899  963  969  978  1017  1023  1032  1042  1129  1158  1192  1202  1263  
18  30  64  74  79  81  84  101  107  132  139  149  193  213  244  295  296  314  364  395  488  513  523  525  528  547  561  591  610  611  620  642  656  658  673  684  693  701  711  743  747  748  754  765  782  785  790  819  844  855  856  878  898  899  912  915  921  924  953  955  957  978  982  1003  1009  1017  1023  1032  1042  1045  1051  1057  1071  1077  1079  1129  1151  1192  1212  1217  1247  1251  1256  1263  1264  1266  1271  1283  1294  
17  18  30  78  82  129  139  166  181  192  195  203  213  214  219  231  253  275  292  306  319  332  340  354  360  364  377  395  407  408  427  430  447  467  479  488  489  494  496  502  511  513  518  525  532  533  557  568  583  591  603  610  615  617  622  627  633  635  653  656  680  684  690  693  695  706  709  721  726  731  737  750  754  765  775  777  785  801  802  812  831  854  861  864  869  878  879  884  903  908  910  912  913  915  962  965  967  978  982  986  1009  1016  1017  1019  1023  1031  1032  1042  1048  1051  1058  1077  1079  1082  1104  1111  1119  1121  1130  1152  1168  1172  1175  1195  1200  1202  1206  1217  1247  1249  1283  1286  1293  
17  39  51  62  64  69  83  84  88  95  103  110  115  117  132  134  139  145  147  148  156  183  193  196  200  204  205  214  231  233  239  266  270  274  275  276  292  294  297  298  309  312  326  340  345  348  359  377  379  384  402  403  408  412  416  420  421  435  437  440  449  452  458  468  479  488  496  511  520  521  525  533  539  540  556  559  561  564  566  579  586  591  605  617  625  627  628  635  639  651  653  658  660  662  669  672  686  690  700  709  711  715  723  726  731  734  745  749  758  779  782  789  801  803  809  810  821  842  843  848  849  860  861  866  870  890  898  903  913  921  922  924  930  944  952  955  969  977  978  1008  1010  1017  1039  1044  1051  1055  1058  1064  1072  1076  1079  1087  1093  1098  1104  1111  1113  1114  1116  1121  1126  1129  1130  1133  1139  1147  1158  1163  1168  1172  1182  1185  1186  1191  1194  1195  1196  1197  1201  1202  1217  1222  1235  1236  1239  1243  1249  1251  1258  1262  1265  1288  
3  15  17  25  28  31  43  52  64  72  76  78  87  88  95  107  108  110  113  115  118  129  132  133  138  141  148  151  153  156  162  166  171  176  186  197  207  220  233  236  254  259  262  265  269  283  285  287  288  290  292  294  298  301  302  303  306  309  312  330  333  335  339  359  369  388  396  398  400  407  415  417  419  439  442  450  452  459  461  462  463  466  468  484  486  489  490  497  511  527  532  534  540  544  548  550  559  561  564  611  612  622  636  638  645  655  670  672  675  677  698  723  725  726  728  730  731  739  746  752  755  758  766  767  775  781  782  784  789  801  806  817  840  842  853  857  860  861  866  868  870  873  887  890  898  903  924  952  953  954  960  966  970  975  982  984  985  996  999  1002  1005  1023  1024  1032  1033  1040  1048  1051  1052  1055  1065  1072  1079  1086  1100  1106  1111  1116  1119  1127  1141  1142  1153  1157  1171  1172  1176  1186  1191  1206  1207  1217  1219  1231  1236  1238  1247  1249  1251  1256  1260  1265  1268  1272  1278  1286  1294  
24  27  29  68  72  76  84  99  108  111  115  118  122  132  133  138  139  157  163  168  183  192  193  194  197  200  212  220  228  231  235  244  246  248  292  294  296  298  302  303  312  321  338  347  348  352  358  363  364  385  392  396  399  412  418  421  430  431  432  434  441  443  445  446  511  518  521  523  527  550  556  564  568  569  591  611  627  643  646  648  682  688  689  690  698  700  709  711  714  722  726  738  746  752  754  755  758  782  789  793  796  799  808  817  820  838  855  862  874  890  893  896  898  900  907  909  910  913  916  924  929  930  933  955  956  965  975  982  989  995  998  1005  1023  1027  1038  1041  1051  1055  1058  1060  1065  1079  1090  1103  1111  1116  1117  1120  1126  1147  1150  1154  1188  1191  1194  1213  1214  1222  1228  1242  1246  1248  1265  1268  1275  1278  1282  1286  1294  
61  76  95  107  110  112  115  118  129  132  139  175  180  186  192  194  197  204  212  223  235  260  272  296  298  302  303  312  318  323  334  343  347  352  364  385  392  396  421  423  431  435  445  449  483  491  493  505  511  561  579  590  622  646  658  662  682  684  698  700  712  726  746  756  758  766  768  782  796  798  808  809  842  860  874  893  903  909  913  924  952  954  955  959  974  982  984  998  1024  1027  1035  1051  1059  1079  1081  1092  1111  1113  1120  1139  1150  1157  1171  1174  1175  1186  1191  1194  1199  1236  1242  1246  1249  1250  1253  1286  
76  95  115  118  129  133  138  148  162  194  212  214  223  256  265  272  287  293  298  299  303  407  421  427  443  493  511  518  556  561  564  568  571  604  646  690  698  700  715  722  756  758  780  781  782  801  803  810  812  817  820  860  898  913  924  959  966  974  982  984  998  1024  1079  1103  1120  1129  1152  1154  1162  1171  1172  1186  1191  1194  1231  1238  1246  1265  1286  1293  
75  76  91  95  115  148  297  298  299  385  419  508  511  556  564  568  639  670  722  728  758  782  803  812  857  858  898  909  922  924  930  949  955  974  982  984  986  1041  1065  1072  1116  1171  1186  1191  1194  1246  1265  1283  1286  
57  76  95  115  119  193  298  299  392  427  511  556  564  568  722  728  782  803  924  955  982  984  998  1065  1246  1265  1286  
76  115  193  272  298  508  511  564  568  728  782  803  857  874  924  930  955  982  984  1065  1214  1286  
76  115  272  298  427  508  511  564  728  782  803  857  924  955  1065  1246  1286  
76  115  193  272  298  427  508  511  564  728  782  803  857  924  955  1065  1286  
76  115  193  272  298  427  508  511  564  728  782  803  857  924  955  1065  1246  1286  
76  115  193  272  298  427  508  511  564  728  782  803  804  857  924  955  1065  1286  
76  115  193  272  298  427  508  511  564  637  728  782  803  804  857  924  955  1065  1185  1286  
76  115  193  298  427  508  511  564  728  782  803  804  855  857  909  924  955  1065  1286  
76  115  193  272  298  427  508  564  637  728  782  803  857  924  955  969  1065  1286  
115  132  193  272  298  508  627  728  782  803  804  857  924  969  1077  
30  76  132  139  298  395  508  525  627  637  673  746  803  857  1023  1065  1077  1131  1158  1185  1212  1286  
30  76  81  132  193  213  295  364  395  525  591  610  611  673  684  693  701  737  790  855  858  878  913  915  929  969  1009  1032  1045  1051  1077  1175  1195  1212  1217  1229  1263  
30  56  62  69  79  81  84  89  112  195  213  219  275  277  285  286  303  306  323  326  348  360  365  371  377  393  513  525  537  539  553  561  598  615  620  656  673  690  693  711  740  746  750  765  775  777  782  844  849  855  864  878  899  915  921  929  978  982  983  986  999  1009  1016  1017  1023  1032  1034  1042  1051  1105  1111  1152  1153  1157  1158  1175  1192  1195  1211  1217  1249  1271  1286  1293  
30  48  55  56  62  64  74  76  95  112  127  129  132  144  145  165  166  196  208  214  248  275  289  295  314  319  326  327  339  340  348  371  395  398  402  425  435  466  484  490  491  501  511  520  533  555  561  568  591  598  603  610  611  617  627  646  653  658  690  700  709  711  726  731  765  777  801  810  832  849  866  899  903  908  913  949  953  955  963  969  976  982  986  1016  1017  1032  1034  1045  1050  1079  1098  1103  1105  1118  1121  1131  1133  1136  1139  1168  1172  1184  1187  1190  1204  1205  1217  1241  1244  1249  1251  1256  1286  1295  
17  75  78  94  95  110  112  118  122  132  133  159  160  163  166  200  214  215  229  242  265  270  275  285  292  296  298  312  329  332  338  341  358  359  363  364  367  369  384  388  389  392  398  402  405  411  415  423  432  447  450  452  464  486  496  524  527  538  540  544  561  565  571  578  589  591  611  615  618  620  631  648  678  686  690  693  700  701  704  712  724  731  746  747  750  756  757  762  765  780  798  801  810  812  823  856  860  878  910  913  924  927  932  962  964  969  974  975  977  981  982  985  996  1016  1017  1026  1032  1034  1035  1038  1045  1058  1069  1070  1079  1082  1085  1086  1087  1091  1105  1121  1145  1152  1153  1158  1163  1182  1202  1204  1205  1213  1234  1240  1245  1246  1249  1250  1251  1254  1265  1275  1286  1294  
0  10  25  32  52  53  83  84  87  91  93  95  104  115  128  132  133  148  162  188  192  212  234  246  249  256  272  275  292  295  306  310  315  330  348  384  388  390  392  418  420  421  423  466  476  489  499  511  521  533  547  548  556  564  571  607  611  617  623  639  646  653  662  671  686  690  698  699  700  703  721  722  728  744  746  749  751  752  755  758  766  781  782  784  799  803  810  817  840  843  853  857  868  874  897  898  907  916  917  924  931  960  975  982  984  1016  1017  1051  1079  1081  1082  1085  1089  1104  1111  1120  1123  1129  1138  1139  1141  1154  1155  1184  1185  1191  1194  1195  1213  1214  1220  1236  1247  1257  1265  1274  1286  1289  
15  45  76  82  107  110  112  115  119  122  129  132  138  148  157  166  182  204  207  220  223  235  239  241  259  272  275  278  279  281  285  290  294  297  298  299  301  302  306  317  333  336  337  339  347  385  392  396  403  407  415  416  424  430  440  441  466  467  492  493  494  508  511  538  551  556  559  561  563  693  695  714  719  726  746  748  755  758  759  782  796  812  820  839  842  860  870  897  919  923  924  953  954  967  975  982  984  999  1022  1023  1024  1038  1046  1058  1064  1065  1085  1104  1105  1116  1119  1150  1174  1184  1191  1192  1194  1201  1205  1209  1214  1227  1235  1246  1247  1250  1265  1268  1283  1286  1294  
41  43  56  65  76  95  118  121  129  146  167  192  194  214  244  260  270  296  297  298  307  317  338  339  347  348  375  390  391  396  406  427  458  489  493  511  530  547  556  561  564  611  620  639  650  655  678  692  693  698  700  703  704  714  728  758  766  775  778  781  782  787  803  812  817  852  858  868  896  898  900  909  916  923  960  982  1017  1038  1058  1081  1090  1116  1117  1119  1120  1129  1133  1171  1172  1176  1191  1194  1202  1213  1214  1236  1243  1246  1249  1250  1251  1262  1286  
76  94  118  119  132  134  139  200  204  214  223  272  298  303  330  347  348  357  384  390  392  396  407  421  427  505  511  524  527  550  568  611  643  715  728  730  758  782  801  806  817  820  828  896  916  924  974  975  982  1016  1024  1058  1116  1171  1174  1186  1191  1236  1246  1256  1265  1268  1286  1290  1293  
76  115  118  212  272  279  298  299  508  511  524  568  662  722  728  741  782  803  810  812  862  864  909  924  949  955  982  1120  1138  1171  1191  1194  1283  1286  1290  1293  1294  
75  76  115  119  193  272  298  427  508  511  564  728  782  803  808  857  876  924  955  982  1286  
76  115  193  272  298  427  508  511  564  568  728  782  803  804  857  924  930  955  982  1065  1191  1286  
115  193  272  298  508  511  564  728  782  803  804  808  857  924  955  1065  1174  1286  
76  115  193  298  427  508  511  564  637  803  804  857  924  955  1065  1286  
76  115  193  272  298  508  511  564  637  804  857  924  955  1065  1246  1286  
76  115  193  272  508  511  564  637  728  803  804  857  924  955  1065  1286  
76  115  272  427  508  511  564  782  803  804  857  924  955  1065  
298  427  511  728  782  803  955  1065  1286  
