16  66  74  77  122  134  150  166  207  270  284  291  292  296  325  341  364  366  382  443  487  491  533  553  557  563  565  568  625  643  679  685  749  784  792  796  820  841  863  866  893  901  908  917  918  920  931  940  943  969  977  997  1003  1010  1023  1025  1030  1038  1064  1077  1079  1091  1104  1105  1129  1139  1140  1151  1157  1171  1195  1200  1208  1248  
16  74  131  137  166  291  292  296  350  366  487  525  557  563  568  679  749  796  841  863  866  901  917  918  920  931  943  949  969  977  997  1003  1010  1025  1030  1077  1079  1091  1104  1157  1194  1208  1238  1248  
137  291  292  366  384  525  563  679  747  749  796  830  841  917  943  969  977  997  1003  1023  1025  1030  1077  1079  1091  1190  1248  
137  291  366  563  749  796  969  977  997  1023  1025  1030  1077  1079  1167  
158  291  366  525  563  749  796  969  971  977  1023  1025  1030  1051  1077  
158  291  366  563  749  796  969  971  1023  1025  1030  1077  1084  1221  
291  366  749  796  969  971  1023  1025  1030  1077  1079  1084  1138  1221  1275  
291  366  525  563  749  796  969  971  1023  1025  1030  1077  1079  1084  1138  1192  1221  
291  525  563  969  971  1023  1025  1030  1079  1084  1138  1192  
525  969  971  1023  1025  1030  1079  1084  1138  1192  
525  969  971  1023  1025  1079  1084  1138  1192  
291  525  969  971  1023  1025  1030  1077  1079  1084  1138  1192  
291  525  969  971  1023  1025  1030  1079  1084  1138  1192  
291  525  796  969  971  1025  1030  1084  1138  1192  
291  366  796  971  1025  1030  1077  1084  1138  
291  366  796  971  1030  1077  
366  796  971  1030  1077  
749  
298  803  
525  983  
326  419  569  619  649  702  911  978  
131  285  288  343  390  429  445  626  655  656  720  756  809  840  901  965  1027  1032  1231  1242  1248  
44  98  124  132  176  179  211  223  294  303  331  370  375  380  521  527  532  559  581  625  661  676  685  700  708  763  790  792  793  810  813  817  821  827  846  847  863  871  876  894  914  919  955  979  984  995  1005  1019  1026  1034  1073  1078  1080  1081  1086  1093  1120  1124  1178  1192  1194  1206  1255  
16  32  34  42  58  67  68  77  88  98  99  101  103  104  107  110  126  129  142  149  150  171  179  180  182  186  189  193  196  200  203  205  211  217  218  229  230  246  262  270  279  282  284  287  289  299  310  317  342  349  355  358  360  365  368  377  381  382  387  389  392  399  403  415  424  445  450  455  461  463  467  470  487  488  503  504  505  517  522  530  535  537  539  544  558  559  568  572  573  581  582  583  588  591  597  598  612  616  621  622  626  627  629  631  638  640  641  644  646  650  652  653  660  661  663  672  674  688  694  695  700  704  713  725  737  738  740  741  747  750  754  759  762  763  767  768  781  784  788  789  791  794  800  804  805  808  813  828  841  843  845  847  850  852  853  854  859  866  871  875  897  901  907  916  917  920  922  926  929  930  938  941  942  946  948  965  972  985  987  996  1008  1009  1021  1024  1038  1039  1042  1058  1070  1073  1087  1089  1091  1092  1111  1112  1114  1119  1130  1134  1140  1143  1147  1152  1183  1194  1199  1208  1224  1231  1232  1243  1245  1251  1256  1267  1269  1271  1273  1274  1291  1292  1293  
0  5  7  9  11  14  15  17  19  20  22  23  25  27  28  29  32  36  37  39  42  43  44  45  47  49  50  51  52  55  56  57  58  61  63  66  70  76  79  88  89  91  96  97  99  100  101  104  107  108  109  110  112  114  116  117  118  121  125  128  130  132  133  135  137  139  140  142  148  149  153  154  155  157  159  163  164  165  166  168  171  172  177  178  179  181  183  185  188  191  192  193  194  195  203  206  207  211  212  214  216  220  221  222  223  225  228  229  233  236  237  239  242  244  245  247  253  256  259  261  262  263  264  265  267  278  283  284  286  287  290  292  293  294  296  297  298  300  305  306  307  308  314  315  316  318  320  321  324  325  326  327  331  332  333  335  337  342  349  352  354  355  357  358  361  364  369  372  374  376  377  378  381  385  387  389  390  392  393  399  403  408  409  411  414  415  416  419  430  431  435  436  440  442  444  446  450  451  452  453  454  455  458  459  462  463  465  470  471  472  474  477  478  481  483  485  487  488  489  492  494  496  497  498  500  505  509  510  511  518  521  529  530  531  533  535  536  537  539  543  547  548  550  551  553  556  558  559  560  561  562  563  566  570  571  572  573  574  577  579  581  582  583  584  586  588  596  597  598  599  602  604  605  606  608  609  614  615  617  624  629  630  632  633  636  638  640  642  651  657  658  659  660  663  666  668  672  674  677  678  679  681  690  691  692  693  695  697  698  699  700  702  703  705  706  710  715  716  723  725  727  731  735  736  737  743  744  745  751  753  754  755  756  757  758  763  764  765  766  769  772  774  782  783  787  789  790  794  795  800  801  802  803  804  810  815  816  817  818  820  821  827  828  829  835  838  841  845  846  847  849  850  854  857  860  862  863  865  866  867  868  869  870  871  881  883  886  887  889  890  892  893  895  898  906  908  912  913  915  918  919  920  924  928  937  938  939  943  947  951  954  955  958  961  962  965  966  967  968  969  971  972  974  976  982  984  986  987  990  992  993  995  996  997  1002  1004  1005  1009  1011  1014  1016  1017  1021  1023  1027  1028  1029  1030  1031  1035  1037  1038  1039  1042  1043  1044  1046  1055  1058  1059  1063  1064  1066  1071  1073  1075  1076  1081  1082  1084  1086  1087  1088  1089  1092  1095  1098  1100  1102  1104  1110  1112  1116  1118  1121  1123  1124  1125  1129  1131  1133  1136  1140  1145  1146  1150  1151  1153  1156  1158  1160  1162  1164  1165  1168  1169  1170  1173  1175  1178  1182  1183  1184  1186  1188  1194  1195  1196  1201  1203  1207  1212  1213  1214  1216  1219  1220  1221  1225  1226  1228  1233  1237  1239  1241  1242  1245  1248  1249  1250  1251  1252  1256  1259  1261  1262  1263  1264  1266  1269  1271  1280  1282  1284  1285  1287  1289  1291  
0  1  2  3  5  7  9  10  11  16  19  23  24  25  26  27  28  35  36  37  38  41  44  45  50  51  53  54  55  57  59  67  69  72  73  74  86  88  93  94  96  97  100  101  104  109  110  112  119  121  122  125  126  127  129  130  131  137  139  140  141  142  148  150  152  154  155  158  159  160  162  164  166  168  169  171  173  174  175  179  180  182  187  190  191  194  195  197  198  199  203  205  207  209  211  218  223  224  225  228  229  230  231  233  235  236  241  246  249  258  259  261  265  268  270  272  274  280  284  286  287  288  289  292  293  294  296  305  306  307  308  309  310  311  312  318  321  324  325  327  328  330  331  334  335  336  337  340  343  344  345  346  347  348  349  352  354  356  361  363  365  367  369  370  374  376  381  387  390  401  403  404  413  418  420  421  422  425  427  431  434  435  437  438  439  441  442  443  445  446  447  449  451  452  453  454  457  458  459  460  463  465  467  468  470  471  473  474  481  483  487  488  491  495  496  499  503  505  522  523  533  534  543  549  551  554  558  560  561  562  563  564  569  570  575  576  577  578  579  580  582  584  585  587  588  597  600  602  607  614  616  618  619  620  626  628  631  632  635  636  637  639  643  644  646  647  648  650  652  655  656  657  662  664  666  668  669  671  672  673  675  676  679  681  686  691  692  695  698  699  702  704  706  707  708  709  710  717  722  725  726  727  729  730  734  735  737  739  740  741  744  745  746  747  753  760  765  769  770  772  773  774  775  776  777  779  782  783  785  789  790  791  792  795  799  800  801  805  810  817  818  823  824  828  830  831  835  837  839  840  842  845  848  851  859  861  866  868  871  875  876  881  882  886  889  890  891  893  898  899  900  901  902  903  905  907  908  909  915  918  921  925  928  931  935  936  938  940  945  953  954  955  958  960  963  964  966  969  972  977  978  979  980  983  985  989  991  997  999  1001  1002  1005  1009  1010  1015  1016  1021  1022  1023  1027  1030  1031  1032  1034  1036  1043  1044  1046  1047  1050  1051  1053  1054  1058  1063  1065  1073  1077  1079  1081  1086  1087  1090  1093  1096  1097  1098  1102  1104  1105  1107  1110  1113  1115  1116  1120  1121  1123  1124  1128  1130  1131  1133  1135  1137  1140  1142  1145  1150  1151  1157  1161  1162  1168  1171  1172  1174  1176  1178  1180  1183  1185  1186  1187  1188  1189  1191  1192  1194  1201  1207  1211  1213  1215  1217  1218  1219  1220  1221  1222  1223  1226  1227  1229  1231  1232  1234  1237  1238  1243  1244  1248  1251  1253  1258  1261  1262  1264  1267  1276  1280  1284  1287  1288  1291  1292  
3  6  10  12  14  21  22  23  24  25  26  27  32  34  36  39  40  42  45  59  64  67  69  74  77  83  88  90  96  101  104  107  108  109  111  114  116  118  120  122  126  133  135  136  137  142  143  150  151  154  155  159  162  170  173  177  184  187  198  200  203  207  210  213  220  221  223  227  229  230  231  232  236  244  245  246  247  250  254  257  260  265  267  270  271  275  279  282  286  287  288  290  292  293  297  300  303  306  309  310  312  322  324  325  326  328  332  335  336  342  344  346  350  355  363  364  365  366  367  369  376  382  384  388  394  395  397  398  399  401  404  410  414  424  427  430  435  436  437  438  440  442  444  446  447  448  450  452  453  455  456  458  465  467  470  478  480  482  483  487  491  495  496  503  504  506  507  508  509  510  512  515  517  520  525  526  529  532  534  538  551  553  558  559  561  562  563  564  568  569  570  574  578  582  593  596  605  609  610  613  618  621  628  629  631  632  635  638  639  647  652  656  660  661  664  668  671  676  679  682  685  696  698  704  706  712  715  717  720  725  729  731  734  738  739  754  758  763  770  775  784  787  796  797  808  810  819  823  840  843  845  846  847  848  849  850  851  854  858  859  863  866  868  869  879  886  888  893  898  899  901  903  904  905  906  908  910  912  917  918  923  926  931  936  937  938  939  940  944  945  948  951  958  962  968  969  973  980  983  985  986  992  993  996  997  1003  1005  1010  1020  1023  1029  1030  1034  1038  1040  1043  1046  1047  1050  1051  1054  1060  1061  1066  1081  1084  1091  1093  1103  1104  1105  1110  1117  1121  1123  1129  1133  1135  1137  1138  1139  1145  1147  1148  1151  1153  1162  1173  1174  1187  1188  1192  1199  1204  1211  1212  1213  1230  1232  1234  1237  1248  1261  1262  1263  1267  1268  1270  1271  1275  1276  1279  1281  1285  1289  
2  3  7  13  16  25  28  30  36  42  44  71  76  77  86  95  106  116  120  122  131  134  142  148  149  150  166  169  173  175  178  179  180  193  194  210  220  224  229  236  240  244  245  246  248  251  253  255  261  264  270  283  290  291  292  295  297  309  310  325  332  341  342  348  354  355  359  364  366  369  378  381  388  389  391  393  397  401  406  411  420  427  431  443  448  451  453  470  472  473  475  478  483  484  487  491  498  501  503  504  511  518  519  525  533  535  553  557  561  562  563  565  568  570  578  601  609  613  620  638  643  645  655  657  674  679  681  684  685  704  716  723  726  730  734  749  754  767  792  796  797  820  821  830  833  838  839  840  841  848  857  861  863  868  869  882  887  888  893  896  908  915  917  920  921  936  937  940  941  944  955  969  974  980  986  992  993  997  999  1002  1003  1020  1022  1023  1024  1025  1027  1029  1030  1034  1038  1043  1046  1064  1065  1073  1079  1081  1091  1104  1124  1135  1139  1146  1151  1153  1171  1178  1195  1197  1198  1200  1204  1213  1237  1238  1239  1261  1275  1280  1291  
7  10  21  23  30  36  45  48  55  57  59  66  76  77  122  140  142  144  150  166  169  177  184  194  195  196  207  210  217  223  232  235  236  246  270  284  288  291  292  296  300  317  325  364  366  369  382  391  427  443  453  483  487  490  526  533  534  547  553  561  563  565  568  577  582  587  606  610  613  615  625  634  643  654  665  672  679  685  706  709  712  739  749  759  781  784  792  796  799  800  818  841  852  866  882  889  890  893  901  908  920  921  940  943  945  969  980  994  997  1001  1003  1010  1022  1023  1025  1030  1038  1045  1054  1060  1064  1073  1079  1081  1088  1091  1093  1104  1105  1117  1120  1121  1129  1135  1139  1146  1151  1157  1171  1192  1194  1204  1231  1238  1248  1261  1263  1273  1293  1294  
23  66  74  77  122  140  142  148  166  170  207  235  246  270  291  292  296  312  317  325  364  366  367  382  384  394  399  443  487  499  511  525  533  553  554  561  563  565  609  625  636  643  679  682  749  763  769  782  792  796  863  866  871  901  908  920  921  931  943  969  971  977  985  997  1003  1010  1020  1023  1025  1030  1038  1040  1043  1064  1077  1079  1081  1085  1091  1104  1115  1120  1140  1157  1171  1194  1195  1200  1208  1248  1291  
74  114  153  182  207  270  291  292  296  341  342  349  364  366  382  472  487  515  525  553  557  563  568  679  724  739  749  781  783  796  797  857  863  866  881  901  908  917  931  943  969  971  977  997  1003  1010  1025  1027  1030  1043  1077  1079  1104  1129  1139  1140  1157  1190  1194  1195  1200  1248  1275  
137  166  291  292  296  364  366  384  498  525  563  739  747  749  796  864  868  917  931  943  969  977  997  1023  1025  1030  1051  1063  1064  1077  1079  1115  1190  1194  1238  1248  
137  291  366  525  563  747  749  796  830  969  971  977  1023  1025  1030  1077  1079  1117  1190  1221  
137  291  366  525  563  749  796  969  971  977  1023  1030  1077  1079  
291  366  563  749  796  969  971  1023  1025  1030  1077  1221  1275  
291  366  525  563  749  796  969  971  1023  1025  1030  1077  1079  1084  1138  1221  
291  366  749  796  969  971  1023  1025  1030  1077  1079  1084  1138  1192  
291  525  749  796  969  971  1023  1025  1030  1077  1079  1084  1138  1192  
291  525  969  971  1023  1025  1030  1079  1084  1138  1192  
291  525  969  971  1023  1025  1030  1079  1084  1138  1192  
525  969  971  1023  1025  1030  1079  1084  1138  1192  
291  525  969  971  1025  1030  1079  1084  1138  1192  
291  525  969  971  1025  1030  1079  1084  1138  1192  
291  796  971  1030  1084  
291  366  796  971  1030  1077  
291  366  749  796  971  1030  
749  796  803  



