6  25  53  57  60  65  73  105  109  113  115  124  154  155  181  207  228  309  315  333  340  355  388  389  396  428  465  492  516  528  540  546  560  580  625  676  678  679  683  685  697  716  719  722  723  742  768  785  787  824  827  830  833  841  848  884  892  904  932  942  949  978  985  994  1008  1010  1013  1027  1048  1056  1078  1141  1161  1237  1246  1249  1253  1264  1269  1276  1284  
57  105  124  155  181  315  333  336  340  349  428  430  465  466  487  516  580  625  649  676  678  679  685  716  722  723  742  752  785  787  824  833  850  887  994  1003  1008  1023  1048  1056  1066  1144  1237  1249  1269  1284  
109  113  155  192  280  315  349  355  428  580  676  679  694  723  824  833  887  994  1003  1008  1048  1056  1066  1208  1237  1269  1284  
113  155  192  315  340  349  355  428  580  676  679  785  833  887  949  994  1003  1048  1184  1269  1284  
113  155  192  315  349  428  580  676  679  833  887  895  949  994  1003  1048  1166  1184  1269  1284  
113  192  315  349  428  580  676  679  833  887  895  949  994  1003  1008  1048  1166  1184  1269  1284  
113  155  192  315  349  428  580  676  833  887  949  994  1003  1008  1048  1184  1284  
113  192  315  349  428  580  676  679  833  887  949  994  1008  1048  1184  1269  1284  
113  155  192  315  349  428  494  580  676  679  833  887  994  1048  1062  1184  1269  1284  
113  192  315  349  428  494  580  676  679  774  833  884  887  994  1003  1008  1048  1062  1154  1184  1269  1284  
113  192  315  349  428  494  580  676  828  833  887  980  994  1003  1008  1048  1114  1166  1184  1269  1284  
113  115  164  192  315  323  346  428  494  580  601  830  833  882  884  887  931  949  994  1008  1048  1184  1269  
111  169  312  323  346  487  494  580  709  774  830  884  887  936  943  949  950  992  994  1008  1048  1057  1058  1095  1102  1184  1215  1284  
62  73  169  192  312  346  487  499  656  661  679  689  714  774  828  830  884  896  931  949  994  997  1003  1004  1048  1057  1058  1095  1112  1159  1161  1208  1213  1218  
62  78  130  155  192  312  320  351  387  428  430  487  494  502  503  522  585  590  594  599  601  614  625  656  676  689  699  768  785  815  828  882  887  892  896  912  931  943  946  950  985  994  997  1000  1003  1004  1056  1057  1058  1093  1105  1107  1130  1135  1159  1189  1213  1246  1265  1272  1277  1292  
50  60  67  73  118  164  178  181  186  204  274  312  315  320  346  354  387  492  494  497  499  585  590  606  614  679  681  689  699  709  722  731  752  776  815  882  896  912  915  954  980  985  999  1004  1008  1048  1088  1095  1105  1108  1119  1157  1159  1192  1194  1208  1211  1218  1237  1246  1269  1277  1284  
67  68  73  78  118  130  274  282  315  323  393  411  430  517  528  590  594  601  606  617  665  676  696  697  712  752  761  765  766  815  833  838  850  868  896  899  915  917  966  975  980  994  999  1021  1025  1034  1048  1049  1053  1054  1057  1062  1070  1071  1097  1105  1108  1116  1117  1149  1154  1157  1189  1194  1211  1213  1237  1238  1274  
33  54  60  73  78  105  113  127  141  160  187  189  192  278  310  330  354  355  367  395  437  450  462  499  514  516  553  561  566  580  591  601  606  618  647  656  681  695  750  760  768  769  787  824  833  839  887  906  910  941  949  950  962  972  994  1008  1026  1028  1043  1048  1056  1070  1116  1122  1129  1157  1166  1171  1216  1225  1237  1265  1269  1286  
49  53  67  115  125  154  228  282  300  315  323  327  374  402  422  500  505  513  516  528  538  562  580  609  636  640  642  657  669  679  683  685  693  710  723  748  749  764  785  797  801  804  827  830  833  887  916  922  954  980  985  993  994  1003  1016  1019  1024  1031  1035  1043  1048  1054  1080  1085  1095  1116  1123  1126  1130  1170  1184  1194  1197  1199  1206  1224  1249  1253  1257  1260  1276  1284  
56  67  105  115  130  133  135  153  155  169  175  178  203  212  280  292  304  315  327  328  336  349  402  510  516  528  556  560  580  582  642  653  670  672  676  679  693  711  723  748  785  809  820  833  841  857  861  884  887  904  949  1003  1007  1034  1054  1082  1100  1116  1152  1154  1161  1168  1176  1184  1222  1246  1285  
106  113  115  155  177  192  280  315  349  491  516  546  580  582  677  679  695  746  752  785  824  833  841  850  887  949  954  994  1003  1019  1026  1048  1064  1066  1082  1124  1130  1154  1215  1218  1230  1270  
152  155  192  315  316  349  516  580  603  676  679  693  807  833  887  949  994  1003  1048  1154  1184  1212  1215  1216  1222  1237  1238  1284  
113  155  315  428  580  581  620  676  679  732  833  887  918  949  954  994  1003  1008  1048  1151  1184  1269  1284  
155  192  315  323  349  428  580  676  679  833  841  887  949  994  1003  1048  1184  1284  
155  192  315  323  349  428  580  676  679  833  895  949  994  1008  1048  1184  1269  1284  
113  192  349  428  580  676  833  887  949  994  1003  1008  1048  1184  1269  1284  
113  192  315  428  494  580  676  833  887  949  994  1003  1008  1048  1184  1269  1284  
192  315  349  428  494  580  676  884  887  994  1008  1048  1062  1184  1284  
113  315  428  494  580  676  830  833  884  887  994  1008  1048  1062  1184  1269  
192  315  494  580  676  768  833  884  887  943  994  1048  1095  1269  1284  
315  346  487  494  499  601  676  887  931  994  1048  1095  1269  
178  315  346  487  494  676  830  887  931  936  994  1048  1057  1095  1107  1220  1269  
73  78  155  169  312  320  346  487  492  599  689  830  884  896  931  938  994  997  1004  1057  1095  1159  1165  1194  1208  1258  1269  
78  155  169  178  346  387  402  411  417  502  656  679  699  779  791  830  892  931  950  992  997  1003  1034  1048  1056  1119  1161  1208  1213  1215  1219  
62  155  169  181  349  528  555  590  609  614  679  699  748  776  815  838  845  892  893  895  896  915  949  985  994  1048  1057  1157  1159  1161  1215  1246  1292  
67  92  101  169  175  331  349  365  371  413  428  430  516  562  594  609  617  620  676  732  752  768  795  822  833  839  841  850  887  892  918  950  1024  1028  1041  1043  1048  1057  1060  1095  1108  1114  1154  1157  1166  1185  1215  1238  1246  1249  1269  1277  1280  
115  192  212  315  346  349  405  528  558  572  580  603  606  669  676  693  731  748  833  841  849  859  904  994  1008  1053  1088  1096  1112  1114  1170  1208  1211  1238  1269  
115  130  131  135  141  278  315  336  445  492  546  579  580  603  606  653  676  751  787  798  824  832  833  841  848  864  887  918  932  961  993  994  1008  1021  1026  1031  1034  1058  1097  1116  1154  1178  1184  1238  1249  1256  1269  1289  
65  79  97  101  115  155  198  230  315  323  382  428  547  549  559  580  603  631  640  676  705  723  729  766  824  878  887  941  965  972  978  980  1026  1032  1048  1062  1071  1125  1184  1207  1217  1252  1258  
73  115  278  284  315  405  516  540  636  676  679  798  799  824  833  878  918  949  994  1017  1019  1034  1048  1054  1124  1151  1159  1184  1215  1238  
141  152  155  280  349  369  377  494  580  588  603  729  887  932  994  1003  1008  1048  1105  1107  1141  1184  1269  
126  186  315  340  349  580  640  679  833  994  1002  1019  1048  1151  1161  1269  1286  
79  315  349  618  676  796  824  833  884  887  904  949  994  1003  1048  1073  1080  1124  1179  1184  1215  1232  
113  130  346  428  580  676  830  833  887  1003  1154  1166  1178  1269  
113  192  315  428  580  676  679  833  887  932  1071  1269  1284  
315  349  428  676  884  1008  1184  1284  
113  192  323  428  580  676  833  936  1062  1269  
155  994  1008  1166  1184  1269  
1048  1184  
580  
