28  43  53  54  65  73  81  96  104  105  114  119  122  136  149  156  179  186  192  194  205  207  209  215  216  235  250  272  277  297  298  307  334  347  349  377  383  418  420  427  458  468  473  496  508  541  548  558  563  590  595  604  644  651  668  675  677  679  685  695  704  712  721  725  735  745  748  762  765  802  803  819  820  840  855  869  881  886  894  921  933  934  948  957  972  983  992  1011  1014  1034  1045  1055  1064  1067  1099  1115  1120  1147  1158  1159  1172  1191  1201  1216  1268  1275  1276  1292  1293  1295  
43  65  81  96  100  114  119  149  156  186  207  209  215  221  250  277  292  298  307  314  331  349  389  404  427  458  468  473  548  563  583  595  604  644  651  675  685  695  704  712  721  735  748  762  765  784  789  802  803  819  820  825  840  855  869  872  881  886  894  933  934  948  957  972  1011  1034  1055  1076  1099  1120  1147  1172  1191  1221  1253  1268  1275  1293  
65  96  100  119  149  186  207  209  210  215  221  272  277  292  298  307  314  331  377  387  389  399  427  458  473  491  563  583  595  617  620  643  651  653  675  679  682  695  704  708  712  735  748  762  765  784  789  801  802  803  819  820  825  840  855  861  869  881  886  894  933  948  957  972  988  992  1011  1034  1055  1060  1076  1099  1115  1118  1124  1138  1172  1191  1221  1268  1275  
81  96  210  215  277  307  314  349  359  377  399  407  427  491  508  563  643  644  653  675  679  682  704  708  735  748  762  765  786  789  802  803  819  825  840  855  869  881  886  894  933  948  957  969  992  1011  1060  1070  1091  1099  1115  1124  1147  1148  1172  1191  1268  1275  1278  
73  96  176  215  272  277  307  314  349  359  387  407  427  491  563  675  679  682  708  735  748  765  786  789  802  803  819  825  855  881  886  894  933  948  957  972  992  1011  1034  1060  1070  1099  1109  1147  1197  1201  1221  1275  
73  76  96  171  209  215  272  277  314  349  359  387  399  427  491  508  563  588  675  682  732  735  765  789  802  803  819  825  886  894  911  948  957  992  1011  1034  1060  1070  1099  1147  1221  1275  
73  76  209  215  297  349  359  387  491  534  557  563  588  682  732  735  782  789  802  803  819  857  869  881  894  948  957  1011  1034  1060  1070  1099  1147  1192  1221  1275  
73  209  215  277  297  298  349  359  387  534  563  588  682  735  786  789  803  819  857  869  879  881  894  948  971  982  1034  1060  1070  1099  1147  1192  1201  1221  1275  
73  76  277  297  298  323  349  359  387  534  563  588  682  732  735  782  786  789  840  869  894  948  949  957  982  1034  1060  1070  1147  1192  1201  1221  1275  
73  277  298  349  359  387  534  563  682  732  735  782  786  789  802  840  869  894  923  948  1003  1011  1034  1060  1070  1147  1192  1201  1221  1275  
73  272  277  298  349  359  387  534  563  682  732  735  786  789  840  869  894  923  1034  1060  1070  1201  1221  1275  
73  76  272  298  349  359  387  534  563  588  682  732  735  786  789  840  869  923  948  1011  1034  1060  1070  1221  1275  
73  76  272  298  349  359  387  563  588  682  732  735  782  786  789  840  869  894  923  948  957  1011  1034  1060  1062  1070  1192  1221  1275  
73  76  272  277  349  359  387  563  588  599  682  732  735  782  786  789  840  869  894  923  948  957  1011  1034  1060  1070  1192  1221  1275  
73  76  272  277  298  349  359  387  534  563  588  682  689  732  735  782  786  789  803  840  869  894  923  948  957  1011  1034  1060  1070  1088  1147  1192  1221  1275  
73  76  272  277  298  349  359  387  534  563  588  682  732  735  782  786  789  840  869  894  923  948  957  1011  1034  1060  1070  1192  1201  1221  1275  
73  76  272  277  298  359  387  534  563  682  732  735  782  786  789  840  894  923  948  957  1011  1034  1060  1070  1121  1147  1192  1201  1221  1275  
73  76  272  277  298  349  359  387  534  563  588  682  732  735  782  786  789  840  869  894  923  948  952  957  1002  1006  1011  1034  1070  1175  1192  1201  1221  1275  
73  76  209  272  277  298  349  359  387  534  543  563  588  682  732  735  782  786  789  840  869  894  923  948  952  957  1006  1011  1034  1060  1070  1192  1201  1221  1229  1275  
73  76  272  277  298  349  359  387  534  563  588  682  732  735  782  786  789  869  894  923  948  952  957  1025  1034  1070  1147  1192  1201  1221  1275  1282  
73  76  277  349  353  359  387  534  563  588  599  682  732  735  782  789  840  869  894  923  948  952  957  1006  1011  1034  1060  1070  1114  1147  1192  1201  1221  1275  
73  76  85  111  190  272  277  298  349  353  359  360  387  392  534  563  588  616  682  732  735  736  782  786  789  816  837  840  869  894  923  948  957  1011  1034  1070  1147  1192  1221  1275  1294  
73  85  103  272  277  298  347  359  387  391  392  534  563  588  599  611  682  712  723  735  782  786  789  820  840  857  869  881  894  935  948  952  957  1011  1034  1060  1070  1164  1191  1192  1221  1245  1275  
76  78  143  209  277  297  298  347  352  359  387  399  417  429  534  563  564  582  587  588  592  599  624  659  665  682  708  730  732  735  737  777  779  782  786  789  820  840  844  845  869  894  898  923  935  948  950  952  957  992  1004  1006  1034  1036  1037  1060  1064  1070  1166  1219  1221  1258  1275  
13  64  73  76  78  83  103  138  141  173  176  180  230  250  273  277  296  298  328  330  340  347  349  354  359  372  399  412  417  443  522  532  534  537  541  543  563  592  617  623  626  644  665  728  730  732  735  760  770  774  777  778  779  781  782  784  786  789  819  843  844  845  855  863  869  874  881  894  912  922  923  924  928  938  942  948  957  989  1001  1025  1039  1052  1055  1070  1083  1147  1165  1168  1189  1192  1221  1243  1252  1253  1260  1275  
14  36  59  63  72  76  98  103  114  136  141  151  161  177  180  186  209  272  274  277  283  291  298  316  330  338  347  351  354  359  387  392  417  427  473  495  505  531  539  564  568  573  587  588  590  597  599  602  611  623  665  670  681  682  714  719  723  724  729  730  732  734  736  742  747  748  751  754  757  758  765  783  786  789  796  802  805  822  837  844  845  854  858  861  863  873  881  894  900  907  909  915  917  922  928  935  941  942  957  961  989  992  1001  1005  1015  1032  1034  1055  1059  1060  1064  1065  1066  1069  1070  1076  1083  1090  1093  1094  1114  1117  1120  1138  1142  1145  1176  1177  1191  1194  1215  1221  1233  1252  1253  1260  1268  1275  1280  
23  29  31  58  71  82  90  92  100  103  105  108  111  114  116  132  143  157  176  192  207  209  233  250  260  265  283  295  303  309  316  344  346  359  377  383  387  397  401  417  418  427  436  458  473  496  504  508  513  539  563  565  568  572  578  582  592  595  604  611  617  624  629  631  636  654  660  668  675  676  678  682  701  705  728  730  731  732  734  735  745  747  752  759  765  768  783  786  789  791  799  801  817  820  863  869  881  894  897  898  907  911  915  924  933  935  939  948  950  957  961  969  971  978  982  993  995  1000  1001  1004  1025  1033  1038  1048  1060  1064  1066  1067  1070  1083  1084  1086  1089  1111  1115  1117  1118  1137  1157  1160  1168  1172  1188  1189  1196  1201  1209  1211  1216  1223  1226  1236  1242  1246  1252  1257  1258  1268  1270  1275  1278  1279  1283  1295  
14  22  36  52  54  65  73  74  81  95  96  97  103  104  130  131  135  136  140  148  149  152  158  165  181  186  187  192  207  209  215  221  226  232  243  265  277  287  297  303  307  314  324  334  338  347  349  351  358  368  373  376  399  406  407  427  439  447  466  468  470  473  485  494  508  523  529  539  584  590  595  599  602  604  611  612  613  617  631  633  644  646  647  675  677  680  682  689  695  701  704  712  713  721  725  731  735  738  745  751  762  764  774  778  779  784  788  796  803  813  822  825  852  855  856  860  861  872  881  882  894  911  915  917  933  934  943  948  957  962  969  982  992  1026  1032  1034  1036  1045  1051  1060  1064  1070  1082  1089  1098  1115  1117  1123  1127  1147  1154  1177  1189  1204  1208  1211  1213  1216  1221  1231  1236  1252  1268  1275  1276  1279  1282  1283  1293  
2  6  16  32  40  43  71  72  73  74  76  95  98  102  114  116  132  151  161  179  186  187  198  207  209  213  215  216  223  230  238  241  253  267  272  277  292  298  306  307  334  337  338  349  351  366  368  373  376  377  389  404  419  427  431  441  444  446  471  484  520  541  547  561  563  582  587  611  617  620  647  651  668  678  679  685  687  712  721  725  735  738  748  749  762  765  771  777  778  781  784  785  789  802  803  808  819  821  825  835  840  855  869  878  881  886  894  897  916  933  942  948  949  957  968  972  992  997  1003  1014  1034  1045  1060  1086  1099  1115  1120  1124  1138  1139  1147  1150  1157  1159  1160  1191  1192  1215  1216  1221  1252  1266  1268  1270  1275  1276  1293  1295  
43  58  68  74  81  114  119  120  149  151  156  157  173  176  177  185  195  205  207  209  215  226  248  250  267  272  277  298  329  334  338  344  347  349  351  376  404  405  416  417  420  427  485  508  520  548  563  590  595  602  604  612  631  639  644  647  653  682  685  695  699  721  735  738  741  748  759  762  765  772  784  786  789  802  803  810  819  820  821  825  837  840  855  869  881  886  888  894  900  916  933  948  969  972  979  982  987  992  997  1011  1014  1032  1034  1045  1048  1049  1064  1070  1081  1099  1106  1111  1139  1145  1158  1159  1173  1191  1216  1226  1253  1268  
29  81  96  105  114  119  181  192  198  207  209  215  238  277  284  289  298  314  349  351  359  377  389  427  431  468  494  496  508  563  595  651  668  670  675  682  695  712  721  735  748  765  784  789  802  803  819  820  825  852  855  869  878  894  921  928  933  934  935  948  950  957  972  988  1011  1034  1045  1055  1070  1084  1088  1098  1099  1111  1115  1117  1120  1147  1179  1216  1260  1263  1266  1268  1275  1276  
40  65  68  96  101  114  156  181  192  207  209  210  215  272  277  292  295  314  336  349  359  373  387  404  427  563  582  604  617  644  651  668  675  679  682  695  704  735  748  762  765  784  789  801  802  803  825  840  857  869  881  886  894  915  933  948  957  969  982  991  997  1011  1037  1048  1060  1070  1082  1099  1115  1172  1191  1201  1263  1275  1295  
40  73  207  215  272  277  292  295  297  307  314  349  373  387  427  491  563  595  644  653  675  682  695  704  708  735  748  765  789  802  803  819  820  825  840  855  869  886  894  948  957  961  969  972  992  1011  1034  1045  1060  1070  1084  1091  1099  1147  1173  1268  1289  
73  207  215  277  287  295  307  314  349  359  373  377  427  473  563  604  644  675  682  695  728  732  735  765  786  789  802  803  825  840  855  869  894  918  921  933  948  957  961  972  992  1011  1060  1084  1087  1091  1099  1221  1275  
76  156  186  215  277  349  359  387  399  563  588  620  682  728  732  735  738  748  786  789  802  803  819  825  861  894  933  948  957  971  972  1011  1034  1060  1070  1084  1091  1099  1124  1160  1221  1275  
73  176  209  215  272  277  349  359  563  682  728  732  735  782  786  789  803  825  840  869  948  1037  1060  1065  1070  1109  1124  1138  1192  1201  1209  1221  1231  1275  
76  209  215  277  298  349  387  491  563  588  682  732  735  786  789  857  894  1011  1060  1099  1147  1197  1221  1275  
73  298  359  534  563  682  708  732  735  782  803  840  923  948  949  957  977  1060  1062  1099  1192  1221  1275  
277  349  534  563  588  682  735  786  789  894  923  1034  1201  1221  1275  
73  298  387  534  563  732  735  789  840  948  1006  1034  1060  1070  1201  1221  1275  
73  76  298  349  359  387  588  682  786  789  869  894  923  952  1034  1221  
73  272  349  359  387  563  588  732  789  840  869  923  948  1037  1060  1070  1192  1275  
73  277  349  359  387  588  732  735  786  789  869  894  923  952  1011  1060  1192  
73  359  563  682  735  782  786  789  840  869  923  948  957  1070  1192  
277  563  735  789  840  894  923  948  957  1011  1034  1070  1275  
272  277  298  359  682  786  894  948  957  1221  1275  
76  272  359  682  840  861  872  952  957  1011  1070  1275  
55  272  298  742  952  1006  1011  1117  1192  1246  
272  277  702  796  855  952  1006  
507  588  706  820  952  957  1006  1034  1164  
