15  38  55  72  79  81  113  128  134  137  142  158  159  189  268  272  303  309  313  322  334  337  356  357  363  374  377  390  397  405  419  423  463  472  487  489  495  496  505  519  556  592  601  602  619  664  671  691  693  710  720  731  754  767  769  782  785  786  796  799  807  818  843  850  863  875  917  923  925  929  930  952  953  957  963  981  983  997  1000  1022  1024  1033  1039  1042  1076  1080  1096  1099  1102  1113  1117  1127  1140  1142  1156  1159  1193  1210  1213  1220  1239  1257  1262  1265  1274  1279  1293  
76  81  113  137  215  272  277  303  309  313  334  337  377  405  423  487  495  498  519  521  530  544  556  567  583  592  602  611  619  622  664  671  691  693  703  720  731  753  754  767  769  782  785  796  807  818  850  863  917  925  929  938  952  963  983  984  1006  1022  1024  1039  1042  1049  1076  1078  1095  1096  1097  1102  1113  1127  1142  1156  1159  1210  1220  1239  1262  1265  1293  
76  113  272  303  334  337  390  487  491  530  556  602  611  661  664  671  720  769  782  785  796  807  818  833  850  863  917  929  952  983  1011  1024  1039  1042  1049  1076  1095  1096  1099  1102  1113  1130  1142  1156  1210  1220  1257  1264  1279  1293  
73  76  81  113  272  305  334  337  390  495  556  601  602  664  671  692  700  769  782  796  818  850  904  929  952  983  1011  1024  1042  1049  1096  1102  1114  1130  1156  1210  1212  1257  1264  1294  
76  272  277  303  334  390  539  583  602  664  692  753  768  769  782  796  818  850  929  952  957  983  1011  1024  1042  1096  1099  1102  1156  1210  1251  1257  1264  
76  272  277  334  390  592  602  664  692  724  769  782  818  929  952  957  983  1011  1042  1096  1099  1153  1156  1210  1264  
76  272  277  334  390  602  664  692  724  769  782  818  875  929  952  957  983  1011  1042  1096  1099  1207  
76  272  277  334  390  602  664  692  769  782  818  875  929  952  957  983  1011  1042  1096  1099  1153  1257  
76  272  277  334  390  602  664  692  769  782  818  875  929  952  957  983  1011  1042  1096  1099  1142  
76  272  277  334  390  592  602  664  692  769  782  818  929  952  957  983  1011  1042  1096  
76  272  277  334  390  602  664  692  769  782  818  929  952  957  983  1011  1042  1096  
76  272  277  390  602  692  782  875  929  952  957  983  1011  1042  1096  1257  
76  143  272  277  390  399  536  667  692  782  872  929  952  957  983  1011  1042  1096  
61  143  272  277  303  337  390  399  536  592  602  667  692  754  782  821  872  877  929  952  957  983  1011  1022  1042  1045  1255  1285  
61  143  167  206  303  332  334  399  536  592  611  662  667  754  762  778  821  823  831  836  872  877  881  929  952  957  971  1011  1022  1039  1040  1042  1095  1102  1255  1257  1285  
61  143  167  168  195  206  272  303  309  332  399  416  431  486  487  491  536  592  611  662  664  669  701  715  754  762  773  778  821  831  833  836  877  881  890  917  929  931  971  985  1022  1039  1040  1042  1045  1047  1090  1097  1101  1102  1156  1213  1255  1257  1260  1262  1272  1285  
61  72  81  110  157  163  168  206  309  318  334  405  423  486  487  495  499  572  582  611  623  633  669  671  673  679  701  715  751  754  760  762  773  777  778  779  809  816  821  822  827  832  863  875  876  881  890  905  917  930  931  940  952  970  979  983  985  989  1022  1025  1040  1047  1049  1090  1097  1101  1106  1117  1119  1146  1156  1158  1159  1187  1210  1212  1213  1230  1238  1255  1257  1262  1272  1274  
6  79  81  89  131  147  157  163  168  206  231  285  307  318  325  326  339  340  341  349  370  382  414  416  445  479  486  495  527  536  554  611  619  655  659  662  664  669  671  673  679  701  706  731  754  756  762  773  778  782  809  816  824  843  844  875  879  917  929  930  959  971  979  1022  1025  1026  1039  1047  1048  1049  1053  1057  1080  1090  1101  1104  1106  1107  1135  1150  1158  1159  1198  1220  1242  1251  1252  1254  1262  1264  1274  1276  1289  
13  18  64  65  78  79  84  88  99  108  113  136  140  144  157  162  165  215  231  232  234  245  246  256  268  277  297  300  303  313  322  333  339  349  352  365  377  390  393  394  397  399  405  414  415  439  455  456  463  482  489  495  514  533  545  579  585  596  602  611  620  628  640  647  648  656  661  662  669  682  683  700  708  716  724  726  753  754  778  782  785  790  816  825  827  833  837  849  872  917  923  929  930  939  945  971  979  983  995  997  1022  1025  1026  1033  1037  1039  1042  1049  1054  1060  1080  1087  1096  1101  1103  1106  1124  1134  1156  1157  1183  1193  1197  1198  1205  1210  1211  1212  1213  1215  1237  1239  1248  1249  1251  1255  1257  1274  1281  1289  1294  
27  55  64  76  78  79  81  86  113  140  142  149  159  162  163  167  168  176  181  184  189  193  205  206  216  256  295  303  309  313  322  324  332  337  343  349  357  359  362  377  397  399  401  405  428  431  445  448  455  464  469  470  484  489  492  496  498  519  527  540  553  578  584  585  595  602  606  629  632  637  645  646  648  667  676  681  683  689  691  693  708  710  720  732  754  755  762  767  771  772  782  785  804  805  807  813  822  833  840  849  850  859  867  868  875  911  917  934  939  952  953  970  971  980  983  991  997  999  1009  1024  1027  1033  1035  1037  1039  1042  1049  1076  1087  1089  1096  1102  1109  1117  1118  1122  1128  1135  1140  1142  1159  1161  1176  1193  1194  1205  1207  1210  1216  1220  1239  1240  1255  1258  1261  1265  1279  1293  
15  38  54  58  60  65  79  81  83  100  113  123  158  161  172  189  203  204  224  246  250  263  267  270  290  303  313  334  337  355  363  373  377  383  388  390  405  419  463  483  489  495  504  505  509  512  521  539  552  556  578  584  592  596  601  612  636  639  646  662  664  666  671  683  701  710  715  727  740  746  754  766  767  769  782  784  785  786  796  799  800  807  809  833  835  838  863  865  867  895  900  923  925  930  939  948  967  973  979  980  983  997  1000  1014  1015  1017  1022  1026  1027  1039  1042  1046  1047  1048  1049  1064  1071  1080  1090  1099  1106  1123  1124  1130  1134  1135  1140  1142  1148  1151  1156  1158  1198  1210  1212  1213  1220  1233  1249  1262  1279  
6  57  79  83  90  91  113  128  131  159  201  240  264  280  296  299  303  334  337  339  341  359  377  405  440  455  470  472  487  495  496  519  529  530  552  556  592  601  602  609  614  636  639  646  648  651  664  671  685  693  715  727  731  740  753  754  759  771  782  796  799  817  822  850  863  872  911  917  925  926  929  930  952  963  967  981  983  1024  1026  1039  1042  1046  1048  1049  1054  1064  1076  1090  1096  1099  1102  1113  1118  1127  1130  1142  1146  1157  1210  1220  1251  1255  1262  1264  1274  
18  55  81  100  103  113  134  137  140  169  195  236  277  280  294  303  305  322  334  337  357  405  422  423  487  492  519  539  552  556  592  596  601  602  603  611  619  632  664  668  671  683  691  720  728  753  754  767  771  785  786  796  807  817  818  833  863  875  877  886  917  929  938  939  952  963  981  983  997  1015  1022  1024  1033  1039  1046  1049  1078  1095  1096  1102  1130  1142  1151  1153  1156  1210  1216  1220  1257  1264  1265  1270  
15  72  81  113  163  204  272  277  296  303  313  334  337  342  373  377  401  405  419  423  487  489  495  505  530  556  583  592  596  602  661  664  671  691  754  767  769  785  796  799  815  817  818  824  850  863  917  923  929  939  943  957  963  983  997  1017  1024  1033  1039  1042  1046  1076  1095  1096  1099  1102  1130  1142  1151  1153  1156  1178  1210  1213  1220  1251  1264  1265  1293  1294  
76  113  134  294  303  334  337  377  399  499  556  602  664  671  692  700  731  754  769  796  807  850  863  868  917  929  957  983  1011  1024  1039  1042  1048  1049  1090  1096  1099  1113  1142  1153  1156  1210  1220  1257  1262  1264  1279  
76  113  272  277  303  334  390  527  583  602  636  664  692  753  754  782  796  818  850  904  929  983  1011  1024  1033  1042  1049  1096  1099  1102  1156  1210  1220  1257  1264  
76  272  277  334  390  556  602  692  769  782  818  850  904  929  952  957  983  1011  1096  1099  1102  1156  1210  1264  
76  272  277  334  390  602  692  782  818  929  952  957  983  1011  1042  1156  1210  
76  272  277  334  390  602  664  692  769  782  818  929  952  957  983  1011  1096  1099  
76  272  277  334  390  602  664  692  769  782  818  929  952  957  983  1011  1042  1096  1099  1142  1257  
76  272  277  334  390  592  602  664  692  782  818  875  929  952  957  983  1011  1042  1096  1099  
76  272  277  390  602  664  692  769  782  818  929  952  957  983  1011  1042  1096  
76  272  277  334  390  602  692  769  782  875  929  952  957  983  1011  1042  1096  
76  272  277  303  390  602  664  692  769  782  818  872  875  929  952  957  983  1011  1096  1203  
61  76  143  272  277  390  536  592  667  692  754  782  872  929  952  957  983  1011  1042  1096  1257  
61  143  277  303  337  349  390  399  536  592  662  692  754  762  777  778  823  872  929  952  957  983  1011  1022  1042  1255  1285  
61  110  143  167  195  206  213  303  332  349  486  536  592  662  667  692  754  762  778  821  872  877  881  929  931  957  993  1022  1025  1039  1040  1042  1047  1048  1060  1102  1210  1255  1257  1260  1272  1285  
61  84  134  143  167  168  195  233  303  309  318  332  334  337  399  486  489  496  536  539  573  611  623  633  662  669  671  679  701  715  754  762  773  778  816  821  822  831  832  833  863  890  917  921  930  931  935  939  970  971  975  984  985  994  996  1008  1022  1025  1040  1042  1045  1047  1049  1064  1090  1097  1101  1132  1146  1156  1164  1187  1207  1208  1210  1213  1257  1262  1272  1281  1285  
4  6  61  72  79  89  147  157  163  168  170  173  179  204  206  213  236  299  307  309  318  326  334  339  342  398  467  479  486  495  506  522  535  573  609  611  620  622  633  662  664  669  671  679  701  715  724  731  736  751  754  760  778  779  785  825  827  832  839  863  871  875  881  890  917  930  931  933  939  971  989  993  1022  1025  1037  1039  1040  1042  1047  1048  1049  1101  1102  1105  1106  1107  1108  1117  1150  1156  1159  1161  1184  1200  1210  1212  1220  1251  1252  1254  1262  1264  1266  1271  1274  1295  
18  65  79  81  90  93  101  103  107  136  140  147  157  163  168  169  173  206  218  220  239  245  257  267  309  311  315  322  328  337  339  342  365  377  382  393  405  407  419  448  463  472  479  488  489  521  539  552  556  557  567  587  619  620  637  655  656  660  661  662  671  672  673  684  708  712  715  724  725  737  748  750  754  762  767  773  778  782  790  795  796  805  807  809  814  816  817  818  821  824  825  829  831  837  843  856  863  868  891  917  923  930  938  943  963  966  971  981  983  995  1017  1025  1033  1039  1046  1047  1048  1049  1053  1060  1062  1071  1079  1087  1096  1099  1101  1102  1106  1116  1130  1137  1146  1156  1157  1165  1188  1193  1197  1205  1210  1216  1220  1223  1228  1238  1239  1242  1243  1249  1262  1264  1274  1281  1289  1292  1293  
1  10  38  49  58  60  72  73  77  78  81  97  104  137  140  151  159  161  163  176  184  189  204  225  242  245  246  248  264  268  275  296  297  299  303  313  322  326  333  336  337  340  341  351  361  373  374  377  379  388  389  390  421  430  433  438  439  451  464  486  487  489  492  496  499  505  519  530  539  556  557  585  586  592  596  602  619  620  636  639  646  648  649  650  662  664  670  683  685  691  706  708  710  715  726  734  749  753  754  762  772  779  782  783  785  790  796  799  810  816  824  833  836  837  847  850  863  868  901  903  917  922  929  938  946  947  948  959  971  983  995  997  1014  1022  1024  1033  1039  1042  1044  1048  1049  1071  1076  1078  1080  1088  1090  1095  1096  1099  1100  1101  1102  1113  1115  1134  1142  1143  1156  1158  1166  1181  1185  1193  1195  1210  1212  1216  1239  1268  1274  1293  
7  19  32  33  38  47  72  79  81  100  113  142  157  158  159  161  169  172  176  177  181  189  195  204  215  222  244  245  258  268  270  294  299  303  320  322  326  334  336  339  340  342  343  363  373  377  388  390  394  405  419  427  445  450  462  463  484  495  496  519  522  529  539  556  589  596  614  615  619  625  636  656  661  664  671  710  720  727  728  731  754  755  769  782  796  797  807  809  817  818  839  847  863  868  874  875  881  886  895  911  917  923  925  930  934  939  943  947  952  953  957  963  967  983  1000  1011  1014  1017  1021  1023  1030  1033  1037  1039  1040  1042  1046  1070  1076  1096  1113  1118  1121  1124  1135  1142  1143  1151  1153  1166  1178  1181  1193  1210  1213  1216  1220  1243  1249  1254  1255  1265  1294  
7  55  58  72  76  79  90  113  115  118  137  155  158  163  168  192  215  226  251  261  263  272  277  296  299  303  309  310  313  328  334  339  343  357  374  377  401  405  418  419  423  431  469  482  495  499  504  519  521  527  539  556  559  564  567  571  596  601  602  611  619  648  664  671  679  691  693  695  708  714  720  725  731  754  758  767  769  782  785  786  796  807  809  810  818  824  839  859  863  868  875  923  925  929  934  938  939  940  952  953  980  983  984  992  995  997  1000  1006  1011  1017  1022  1024  1034  1037  1038  1039  1044  1047  1081  1087  1096  1102  1113  1116  1127  1156  1159  1161  1193  1194  1210  1211  1214  1216  1243  1249  1262  1265  1272  1274  1279  
15  33  44  47  72  76  79  91  108  128  134  135  140  158  161  163  207  210  222  232  272  277  299  303  334  337  340  342  377  397  401  426  472  495  514  521  533  539  542  556  557  583  602  619  656  661  662  664  666  671  693  703  710  727  731  740  750  753  754  755  762  767  772  782  785  793  796  799  807  809  818  833  838  863  916  917  923  925  929  943  952  953  981  983  984  997  1024  1033  1039  1042  1054  1066  1076  1096  1099  1102  1113  1117  1121  1127  1140  1156  1194  1210  1211  1213  1220  1254  1264  1279  1293  
55  72  76  78  81  83  137  163  215  240  276  294  299  303  313  334  337  357  363  373  377  390  438  469  514  521  530  539  556  592  602  603  619  646  656  662  664  671  720  731  749  753  754  769  782  785  796  807  809  824  843  850  863  875  917  925  929  952  953  957  983  997  1011  1022  1023  1024  1026  1033  1039  1042  1049  1054  1076  1078  1080  1096  1099  1102  1130  1134  1148  1156  1180  1210  1249  1265  1279  
73  79  81  131  158  303  334  377  390  399  419  423  463  495  519  527  539  556  602  609  636  664  691  720  725  753  769  776  782  785  786  796  807  815  818  850  863  895  917  925  929  952  957  983  997  1011  1015  1024  1039  1042  1044  1076  1078  1080  1096  1102  1117  1142  1156  1159  1210  1214  1255  1264  1268  
76  81  272  303  334  337  377  390  399  405  495  527  556  602  619  664  671  691  692  700  754  769  796  807  818  833  840  850  863  917  929  983  1024  1034  1039  1042  1051  1078  1096  1130  1142  1156  1210  1214  1257  1265  1279  
76  113  272  277  303  334  377  390  401  405  556  602  664  692  754  782  796  818  929  983  1011  1017  1024  1042  1049  1096  1099  1102  1113  1210  1255  1264  
76  272  277  303  334  390  556  583  602  692  769  782  796  818  929  952  957  983  1011  1024  1042  1096  1099  1102  1153  1156  1207  1210  1257  1264  
76  272  277  334  390  583  592  602  664  692  769  782  818  929  952  957  983  1011  1042  1096  1099  1153  1156  1207  
