4  59  61  66  69  75  87  100  103  115  130  138  140  145  169  181  257  262  271  279  281  345  346  355  423  429  463  477  499  503  508  509  516  522  539  551  563  564  572  579  584  639  647  658  665  666  682  683  706  710  719  729  738  744  769  772  774  776  783  792  793  803  805  808  839  840  859  870  892  893  905  928  936  939  959  966  990  1005  1020  1037  1059  1069  1076  1087  1123  1133  1188  1213  1247  1259  1272  1286  1287  1293  
54  59  103  115  130  160  271  346  353  355  363  391  503  507  564  579  629  647  658  665  666  682  683  710  729  738  772  776  783  792  798  805  814  823  839  859  877  893  905  939  951  966  973  977  990  1020  1059  1069  1076  1087  1107  1123  1133  1188  1247  1259  1286  1293  
54  115  130  271  304  322  346  353  355  495  503  564  579  629  647  666  683  711  729  738  765  776  783  792  839  846  893  939  951  1020  1064  1069  1087  1123  1247  1259  1286  
54  271  304  346  353  355  503  579  647  665  683  719  729  738  776  783  792  839  846  893  930  939  951  1064  1069  1087  1120  1123  
54  271  304  346  353  355  503  570  647  683  729  738  776  783  792  839  846  893  1064  1069  1123  
54  271  346  353  503  507  647  683  729  776  783  839  893  1061  1064  1069  1087  1123  
271  346  353  355  503  507  647  683  729  776  783  839  893  1061  1064  1069  1087  1228  
271  346  353  355  503  507  647  683  729  776  783  839  893  1061  1064  1228  
54  271  346  353  355  503  507  683  729  738  776  783  839  893  1061  1064  1120  1174  1228  
271  346  353  355  422  503  507  683  729  738  776  783  839  850  893  1061  1064  1120  1174  1228  
271  346  353  355  422  503  507  683  729  776  783  839  1061  1064  1120  1174  1228  
271  346  353  355  503  507  591  629  683  723  729  738  776  783  839  893  1061  1064  1120  1174  1222  1228  1276  
115  271  346  353  355  507  591  603  683  729  776  783  839  893  1061  1064  1120  1168  1174  1222  1228  1276  
115  271  346  353  422  503  507  683  729  776  783  792  839  846  893  951  1061  1064  1114  1116  1170  1174  1222  1224  1228  1276  
115  182  353  503  683  685  729  783  792  846  893  900  955  1009  1061  1116  1119  1170  1174  1222  1224  1276  
112  115  173  175  182  318  503  507  511  547  769  792  837  846  944  949  955  989  1004  1009  1064  1116  1119  1134  1167  1170  1174  1222  1224  1276  1286  
59  103  115  182  271  319  321  386  508  511  769  776  792  837  846  893  944  949  951  952  955  1009  1020  1061  1080  1104  1116  1134  1170  1188  1222  1224  1226  1228  1280  1283  1286  
84  115  118  182  271  305  339  358  503  507  511  570  592  665  718  765  776  792  955  1006  1009  1045  1060  1065  1116  1120  1170  1174  1222  1224  1286  
5  82  104  115  144  182  273  346  355  401  421  491  492  503  507  511  534  570  584  606  618  666  696  697  700  711  722  729  769  778  785  826  858  877  880  923  936  955  991  1009  1038  1059  1066  1100  1104  1116  1143  1146  1174  1222  1240  1275  1277  1286  1290  
65  70  115  117  118  150  161  166  182  208  305  321  343  346  348  355  396  418  543  550  563  588  595  610  635  638  666  668  702  729  756  776  782  783  805  807  823  839  846  849  893  930  935  936  957  977  980  990  1010  1019  1021  1054  1064  1066  1092  1116  1131  1134  1140  1158  1170  1174  1200  1222  1228  1247  1252  1286  
7  45  89  104  128  130  185  194  202  300  308  313  332  347  352  383  418  420  430  503  685  719  721  722  751  771  772  792  816  824  838  839  846  859  876  877  893  903  904  928  944  982  990  998  1011  1037  1064  1080  1082  1116  1120  1160  1167  1170  1174  1212  1220  1224  1239  1254  1259  1264  1286  
66  72  79  166  176  194  270  305  318  348  353  355  364  376  386  418  422  429  462  503  507  528  538  542  581  618  646  652  666  669  683  710  715  723  738  756  770  778  792  805  814  846  857  893  902  913  918  928  943  957  979  997  1020  1072  1108  1117  1140  1146  1183  1224  1266  1292  
61  69  102  128  179  305  327  339  340  346  355  358  499  500  503  512  515  638  647  649  666  683  710  719  738  743  756  769  783  792  805  810  830  846  850  859  893  928  986  993  1003  1005  1051  1059  1061  1087  1104  1241  1259  
4  54  105  182  223  279  304  318  346  355  503  570  629  647  666  682  683  694  729  760  792  839  870  877  1005  1059  1061  1087  1117  1159  1174  1205  1267  1275  1285  1287  1293  
54  100  114  271  305  321  345  346  352  353  355  386  503  505  547  587  639  647  710  722  729  730  769  776  783  806  823  839  846  847  889  925  930  951  1037  1061  1066  1069  1123  1130  1133  1137  1213  1226  1259  1287  
54  75  199  271  296  304  326  346  353  355  376  499  503  537  563  570  639  675  682  718  729  738  747  769  772  776  783  814  823  893  936  947  951  1064  1069  1123  1155  1188  1205  1209  
54  160  271  304  346  353  376  418  492  503  584  607  657  665  683  729  738  776  783  792  839  868  892  893  930  977  1005  1035  1043  1053  1064  1069  1087  1123  1145  1224  1258  
182  271  304  305  335  346  353  503  507  647  683  718  729  776  783  809  814  839  846  850  893  944  951  1061  1064  1069  1097  1213  
54  271  308  346  353  422  503  507  570  635  647  665  683  729  765  776  783  792  839  846  893  930  933  1061  1064  1120  1123  1174  
271  346  353  422  503  507  647  683  729  738  776  792  839  850  880  893  936  993  1020  1061  1064  1069  1228  
271  346  353  355  503  507  683  729  738  776  783  850  893  1061  1064  1123  1228  
54  271  346  353  355  422  503  507  584  729  776  783  839  893  1061  1064  1120  1174  1224  1228  
271  346  353  355  503  507  683  723  729  776  783  839  893  1064  1120  1174  1228  
271  346  353  355  503  591  683  729  738  776  783  893  930  1061  1064  1120  1174  1228  1276  
271  346  353  355  503  507  629  683  729  738  776  783  792  839  951  1061  1064  1120  1174  1276  
271  346  353  507  647  683  729  776  783  893  1061  1064  1120  1222  1228  1276  
271  355  503  507  683  729  776  783  839  1057  1064  1069  1113  1141  1168  1170  1174  1222  1228  1276  
115  182  271  346  353  507  683  729  776  839  893  944  1061  1064  1114  1116  1120  1174  1228  1276  
103  271  346  353  503  507  591  683  776  792  846  893  944  1009  1060  1061  1064  1116  1174  1222  1228  1286  
115  182  271  318  346  386  503  511  589  683  729  776  846  951  955  958  1061  1170  1174  1177  1224  1228  1276  1286  
115  182  271  339  346  353  355  511  665  729  769  783  944  1004  1009  1043  1057  1059  1061  1064  1071  1119  1158  1174  1212  1224  1232  1276  1278  1286  
81  112  115  157  318  346  352  353  355  491  685  718  729  776  783  795  839  846  902  944  950  955  1009  1011  1015  1032  1043  1057  1064  1069  1097  1104  1116  1170  1212  1222  1286  
115  152  318  321  339  355  386  395  500  547  603  605  618  629  665  722  729  783  792  816  826  836  846  893  935  955  1004  1009  1011  1057  1063  1097  1099  1104  1116  1123  1158  1165  1170  1222  1228  1274  1280  1286  
59  69  75  115  159  332  339  346  364  503  511  513  550  583  603  666  676  683  685  688  697  719  736  738  750  756  769  772  775  776  783  792  836  839  845  880  893  903  989  990  991  1009  1018  1020  1044  1057  1060  1065  1099  1116  1123  1197  1200  1222  1233  1235  1254  1275  1287  
90  100  128  152  165  181  279  318  326  332  355  361  370  503  564  574  595  624  625  658  666  676  686  694  700  722  729  738  753  759  769  770  776  805  807  837  839  850  934  951  955  966  990  997  1041  1052  1061  1065  1069  1072  1095  1097  1104  1116  1132  1142  1145  1154  1170  1185  1200  1222  1259  1276  1278  1289  1292  
54  80  89  103  104  162  172  246  276  296  302  336  340  354  355  376  418  422  423  463  495  500  539  609  629  633  639  647  687  705  722  750  776  783  845  857  893  899  934  936  1005  1011  1037  1054  1072  1075  1087  1089  1119  1170  1172  1175  1205  1224  1229  1235  1242  1254  1259  1276  
54  103  119  125  195  313  322  339  346  353  376  383  398  418  440  512  539  547  564  579  618  633  636  647  697  710  720  723  738  756  773  776  783  793  803  805  809  838  839  840  846  850  859  868  875  880  905  913  928  939  1021  1039  1051  1066  1079  1087  1103  1112  1120  1121  1123  1181  1183  1188  1204  1249  1267  1280  1289  1293  
33  54  64  128  146  166  257  271  287  305  346  355  503  516  570  579  638  647  666  669  674  683  697  700  711  719  729  746  772  776  783  792  805  809  814  839  846  859  865  893  939  967  990  998  1052  1069  1087  1133  1147  1168  1213  1222  1226  1242  
54  100  103  110  130  134  140  271  305  322  340  346  376  381  500  503  507  529  563  570  603  624  629  647  658  683  705  710  718  722  729  738  776  792  793  808  830  839  846  859  893  905  913  1026  1052  1061  1064  1075  1079  1123  1207  1220  1258  1259  1267  1280  1286  1293  
83  304  346  353  355  376  503  507  584  647  682  683  711  729  730  738  776  783  792  880  890  893  917  930  951  1069  1087  1105  1123  1131  1135  1153  1193  1228  1259  
