25  48  55  79  97  99  130  146  166  167  168  197  262  279  280  327  334  347  358  359  370  371  375  380  426  434  450  477  515  520  531  561  569  593  597  606  669  736  745  747  755  781  785  788  791  800  809  811  831  834  843  853  855  857  893  906  915  925  969  973  995  1018  1019  1028  1034  1040  1049  1058  1084  1086  1090  1100  1105  1131  1144  1159  1160  1171  1185  1195  1212  1213  1235  1262  1263  1291  
48  79  145  167  168  274  279  280  321  327  347  358  370  371  375  399  411  429  515  545  597  648  682  731  736  745  747  761  781  785  788  798  800  811  819  827  831  852  857  893  898  906  915  969  973  995  1018  1019  1028  1031  1040  1049  1058  1090  1094  1100  1105  1131  1144  1157  1159  1195  1206  1212  1213  1235  1237  1263  1266  
34  65  97  99  145  158  167  279  280  327  347  371  403  429  515  531  550  648  692  734  755  781  785  788  798  800  811  825  831  835  852  857  893  906  969  1018  1019  1040  1058  1067  1090  1103  1144  1149  1157  1159  1213  1235  1285  
65  97  120  145  158  197  280  347  429  712  734  755  785  794  798  811  831  839  852  857  862  893  906  1018  1019  1058  1090  1105  1144  1157  1159  1198  1213  1235  1285  
97  158  167  280  347  429  569  712  785  798  831  839  852  857  893  906  915  1019  1058  1105  1159  1181  1213  
97  167  280  347  429  785  798  831  839  852  857  893  906  1019  1058  1159  1181  1213  
97  280  347  785  798  831  839  852  857  893  906  947  965  1019  1058  1159  1213  
97  280  347  677  785  798  831  839  852  857  885  893  906  911  965  1001  1019  1058  1159  1213  
97  280  347  495  677  785  798  831  839  852  857  885  893  906  911  947  965  1001  1019  1058  1159  1213  1270  
97  167  280  347  495  677  785  798  831  839  852  857  885  893  906  911  947  965  1001  1019  1058  1159  1213  1270  
97  167  280  347  495  677  785  798  831  839  852  857  885  893  906  911  929  947  965  1001  1019  1058  1159  1213  1270  
97  167  280  347  677  785  798  831  839  852  857  893  906  911  929  947  965  995  1001  1019  1058  1159  1213  1270  
97  167  280  347  677  785  798  821  831  839  852  857  875  893  906  911  947  965  1001  1019  1058  1159  1213  
97  167  280  347  497  677  767  785  798  821  831  839  852  857  893  906  911  929  947  965  1001  1019  1058  1159  1270  
97  280  347  581  677  767  785  798  821  831  839  852  857  875  893  906  911  929  947  965  1001  1019  1058  1105  1213  1270  
97  280  347  495  581  677  767  785  798  821  831  839  852  857  875  885  893  906  911  929  947  965  995  1001  1019  1058  1159  1185  1213  1270  
97  167  280  337  347  495  677  767  785  798  821  831  839  852  857  875  885  893  906  911  929  947  965  995  1001  1019  1049  1058  1159  1213  1270  
97  155  167  280  347  419  495  677  785  798  821  831  839  852  857  875  893  906  911  929  947  965  995  1001  1019  1049  1058  1159  1213  1270  
97  167  280  337  347  495  597  677  781  785  798  831  839  852  857  875  885  893  897  901  906  911  929  947  965  995  1001  1019  1049  1058  1154  1159  1213  1243  1270  1275  
97  155  158  167  179  280  347  406  419  495  497  507  581  677  764  781  785  798  821  831  839  852  857  875  885  901  906  911  929  947  955  965  995  1001  1005  1019  1058  1100  1159  1213  1216  1270  1275  
90  97  153  155  156  193  280  308  313  337  347  419  492  516  539  550  551  555  608  623  674  677  707  767  785  798  821  831  835  839  852  857  875  893  901  906  941  947  955  965  1001  1037  1044  1058  1105  1117  1154  1157  1185  1208  1213  1216  1270  1272  1275  
30  69  79  90  94  97  146  153  155  158  193  205  280  285  310  313  316  335  337  339  342  358  366  375  419  492  495  497  520  521  551  555  579  659  674  677  680  707  723  727  735  785  790  795  798  821  831  839  844  852  857  875  889  893  901  915  926  929  947  955  964  993  995  1001  1019  1023  1058  1063  1077  1100  1103  1104  1105  1159  1183  1206  1208  1216  1237  1272  1291  1293  
35  63  90  97  99  127  130  153  155  160  164  167  183  185  241  269  279  284  290  291  314  337  344  363  375  376  377  391  403  405  421  429  442  480  489  492  495  498  511  515  523  550  597  608  610  616  623  629  652  669  700  706  707  723  727  741  746  749  765  770  777  780  781  785  795  798  800  801  806  807  812  819  821  831  839  852  857  859  860  885  888  893  901  903  906  915  941  947  955  959  974  976  983  1001  1014  1019  1023  1024  1039  1040  1049  1050  1058  1063  1072  1077  1086  1088  1100  1104  1105  1110  1129  1157  1163  1185  1195  1205  1206  1208  1212  1213  1252  1257  1267  1272  1275  1277  1280  1291  
20  32  40  44  49  55  68  69  79  83  84  89  92  94  97  99  100  102  108  111  139  150  152  183  185  193  194  197  200  225  236  247  249  266  280  282  296  316  319  327  334  337  347  350  352  358  368  370  373  375  378  394  396  398  400  406  419  421  430  431  437  439  449  450  459  470  477  480  491  495  497  502  504  507  513  515  520  532  537  550  561  564  565  574  584  610  614  635  646  650  654  664  669  672  677  682  696  697  723  730  733  747  749  751  781  785  788  790  796  809  810  821  828  831  835  847  849  854  857  861  868  885  893  901  905  913  933  938  940  945  960  964  967  969  995  1014  1018  1028  1055  1058  1063  1067  1073  1074  1075  1082  1084  1086  1097  1103  1106  1110  1117  1132  1136  1138  1139  1143  1151  1157  1160  1171  1175  1185  1186  1193  1194  1206  1209  1213  1215  1232  1233  1234  1237  1240  1247  1262  1266  1269  1272  1275  1287  1291  
1  3  16  20  38  39  40  42  47  55  80  89  95  99  108  113  118  125  129  130  133  136  139  149  164  180  196  206  207  212  213  223  238  246  254  257  268  275  279  280  285  287  291  293  304  316  317  326  330  342  344  357  358  364  366  370  371  375  380  388  395  398  406  419  450  454  467  479  489  495  505  507  513  515  520  527  529  532  544  547  551  555  560  562  565  573  575  581  591  593  597  599  608  613  616  618  624  635  637  639  641  660  665  669  673  674  678  685  687  689  702  717  732  736  740  743  747  756  760  761  777  781  782  785  788  791  798  801  820  831  834  835  839  843  852  857  858  863  870  871  876  881  885  889  892  893  905  906  911  913  914  915  925  935  960  973  978  987  989  995  1001  1002  1010  1011  1019  1021  1022  1023  1028  1029  1049  1056  1058  1061  1063  1067  1072  1085  1090  1091  1102  1103  1105  1110  1119  1131  1133  1144  1157  1159  1171  1182  1190  1196  1206  1213  1223  1225  1237  1262  1264  1270  1278  1280  1284  1291  
8  23  25  39  42  44  64  77  79  97  99  127  142  146  154  157  167  175  180  194  197  205  207  221  251  256  262  268  271  274  279  280  284  287  291  293  295  324  326  327  337  338  339  342  357  358  363  364  370  371  373  375  380  399  403  428  438  441  453  455  462  467  468  515  536  538  549  550  551  562  569  570  577  582  586  597  602  608  614  619  626  635  642  647  649  656  662  669  672  673  674  681  682  699  701  734  736  745  755  756  760  768  781  785  788  794  800  809  811  831  832  834  835  839  849  852  857  874  889  893  905  906  910  925  926  934  940  969  980  982  987  995  1004  1028  1034  1043  1050  1058  1059  1063  1067  1075  1077  1085  1086  1096  1103  1105  1107  1110  1114  1120  1131  1132  1134  1135  1141  1143  1144  1157  1159  1171  1175  1182  1185  1188  1194  1195  1212  1213  1215  1223  1234  1235  1237  1248  1255  1262  1270  1288  1291  
2  12  20  30  44  55  63  65  80  102  106  112  129  130  132  158  167  180  197  210  262  263  269  279  280  301  312  321  340  344  347  358  362  364  366  370  375  380  397  406  429  437  450  455  473  509  515  520  527  536  544  549  569  593  597  598  602  613  619  626  635  637  665  669  674  682  687  692  710  736  743  745  755  760  767  781  788  791  796  800  809  818  821  825  827  830  831  852  857  858  871  872  881  893  915  934  969  989  995  1003  1019  1028  1034  1040  1049  1051  1058  1063  1067  1076  1079  1086  1100  1105  1107  1109  1120  1130  1131  1138  1144  1146  1157  1159  1168  1169  1171  1185  1195  1212  1235  1262  1263  1266  1272  
25  38  48  65  79  128  146  161  164  179  279  280  321  347  370  371  380  386  427  429  440  477  515  520  527  533  559  561  569  597  648  665  669  673  682  688  723  731  734  736  747  781  785  788  800  808  821  831  834  843  853  857  872  893  906  915  929  969  987  995  1019  1031  1040  1041  1049  1058  1063  1084  1090  1094  1105  1107  1120  1131  1135  1157  1159  1168  1185  1206  1213  1225  1235  1237  1262  1291  
59  79  80  97  146  158  164  197  207  274  280  321  327  347  351  358  370  375  380  411  425  426  429  515  520  531  541  648  660  685  736  745  755  781  785  788  800  809  811  818  825  831  839  852  855  857  889  893  915  965  969  973  995  1018  1019  1028  1040  1049  1058  1085  1090  1094  1103  1105  1131  1144  1149  1159  1160  1195  1212  1213  1235  1237  1248  1278  1285  1291  
48  65  97  99  158  167  279  280  327  347  358  370  429  515  527  532  545  550  619  682  692  734  755  781  785  788  798  800  811  831  857  893  906  915  926  965  969  973  1040  1049  1058  1094  1105  1144  1157  1159  1195  1198  1213  1224  1285  
97  158  167  280  327  347  380  429  569  648  682  734  781  788  798  800  808  825  831  839  852  857  893  906  915  969  973  1018  1058  1103  1105  1149  1157  1159  1213  1215  1235  1285  
65  97  158  167  280  347  379  429  545  785  798  811  831  852  857  862  893  906  915  1019  1049  1058  1105  1157  1159  1213  
97  167  280  347  712  785  798  831  839  852  857  865  906  1019  1058  1103  1213  
97  280  347  411  677  785  798  831  839  852  857  893  906  911  1019  1058  1159  1213  
97  280  347  677  785  798  831  839  852  857  885  893  906  911  947  965  1001  1019  1058  1159  1213  1270  
97  280  347  677  785  798  831  839  852  857  885  893  906  911  947  965  1001  1019  1058  1159  1213  1270  
97  280  347  495  677  785  798  831  839  852  857  885  893  906  911  947  965  1001  1019  1058  1159  1213  1270  
97  167  280  347  495  677  785  798  831  839  852  857  885  893  906  911  947  965  1001  1019  1058  1159  1213  1270  
97  167  280  347  495  677  785  798  831  839  852  857  893  906  911  929  947  965  1001  1019  1058  1159  1213  1270  
97  280  347  677  785  798  831  839  852  857  875  893  906  911  929  947  965  1001  1019  1058  1159  1213  1270  
97  167  280  347  677  785  798  821  831  839  852  857  893  906  911  947  965  1001  1019  1058  1159  1213  
97  167  280  347  677  767  785  798  821  831  839  852  857  875  893  906  911  947  965  1001  1019  1058  1159  1213  1270  
97  167  280  347  495  581  677  767  785  798  821  831  839  852  857  893  906  911  929  947  965  1001  1019  1049  1058  1159  1213  1270  
97  167  280  347  495  677  785  798  821  831  839  852  857  875  893  906  911  929  947  965  995  1001  1019  1058  1159  1213  1270  
97  167  280  347  495  677  785  798  821  831  839  852  857  875  885  893  906  911  929  947  965  995  1001  1019  1049  1058  1159  1213  1270  
97  167  280  347  495  677  767  785  798  821  831  839  852  857  875  893  906  911  929  947  965  995  1001  1019  1049  1058  1159  1213  1270  
97  167  280  347  495  581  677  767  785  798  821  831  839  852  857  875  885  893  906  911  929  947  965  1001  1019  1049  1058  1159  1213  1270  
97  280  313  347  497  581  677  767  785  798  821  831  839  852  857  875  893  901  906  911  929  947  965  995  1001  1019  1058  1100  1154  1159  1213  1216  1270  1275  
97  153  155  280  347  406  419  492  539  555  674  677  707  764  767  785  798  821  831  839  852  875  893  906  911  947  955  965  993  995  998  1001  1019  1023  1049  1058  1105  1154  1185  1213  1270  1272  1275  
69  97  100  102  109  111  146  153  155  158  193  197  280  310  313  337  352  366  406  419  421  495  497  551  555  597  637  659  674  677  707  723  727  785  798  821  831  839  852  857  893  901  906  911  944  947  955  965  995  1001  1023  1049  1077  1105  1131  1154  1159  1164  1188  1206  1208  1216  1272  1293  
