7  40  57  86  87  101  116  126  137  141  144  147  180  193  204  206  223  228  253  281  299  302  334  337  338  344  382  400  416  473  479  501  538  549  563  564  567  597  600  609  659  664  669  670  671  722  734  737  740  746  774  776  789  800  813  816  851  857  879  899  904  905  923  928  933  934  953  982  987  988  996  1011  1020  1022  1030  1047  1050  1069  1088  1103  1124  1127  1137  1152  1186  1200  1206  1207  1231  1240  1243  1260  1261  1272  
7  36  87  116  137  141  144  147  180  193  203  206  253  279  281  297  344  382  399  501  549  600  609  633  668  669  670  671  722  737  746  774  776  778  789  790  813  816  851  857  879  904  907  923  928  933  934  987  988  996  1009  1011  1015  1020  1022  1047  1050  1082  1088  1103  1127  1137  1152  1171  1186  1200  1206  1207  1231  1240  1243  1260  1261  1272  
36  101  116  141  147  204  302  382  397  416  519  551  600  609  633  669  670  722  724  737  742  774  776  778  789  800  923  928  933  934  987  988  996  1009  1011  1020  1047  1088  1094  1103  1127  1136  1137  1172  1206  1207  1240  1258  1261  1292  
88  101  154  297  302  387  519  609  633  669  671  722  724  737  742  746  774  776  800  879  928  933  982  987  988  1011  1047  1063  1088  1094  1103  1127  1207  1217  1240  1258  1271  1292  
88  154  297  302  387  495  609  633  669  671  720  722  746  776  789  800  807  848  879  923  928  933  982  987  1047  1103  1127  1271  1292  
101  126  154  215  297  302  609  633  669  722  746  776  800  807  879  923  928  933  982  987  1047  1103  1271  
101  126  154  215  297  302  609  633  669  722  746  776  800  807  879  923  928  933  982  987  1047  1062  1103  1127  1153  1271  
101  154  215  297  302  633  722  776  807  879  923  928  933  982  987  1047  1062  1127  1153  1271  
101  154  215  297  302  776  800  807  879  923  928  933  982  987  1047  1062  1153  1271  
101  154  215  297  302  807  879  923  928  933  982  987  1047  1062  1153  1271  
101  154  215  297  302  807  879  923  928  933  982  987  1062  1153  1271  
101  154  215  297  302  807  879  923  928  933  982  987  1153  1271  
101  215  297  302  807  879  923  928  933  982  987  1062  1153  1271  
101  215  297  302  549  807  879  923  928  933  982  987  1062  1153  
101  215  297  302  789  807  879  923  928  933  982  987  1062  1153  
101  215  297  302  622  807  879  923  928  933  982  987  1116  
154  302  658  807  879  923  928  933  982  987  1062  1116  1271  
154  171  215  344  593  711  800  895  928  954  982  1062  1153  1163  
146  154  171  177  178  235  274  334  344  370  573  579  580  593  727  815  833  993  996  1047  1088  1091  1101  1130  1153  1163  1170  1197  1199  1224  1256  
14  56  61  66  86  143  178  235  274  286  298  302  307  308  309  321  328  342  351  405  425  484  499  506  539  549  551  573  579  580  585  593  594  597  633  648  669  670  672  711  717  727  762  774  787  816  825  833  835  848  874  880  900  937  945  954  993  999  1007  1010  1047  1053  1055  1060  1076  1081  1105  1109  1127  1145  1155  1169  1181  1183  1184  1206  1207  1217  1231  1238  1251  1260  1285  1288  
4  13  14  15  42  44  54  65  66  81  98  106  124  133  145  146  151  157  160  169  180  184  197  206  233  258  261  282  298  306  308  310  316  320  321  326  334  339  342  344  351  354  355  358  362  368  370  380  392  395  398  405  418  420  421  422  426  438  441  466  476  480  497  503  519  522  537  544  566  571  573  579  595  600  612  623  625  628  633  656  662  667  681  695  706  709  712  722  723  731  733  734  752  753  758  766  767  773  779  785  787  788  789  792  795  820  823  825  826  827  831  838  842  844  846  870  878  879  880  887  888  889  892  896  899  902  929  933  935  937  945  963  983  987  991  999  1001  1007  1010  1017  1019  1046  1047  1050  1060  1061  1064  1073  1076  1089  1091  1092  1142  1146  1147  1148  1155  1166  1183  1189  1197  1202  1204  1206  1207  1223  1226  1231  1235  1236  1238  1252  1261  1278  1280  1285  
4  5  9  10  13  16  19  27  33  34  35  38  45  47  56  63  64  70  78  80  81  84  86  94  102  104  116  117  119  128  130  131  133  137  144  154  155  157  160  161  176  179  184  204  212  213  217  222  226  230  232  233  245  246  247  248  249  251  253  270  271  274  283  285  287  294  297  298  301  302  306  307  309  314  320  329  332  340  344  345  347  349  352  356  357  358  359  360  365  366  369  370  374  384  387  394  395  396  397  408  416  420  421  431  432  438  441  442  446  449  454  458  460  463  467  472  473  476  479  480  482  484  495  503  504  506  551  562  564  566  572  573  577  578  588  590  594  595  597  600  613  617  620  633  643  645  649  650  659  664  668  669  670  677  681  684  685  688  690  703  719  730  731  734  738  739  741  745  746  748  749  760  761  763  769  774  776  777  779  783  784  785  786  800  804  810  811  815  816  820  822  823  836  840  842  843  847  850  851  852  858  862  866  870  875  876  879  882  894  897  899  904  908  911  925  928  932  933  936  938  946  947  948  953  962  972  973  975  980  982  983  993  996  1007  1008  1009  1013  1022  1027  1031  1035  1047  1048  1054  1055  1061  1063  1064  1068  1071  1078  1088  1090  1105  1110  1115  1117  1119  1125  1137  1143  1147  1150  1152  1160  1164  1171  1172  1192  1200  1201  1216  1221  1224  1225  1231  1240  1242  1243  1260  1261  1264  1268  1270  1274  1287  1290  
0  2  16  20  23  31  32  36  40  45  49  51  52  53  63  65  74  78  83  84  101  102  103  104  109  112  115  116  117  118  122  126  132  137  140  141  144  147  154  156  157  160  180  181  184  188  189  196  203  208  213  216  231  232  234  238  240  241  246  248  253  256  262  264  269  272  275  277  279  281  282  296  297  299  307  319  323  332  333  337  338  344  362  365  366  373  380  386  395  399  400  401  416  417  421  422  425  436  438  443  445  446  448  450  455  460  464  465  466  471  472  473  474  475  478  482  490  493  495  498  501  504  505  507  519  522  523  529  534  538  546  559  564  572  573  579  584  585  591  594  595  597  600  609  615  622  632  633  638  640  642  646  652  664  670  674  676  681  683  688  693  702  710  712  719  722  723  734  737  738  739  754  769  770  772  773  774  776  787  790  795  798  800  807  816  819  821  847  850  857  860  864  867  870  879  880  882  896  904  905  906  911  919  921  922  923  928  929  931  932  933  934  937  944  945  951  960  970  976  980  987  988  995  996  999  1009  1011  1013  1015  1020  1022  1027  1035  1044  1047  1048  1059  1064  1069  1075  1078  1081  1088  1103  1124  1125  1127  1133  1138  1148  1154  1160  1166  1180  1182  1186  1188  1189  1192  1196  1200  1206  1207  1217  1222  1223  1225  1230  1231  1236  1245  1250  1254  1255  1264  1265  1287  1290  
5  10  16  31  36  37  38  39  40  45  57  63  64  68  70  78  86  87  96  97  101  105  108  116  123  126  132  137  140  164  180  184  193  194  204  216  221  223  230  238  240  245  248  250  258  275  277  281  294  296  298  304  326  329  335  337  338  343  365  382  399  400  440  453  463  468  473  474  478  479  484  485  492  498  500  507  508  520  523  538  551  557  564  585  595  597  600  609  633  641  646  650  658  659  664  668  670  681  683  695  706  710  713  719  722  737  739  740  742  744  746  774  778  789  813  816  819  848  851  857  860  879  885  904  905  908  909  923  928  929  933  934  965  982  999  1011  1014  1015  1017  1020  1022  1026  1030  1040  1045  1046  1047  1050  1054  1055  1078  1088  1092  1100  1103  1115  1124  1127  1137  1152  1164  1173  1175  1183  1186  1192  1225  1231  1240  1243  1251  1258  1260  1261  1265  1278  
2  13  30  31  36  40  68  80  101  116  122  126  137  141  147  180  193  204  206  241  253  254  256  281  297  299  302  321  334  338  344  358  382  397  400  425  430  459  461  473  484  501  508  523  549  551  557  563  564  567  597  600  609  615  617  658  664  670  671  695  707  713  722  734  736  737  740  746  774  776  789  795  800  812  816  847  848  851  857  879  899  904  909  920  923  928  933  936  982  988  996  1011  1014  1020  1022  1027  1030  1047  1050  1075  1078  1092  1100  1124  1127  1131  1137  1158  1164  1173  1178  1185  1200  1201  1206  1207  1226  1230  1231  1240  1243  1260  1261  1271  1275  
7  36  86  87  101  102  116  118  126  147  180  190  193  203  204  237  248  253  275  277  302  334  337  340  344  365  379  382  399  420  425  461  474  523  538  549  563  567  600  609  652  659  664  668  669  670  671  722  727  737  743  746  774  776  789  811  816  842  852  879  882  902  904  923  928  933  958  982  987  988  996  1011  1015  1020  1022  1030  1047  1103  1137  1152  1172  1186  1206  1207  1231  1240  1243  1258  1260  1261  1272  
7  13  26  36  81  101  116  126  141  155  180  193  253  281  283  297  298  301  302  344  382  397  400  522  549  551  563  600  609  633  669  670  713  722  734  737  740  742  746  774  776  778  789  800  879  896  904  923  928  933  934  957  958  987  988  996  1009  1011  1017  1020  1030  1047  1050  1082  1103  1108  1137  1186  1200  1206  1207  1240  1243  1251  1261  1272  1292  
101  116  147  156  160  193  281  297  302  330  382  519  549  587  600  609  620  633  669  670  681  684  720  722  724  737  742  746  774  776  778  789  800  813  851  879  904  920  923  928  933  934  982  987  988  1009  1011  1017  1022  1047  1048  1063  1082  1094  1103  1127  1136  1137  1207  1217  1240  1243  1258  1260  1272  1292  
26  147  154  155  193  237  278  297  302  330  336  337  549  609  622  633  669  671  681  684  720  722  724  776  789  800  807  879  923  928  933  961  982  987  988  1009  1020  1047  1048  1063  1094  1103  1127  1136  1137  1207  1258  1292  
88  101  147  193  204  215  281  297  302  609  633  669  671  719  720  722  776  789  800  807  814  848  923  928  933  982  987  1009  1017  1047  1063  1103  1292  
101  154  215  297  302  609  633  669  722  776  800  807  879  923  928  933  982  987  1020  1047  1103  1127  1153  1271  1292  
101  126  154  215  297  302  609  633  669  684  722  746  776  800  807  879  923  928  933  982  987  1047  1049  1062  1103  1153  1271  
101  154  215  297  302  669  684  776  800  807  879  923  928  933  982  987  1047  1153  1271  1292  
101  154  215  297  302  807  879  923  928  933  982  987  1047  1153  1271  
101  154  215  297  302  807  879  923  928  933  982  987  1062  1153  1271  
101  154  215  297  302  807  879  923  928  933  982  987  1047  1153  1271  
101  215  297  302  807  879  923  928  933  982  987  1153  1271  
215  297  302  807  879  923  928  933  982  987  1062  1153  1271  
101  215  297  302  807  879  923  928  933  982  987  
101  215  297  302  807  856  879  923  928  933  982  987  1153  1271  
154  215  302  807  879  923  928  933  982  987  1062  
154  215  774  807  879  923  928  933  982  987  1047  1116  1153  1163  
171  215  344  491  622  856  982  993  1088  1109  1153  1222  
61  106  143  191  235  283  297  308  410  551  573  579  580  622  658  684  725  727  767  779  802  880  1001  1088  1090  1109  1271  
14  65  66  143  171  185  206  235  274  298  302  308  309  328  351  354  404  405  456  484  503  573  579  593  594  648  656  659  695  711  727  734  737  752  762  766  774  779  784  789  810  825  826  833  838  870  875  892  895  900  902  909  923  929  937  945  947  963  965  993  999  1010  1017  1026  1047  1060  1091  1100  1116  1135  1142  1145  1148  1163  1183  1184  1206  1207  1231  1238  1280  1285  
5  12  15  31  54  56  66  67  79  81  88  91  105  115  116  121  132  145  146  161  171  174  177  192  218  220  228  230  258  266  276  278  298  307  308  320  321  323  326  336  341  344  352  354  355  358  369  370  382  388  400  403  405  422  465  466  476  481  488  489  498  502  532  535  551  559  563  571  573  579  595  597  603  633  658  666  667  684  693  706  712  719  722  730  734  736  738  752  753  758  773  776  779  781  785  794  799  810  815  816  823  831  835  837  838  842  849  862  864  868  878  879  880  886  892  896  899  900  922  925  928  929  937  946  947  963  980  982  983  991  999  1006  1010  1019  1022  1040  1042  1047  1052  1059  1064  1069  1090  1101  1106  1111  1112  1122  1135  1142  1144  1145  1160  1166  1172  1174  1183  1184  1185  1197  1199  1204  1206  1223  1229  1231  1238  1249  1252  1258  1260  1261  1280  1285  1291  1292  1295  
2  3  5  8  12  14  15  16  19  26  28  35  38  40  44  49  56  63  68  77  79  80  85  87  89  93  103  105  110  111  116  117  119  121  126  127  131  137  141  144  145  147  148  153  154  162  163  167  169  175  176  177  182  184  189  190  191  192  193  194  195  199  204  208  210  214  217  221  235  240  247  251  254  255  260  263  272  273  275  283  299  302  309  320  321  331  332  335  343  347  351  358  360  362  364  367  369  370  380  389  396  406  417  418  425  429  438  448  449  456  458  463  468  473  474  477  479  483  487  500  501  510  512  519  521  524  532  538  539  543  548  551  552  560  564  566  573  575  579  580  582  585  587  592  597  600  607  617  624  627  630  632  633  635  647  650  651  658  659  666  668  669  670  671  675  677  683  688  698  706  707  708  713  714  719  722  724  727  731  737  740  743  746  760  766  768  771  772  774  776  777  783  785  789  790  792  795  824  826  828  835  840  842  845  850  851  858  863  866  869  870  871  875  879  880  893  896  900  904  907  911  914  917  919  920  921  924  925  928  931  933  934  946  949  952  953  954  957  958  968  974  975  982  987  992  995  1000  1003  1006  1009  1011  1012  1015  1017  1027  1030  1045  1046  1052  1054  1055  1057  1069  1078  1081  1088  1089  1094  1100  1103  1109  1113  1115  1116  1120  1129  1132  1133  1138  1144  1147  1150  1152  1155  1160  1164  1166  1167  1168  1175  1183  1186  1196  1200  1221  1222  1223  1224  1230  1240  1242  1247  1249  1254  1260  1263  1264  1269  1274  1286  1287  1290  1292  1293  
13  14  16  20  24  26  31  32  35  43  47  50  51  57  62  64  65  67  68  78  87  99  101  102  104  108  111  116  122  135  137  140  144  146  147  150  164  168  172  176  180  183  184  190  193  194  196  206  210  216  220  222  224  230  244  248  254  256  260  261  263  264  267  269  271  272  275  289  296  297  298  301  304  305  309  320  321  329  334  335  338  340  343  349  358  361  373  380  387  397  400  402  435  443  445  447  448  449  451  456  458  459  461  466  471  473  474  476  477  478  479  482  484  493  498  501  502  506  517  519  523  526  538  557  563  564  566  567  575  582  584  585  587  594  609  613  624  645  646  649  664  665  668  669  670  676  678  686  687  689  707  710  713  714  722  724  731  734  737  739  742  743  746  749  755  768  778  779  785  789  790  795  800  812  814  816  833  837  842  847  848  850  875  879  882  896  899  904  905  909  919  923  928  931  933  936  937  941  971  977  985  987  988  999  1010  1011  1015  1020  1022  1027  1047  1052  1055  1064  1069  1075  1078  1091  1092  1094  1096  1099  1100  1106  1107  1114  1124  1148  1150  1152  1158  1178  1180  1183  1188  1200  1206  1225  1230  1231  1235  1237  1240  1242  1243  1247  1260  1264  1271  1272  1281  1290  1291  1293  
14  25  32  35  37  45  64  68  77  84  86  88  97  101  116  118  127  137  140  141  146  147  160  168  180  189  190  193  194  223  240  241  242  244  245  246  248  250  253  261  264  271  275  277  281  299  301  304  321  326  338  341  343  344  352  369  397  399  400  409  424  425  446  447  449  471  473  474  475  478  479  487  495  498  501  504  508  522  527  535  538  557  563  564  567  583  585  594  597  600  609  624  633  645  658  659  663  664  669  670  671  676  695  706  713  722  736  737  739  740  743  746  761  774  776  779  789  792  811  812  813  816  847  879  885  896  899  904  905  907  914  920  923  928  933  941  958  988  995  996  1011  1015  1016  1017  1020  1030  1045  1047  1057  1075  1078  1088  1092  1100  1103  1106  1124  1137  1142  1148  1170  1171  1175  1185  1186  1206  1207  1217  1226  1231  1240  1243  1260  1264  1272  
3  5  13  30  31  36  44  49  65  80  87  101  102  109  116  126  141  144  180  184  190  193  203  204  206  223  241  247  256  275  277  281  294  297  302  305  338  341  343  352  382  397  400  424  425  433  441  473  479  520  523  538  540  549  564  566  573  597  600  609  633  652  662  664  670  676  686  706  722  734  736  737  740  746  774  776  778  789  812  813  816  837  848  851  857  879  899  904  905  923  928  933  944  953  958  987  988  996  1009  1011  1014  1017  1020  1022  1040  1045  1047  1050  1052  1069  1075  1088  1092  1100  1124  1137  1152  1153  1178  1186  1192  1200  1206  1207  1226  1231  1240  1243  1251  1260  1261  1272  
