18  77  79  83  86  138  140  181  185  195  211  213  221  297  304  316  325  335  339  345  376  402  407  409  410  475  495  537  541  542  552  555  559  565  579  632  658  662  663  668  702  715  721  725  728  751  765  775  784  785  799  808  809  845  852  872  876  891  918  921  931  939  942  961  972  979  987  1011  1036  1046  1076  1091  1094  1103  1114  1136  1151  1155  1157  1180  1190  1197  1199  1200  1237  1266  1270  1274  1279  
18  83  140  181  185  195  211  213  304  305  316  325  335  345  368  376  407  410  495  537  544  565  573  579  632  658  662  668  702  705  721  728  751  765  775  784  799  809  838  845  852  889  891  918  921  939  942  972  987  1001  1036  1039  1046  1091  1103  1136  1145  1151  1169  1180  1190  1199  1200  1209  1237  1265  1266  
83  149  181  213  301  304  305  325  335  345  407  410  495  573  579  632  665  668  702  705  721  728  751  765  775  784  799  809  838  845  877  889  891  939  997  1001  1036  1039  1046  1091  1103  1136  1145  1151  1180  1199  1200  1231  1237  1255  1258  1266  
83  213  297  305  325  335  345  407  410  495  537  573  579  632  658  665  668  705  721  765  775  784  799  806  809  838  877  889  939  985  987  997  1036  1046  1091  1103  1145  1199  1209  1237  1258  1266  1270  1274  
83  178  297  304  325  335  345  376  407  410  495  537  579  622  668  721  765  775  784  809  838  939  987  1036  1046  1091  1103  1145  1157  1199  1258  
83  178  304  325  335  414  486  495  499  533  537  579  622  658  665  668  721  765  775  784  809  838  939  1036  1046  1091  1103  1145  1199  1258  1261  
83  165  178  304  325  335  410  486  495  537  576  579  622  658  662  665  668  708  721  765  775  784  829  838  889  990  1036  1046  1091  1094  1145  1199  1237  1258  1261  
83  165  301  304  314  325  335  410  414  486  537  576  622  658  665  668  708  721  765  775  784  809  829  838  873  927  939  940  990  994  1036  1046  1091  1094  1103  1145  1199  1255  1258  1261  
83  149  165  178  304  325  335  410  486  537  576  658  665  668  708  765  775  784  809  829  838  927  940  990  1046  1048  1091  1102  1103  1145  1148  1199  1258  1261  
83  149  304  325  335  486  537  622  665  668  708  721  765  775  784  809  829  926  927  990  1036  1046  1048  1091  1094  1102  1103  1145  1148  1199  1237  1258  1261  1266  
149  165  304  325  335  410  486  537  576  658  665  668  708  721  765  775  809  927  1036  1042  1046  1048  1091  1094  1145  1148  1258  1261  1266  1291  
149  304  325  335  410  486  537  576  608  658  665  668  708  721  765  775  809  838  927  990  1036  1042  1046  1091  1094  1145  1148  1199  1258  1261  
149  304  325  335  486  537  579  658  665  668  721  765  775  809  819  873  1036  1046  1091  1094  1102  1145  1148  1237  1258  1261  1266  1291  
83  134  149  304  325  335  486  622  665  668  711  721  775  784  799  809  819  873  920  1046  1048  1091  1094  1148  1199  1237  1258  1261  
83  304  335  486  537  583  608  622  665  668  721  765  775  809  819  873  883  990  1046  1081  1094  1197  1199  1204  1258  1261  1291  
144  157  178  311  410  608  622  658  665  668  715  721  775  784  835  838  873  876  943  979  1009  1046  1102  1116  1145  1148  1150  1199  1258  1261  1291  
153  163  164  270  294  335  351  410  414  537  566  658  668  721  775  808  819  838  842  882  889  896  936  943  994  1036  1048  1050  1091  1145  1156  1180  1204  1248  1258  1270  
157  164  178  270  301  325  400  407  410  495  496  566  655  658  672  681  715  718  721  734  788  796  829  920  994  1036  1046  1048  1091  1102  1145  1152  1211  1223  1265  1266  
165  178  297  301  325  371  400  417  488  491  537  583  604  622  632  668  708  721  768  772  799  850  883  918  939  994  1005  1009  1042  1048  1053  1059  1068  1135  1197  1199  1209  1255  1266  
83  134  149  156  189  191  275  289  296  304  306  311  342  374  399  407  499  505  525  541  585  622  658  662  668  670  702  708  715  740  765  772  799  809  841  842  845  892  895  896  932  939  943  946  969  1000  1036  1155  1176  1237  1255  
83  85  129  144  163  177  178  305  311  325  335  368  414  488  495  522  559  579  619  658  665  703  721  726  765  784  791  809  835  853  889  895  986  1044  1046  1145  1181  1199  1237  1255  
83  85  177  212  219  304  306  325  333  335  345  402  407  414  491  593  622  632  641  662  711  751  754  765  775  784  786  795  829  838  843  852  884  931  939  987  1036  1091  1098  1145  1155  1169  1189  1190  1191  1199  1266  1291  
83  152  178  188  304  325  335  345  366  407  410  486  495  496  516  523  565  608  658  662  663  668  698  765  784  808  809  838  845  876  881  921  939  953  974  985  991  1007  1036  1045  1046  1063  1091  1136  1145  1152  1169  1199  1209  1245  1255  1258  1265  1266  1269  
83  163  325  394  407  410  417  495  502  537  579  622  632  658  665  668  672  721  742  765  775  784  809  838  913  937  940  987  990  1036  1040  1044  1046  1061  1091  1102  1145  1151  1199  1209  1211  1237  1255  1261  
83  149  156  171  304  312  325  335  338  371  522  579  615  622  658  662  668  721  742  752  784  806  809  838  876  939  979  1036  1046  1048  1091  1103  1145  1155  1157  1193  1197  1199  1223  1237  1258  1266  1270  1273  1291  
83  149  156  163  301  304  325  335  410  488  495  499  537  559  565  576  579  615  622  668  765  781  784  809  829  838  939  997  1000  1036  1046  1145  1148  1170  1199  1237  1251  1261  1266  1273  1291  
83  149  158  304  325  335  407  410  417  486  495  537  579  608  622  658  665  668  698  708  721  765  784  809  829  838  889  939  990  1046  1091  1094  1098  1148  1180  1199  1208  1209  1266  
212  304  314  325  335  401  407  410  486  576  579  622  632  658  721  751  765  775  838  845  939  990  1036  1046  1048  1091  1094  1145  1148  1190  1258  1261  1270  1291  
153  325  335  345  407  410  486  537  576  658  665  668  702  721  765  775  809  838  989  990  1036  1045  1046  1091  1094  1145  1148  1180  1199  1237  1261  1291  
83  149  153  178  304  325  335  537  579  658  665  668  708  721  765  775  808  809  838  876  994  1036  1046  1091  1094  1148  1199  1237  1251  1258  1261  1266  1291  
83  149  304  325  486  537  608  622  665  668  708  721  765  775  784  809  939  1036  1042  1046  1145  1148  1251  1258  1266  1270  
83  163  304  325  335  495  537  622  658  665  668  711  721  775  809  819  873  1042  1044  1046  1091  1094  1102  1103  1197  1199  1258  1261  1266  
144  304  335  410  414  486  495  622  658  665  668  721  765  775  819  829  838  873  1036  1044  1046  1094  1102  1103  1145  1148  1180  1199  1258  1261  
165  178  304  335  401  410  414  486  566  576  658  662  665  668  721  775  784  829  838  994  1046  1048  1091  1094  1145  1170  1180  1202  1209  1258  1261  
83  178  301  407  536  537  668  708  721  775  799  809  829  838  926  927  994  1046  1091  1094  1148  1251  1258  1261  1266  
83  153  325  410  495  537  632  668  721  775  809  829  835  889  926  1046  1048  1197  1258  1261  
144  149  579  658  668  702  711  721  775  781  784  829  883  939  1046  1091  1145  1199  1258  1270  
153  163  305  335  495  608  622  658  665  668  711  721  775  829  838  939  1036  1046  1098  1145  1199  
83  325  335  410  658  711  721  765  775  786  1046  1091  1103  1145  1152  1237  1291  
325  335  537  708  765  775  784  809  1044  1046  1199  1237  1266  1291  
294  304  325  537  579  608  668  765  784  799  829  838  927  1039  1045  1197  
165  304  655  665  708  721  772  809  819  883  927  939  1036  1046  1091  1251  1291  
212  325  335  486  495  499  536  632  775  937  1103  1180  1207  1237  1248  
342  486  537  765  829  1036  1094  1103  1197  1270  1274  
149  165  294  658  668  772  939  1094  1148  1270  
149  721  927  939  979  1046  1148  1211  
335  541  765  775  1036  1042  1202  1266  
303  589  765  881  1090  
711  721  754  
304  1022  
