3  36  46  82  87  94  107  110  123  149  160  168  173  180  200  202  211  212  214  215  217  255  304  305  328  329  451  454  474  491  519  576  578  586  608  621  636  709  733  739  754  758  763  765  772  808  809  841  862  863  885  931  941  962  1001  1008  1011  1017  1018  1035  1036  1061  1062  1069  1071  1085  1098  1134  1138  1139  1146  1148  1153  1154  1174  1179  1186  1207  1238  1266  
82  104  110  149  173  188  202  304  305  313  329  396  586  621  690  758  763  765  772  808  809  819  862  863  885  931  962  977  981  1001  1018  1031  1035  1051  1061  1072  1085  1086  1094  1096  1138  1139  1148  1153  1160  1169  1180  1207  1266  1284  
57  82  149  202  212  215  304  305  329  396  491  518  559  751  756  763  808  809  819  862  863  977  1011  1018  1028  1031  1072  1085  1086  1094  1096  1126  1148  1153  1207  1266  
149  212  215  304  486  491  808  809  876  974  977  1018  1031  1094  1096  1099  1148  1153  1207  1266  
149  212  486  491  977  1072  1094  1096  1099  1148  1153  1207  1266  
149  212  399  486  491  876  935  1094  1096  1099  1148  1153  1207  1266  
149  212  486  491  876  881  935  1094  1096  1099  1148  1153  1207  1266  
149  212  486  491  876  974  1094  1096  1099  1148  1153  1207  1266  
149  212  486  491  876  974  1094  1096  1099  1148  1153  1207  1266  
149  212  486  491  876  974  1094  1096  1099  1148  1153  1207  1266  
149  212  486  491  876  1094  1096  1099  1148  1153  1207  1266  
149  212  486  491  876  935  1094  1096  1099  1148  1153  1207  1266  
149  486  491  876  974  1094  1096  1099  1148  1207  1266  
149  212  491  876  935  1094  1099  1148  1153  1207  1266  
989  1099  1148  1153  
304  642  989  1099  1207  
154  304  809  1082  
154  496  516  642  809  1070  1082  1101  
163  559  642  692  936  960  990  1070  1082  1101  
89  114  163  180  360  384  521  550  580  605  666  692  697  743  745  820  844  874  973  979  990  1027  1082  1106  1154  1180  1208  1271  
72  92  108  114  150  162  168  179  180  202  288  290  302  309  316  360  367  380  420  491  501  517  521  527  550  557  559  580  632  666  668  674  676  695  719  731  743  750  754  766  787  790  808  820  841  844  849  874  885  903  941  942  973  979  996  1002  1018  1027  1045  1061  1072  1075  1078  1096  1100  1106  1107  1140  1154  1167  1180  1209  1217  1238  1248  1259  1288  
13  35  52  70  71  72  89  94  101  115  118  122  140  155  162  179  180  184  238  290  302  309  314  316  330  337  344  346  352  367  368  370  385  386  420  428  437  449  472  474  491  494  496  513  517  519  521  527  564  567  578  586  603  605  611  631  632  633  639  677  700  701  713  719  729  730  739  741  743  750  753  754  760  790  792  794  797  798  799  803  806  807  808  811  813  832  834  841  844  847  848  852  854  860  862  874  885  902  903  907  914  916  930  940  941  945  954  959  968  969  970  973  984  999  1018  1019  1023  1041  1046  1053  1061  1072  1075  1076  1078  1100  1113  1117  1118  1126  1130  1140  1154  1167  1168  1177  1182  1194  1205  1208  1212  1217  1224  1225  1234  1238  1239  1248  1259  1261  1269  1275  1284  1288  1293  
1  6  21  25  29  34  44  54  61  66  73  76  78  84  86  90  92  93  94  97  99  100  101  105  107  110  123  131  139  147  149  162  165  170  175  185  188  198  201  202  212  219  238  246  254  255  263  267  275  276  283  284  285  286  287  293  295  304  309  313  320  322  323  329  330  337  344  347  354  356  360  362  365  368  370  373  376  377  383  384  385  387  413  414  415  419  424  427  428  437  443  458  466  472  475  483  491  494  495  502  511  512  513  515  520  531  534  545  550  559  563  564  578  579  580  581  586  599  602  603  608  615  616  620  624  628  631  640  653  662  663  673  675  676  685  686  690  696  701  715  716  720  728  730  740  746  749  754  757  760  769  772  782  787  795  797  799  808  838  844  846  848  849  860  862  876  886  888  897  903  907  908  909  910  925  927  934  942  956  962  963  968  977  980  981  985  994  997  1004  1007  1008  1011  1014  1018  1027  1029  1032  1034  1038  1041  1046  1051  1053  1060  1062  1065  1068  1069  1071  1072  1075  1076  1078  1079  1082  1085  1088  1100  1104  1113  1117  1118  1119  1127  1136  1138  1139  1140  1146  1147  1167  1168  1172  1180  1184  1186  1193  1208  1212  1216  1221  1222  1234  1238  1245  1250  1253  1266  1269  1270  1272  1275  1295  
2  3  10  11  13  16  20  24  28  32  36  38  42  58  60  65  76  82  85  94  95  98  100  101  107  110  115  119  123  133  140  148  150  158  164  168  170  171  178  179  180  187  188  191  200  203  205  211  212  214  223  228  232  236  249  252  253  263  264  269  271  287  288  294  295  308  311  328  331  335  336  337  340  342  344  345  349  355  362  366  386  393  396  401  407  411  415  418  435  436  437  443  445  450  455  458  459  460  467  468  475  483  485  488  489  491  492  493  494  497  502  508  518  519  520  522  524  527  528  534  537  550  562  563  564  569  573  585  586  594  606  608  615  621  623  625  629  647  655  660  661  662  663  665  671  672  675  685  690  697  706  707  709  712  714  715  716  717  719  720  722  725  728  749  754  761  765  766  772  779  786  796  808  809  810  819  823  826  835  837  841  845  853  862  885  889  903  941  942  948  949  962  971  973  976  977  979  983  984  1001  1002  1008  1011  1018  1021  1041  1042  1043  1046  1047  1065  1076  1080  1091  1092  1094  1096  1101  1102  1110  1122  1126  1134  1138  1145  1147  1148  1149  1150  1152  1153  1156  1168  1171  1173  1179  1186  1189  1195  1202  1204  1207  1208  1235  1240  1248  1250  1252  1258  1262  1263  1264  1266  1267  1269  1276  1290  
3  5  6  11  14  28  36  38  51  54  78  82  87  93  94  98  101  104  116  117  126  127  128  147  149  155  158  160  168  173  175  180  182  200  202  212  218  223  224  228  234  238  239  249  255  262  267  269  272  278  287  295  300  313  328  329  331  335  345  346  369  374  400  403  407  410  414  424  428  435  436  441  445  451  452  454  455  461  471  474  475  476  482  491  496  503  521  522  534  536  537  544  562  573  576  584  585  586  588  599  625  654  655  659  661  666  671  686  693  698  699  704  716  720  728  730  739  752  754  758  772  794  795  808  809  819  821  825  826  835  842  845  862  864  875  881  883  888  895  900  913  931  946  955  956  959  962  979  981  985  998  1002  1008  1018  1019  1031  1035  1038  1046  1055  1061  1062  1064  1071  1078  1085  1094  1098  1110  1121  1126  1130  1145  1146  1148  1149  1153  1154  1155  1167  1173  1175  1193  1194  1196  1198  1208  1209  1216  1226  1235  1266  1269  1274  
1  6  36  65  76  82  85  87  94  107  110  114  126  127  128  131  142  149  152  167  168  173  180  198  200  202  205  211  212  237  255  295  304  305  313  322  329  334  335  344  385  396  424  454  458  467  471  475  479  483  485  486  491  494  516  518  520  576  585  586  591  601  608  621  626  636  660  661  662  668  671  680  704  707  709  715  716  728  733  739  743  754  756  758  763  772  794  809  819  825  826  831  862  864  885  903  905  916  941  950  954  971  976  981  983  1001  1002  1008  1018  1028  1035  1036  1043  1061  1078  1085  1094  1098  1102  1126  1130  1134  1138  1145  1146  1148  1153  1154  1173  1180  1186  1194  1202  1207  1214  1221  1223  1266  1274  1292  
1  3  61  65  82  85  86  107  114  117  126  149  168  180  200  202  212  214  249  304  305  328  329  330  341  345  370  409  440  451  454  471  518  519  527  561  621  662  666  690  698  704  707  715  733  736  739  754  756  758  763  765  772  778  808  809  819  825  841  862  883  885  891  895  931  945  950  962  979  981  1008  1017  1018  1031  1035  1061  1085  1094  1098  1130  1134  1138  1139  1146  1148  1151  1153  1154  1174  1179  1207  1266  1269  1273  
57  82  94  107  114  142  149  162  214  215  294  304  305  315  329  337  345  396  410  455  491  576  586  608  621  666  728  751  756  758  763  765  772  808  809  862  863  885  931  962  977  996  1001  1018  1031  1035  1036  1072  1085  1086  1094  1096  1139  1148  1153  1169  1207  1223  1266  
82  142  149  202  215  304  305  396  621  772  808  809  862  863  931  977  1000  1018  1031  1036  1085  1094  1096  1098  1102  1148  1153  1169  1207  1223  1266  
149  212  215  304  486  756  808  809  862  863  931  977  985  1018  1031  1072  1094  1096  1148  1153  1169  1207  1223  1266  
149  215  304  486  809  876  977  1031  1072  1094  1096  1099  1148  1153  1207  1266  
149  212  486  491  1094  1096  1099  1148  1153  1207  
212  486  491  876  881  935  974  1082  1094  1099  1148  1153  1207  1266  
149  212  486  491  876  974  1028  1094  1099  1148  1153  1207  1266  
149  212  486  491  876  974  1094  1096  1099  1153  1207  1266  
149  212  491  876  1094  1096  1099  1148  1153  1207  1266  
149  212  486  491  876  935  1094  1096  1099  1148  1153  1207  1266  
149  486  491  876  935  1094  1096  1099  1148  1207  1266  
149  486  491  876  1094  1148  1207  1266  
486  876  935  1094  1099  1148  1153  1207  1266  
304  876  989  1099  1153  1207  
304  1153  1207  
809  1082  
642  1028  
990  1082  
559  1027  1101  1217  
72  315  550  557  632  719  743  787  790  844  940  973  996  1018  1027  1140  
114  180  352  360  508  517  521  655  701  743  832  844  891  941  942  973  996  1018  1027  1045  1072  1126  1194  1238  1248  
72  115  132  162  180  360  388  396  406  510  517  527  564  592  693  754  808  907  966  978  1048  1072  1172  1238  1241  1272  1295  
85  124  131  153  167  188  195  202  311  322  361  396  398  465  508  517  518  565  576  587  592  622  633  716  746  762  772  800  808  831  854  877  888  907  917  931  957  971  1008  1018  1062  1105  1113  1118  1169  1170  1172  1187  1234  1238  1275  
