8  14  27  50  59  81  86  101  135  150  161  171  177  179  180  181  197  201  265  281  295  316  338  363  375  401  412  427  430  491  503  535  542  543  567  573  582  588  605  645  651  656  677  681  695  706  713  721  731  746  758  762  775  785  786  822  826  829  855  881  893  895  903  913  914  920  957  981  984  993  995  1035  1049  1059  1074  1084  1097  1099  1117  1118  1132  1135  1186  1224  1231  1239  1244  1246  1257  1270  1276  1285  1293  
14  80  86  117  171  177  180  181  194  281  295  316  338  363  375  388  401  412  427  491  535  543  567  573  582  588  605  625  638  645  651  677  681  700  702  713  721  728  729  731  746  775  779  785  786  807  822  829  855  881  893  895  903  930  957  961  981  989  993  995  1015  1035  1049  1069  1074  1097  1099  1118  1135  1182  1186  1224  1231  1239  1244  1270  1285  1293  
14  117  150  177  181  281  316  338  363  375  427  491  503  535  543  567  573  581  582  605  677  700  713  721  728  746  753  775  785  786  829  903  941  942  957  961  981  989  995  997  1015  1049  1074  1078  1099  1118  1186  1224  1231  1239  1244  1270  1293  
117  181  281  308  316  338  543  581  582  605  638  677  700  721  753  768  775  785  826  829  849  880  903  941  942  957  961  989  993  995  997  1049  1074  1078  1118  1132  1186  1224  1239  1270  1293  
54  281  316  338  581  582  605  700  721  739  768  775  826  829  880  903  942  957  961  993  995  1035  1049  1074  1078  1132  1186  1224  1239  1293  
54  316  338  581  582  700  721  768  775  826  829  942  995  1001  1015  1049  1132  1186  1239  1293  
165  185  316  338  356  398  581  582  721  768  775  942  995  1001  1049  1078  1132  1186  1239  1293  
316  338  581  582  700  721  768  775  829  942  995  1001  1049  1078  1123  1132  1186  1239  1293  
316  338  581  582  700  721  768  775  942  947  995  1001  1049  1078  1132  1186  1239  1293  
316  338  581  582  700  721  753  768  775  829  942  995  1001  1049  1078  1132  1186  1239  1293  
316  338  567  581  582  700  721  753  768  942  995  1001  1049  1078  1132  1186  1239  1293  
165  316  338  567  581  582  700  721  753  768  775  942  947  995  1001  1049  1078  1132  1186  1239  1293  
316  338  581  582  700  721  753  768  775  829  893  942  995  1001  1049  1078  1103  1132  1171  1186  1239  1293  
165  316  338  581  582  700  721  753  768  775  829  942  947  995  1001  1049  1078  1103  1132  1186  1239  1293  
165  179  316  567  581  582  700  721  753  768  775  829  942  1001  1049  1078  1132  1186  1239  1293  
165  175  338  567  581  615  700  721  753  775  785  829  839  897  942  947  1001  1078  1103  1132  1171  1186  1239  1244  
165  179  185  197  352  567  700  721  735  753  775  785  789  829  839  893  951  995  1005  1078  1103  1109  1113  1132  1171  1186  1239  1269  1279  1293  
74  108  165  179  352  545  567  613  649  671  700  721  724  735  753  775  789  829  839  843  849  893  897  903  951  995  1005  1049  1059  1078  1081  1103  1117  1215  1221  1293  
74  108  118  135  157  165  194  352  398  419  496  513  567  570  613  615  628  649  659  700  735  753  778  785  789  829  839  843  897  951  957  973  995  1005  1027  1030  1049  1059  1103  1117  1171  1221  1228  1279  1285  1293  
74  82  94  165  175  211  337  352  378  401  411  423  496  503  507  538  543  567  570  581  615  621  638  702  724  731  735  742  775  778  785  789  803  826  829  839  843  880  886  930  951  981  983  995  1005  1011  1037  1049  1059  1080  1103  1113  1117  1132  1134  1161  1171  1176  1188  1198  1217  1228  1244  1257  1279  1285  1288  
74  82  94  101  108  114  117  133  140  145  148  150  179  200  316  323  337  352  370  379  401  496  507  534  535  543  567  569  581  605  615  619  621  640  702  713  724  731  735  745  751  767  775  789  795  805  815  821  826  829  843  870  875  886  929  930  981  995  1043  1048  1049  1059  1102  1103  1109  1113  1115  1132  1134  1142  1144  1163  1171  1173  1186  1188  1205  1210  1228  1230  1239  1244  1260  1265  1267  1276  
1  74  86  133  148  150  157  171  179  181  194  281  304  316  323  337  342  368  388  401  404  445  521  524  527  533  543  545  567  581  592  596  605  615  621  623  628  647  656  669  678  681  695  700  702  748  775  780  786  790  794  795  805  807  816  829  832  855  875  895  897  917  929  942  981  988  995  1008  1034  1038  1043  1049  1059  1064  1078  1080  1095  1109  1115  1117  1118  1134  1156  1171  1186  1198  1205  1211  1252  1262  1269  
54  82  87  95  132  133  145  150  152  154  157  177  180  181  186  194  211  265  285  338  348  358  363  365  381  388  398  406  407  408  412  445  491  536  542  569  581  602  638  640  660  672  681  695  726  733  736  748  775  779  781  785  786  788  822  829  835  846  856  876  886  888  895  903  929  930  942  949  957  959  968  981  984  995  997  1001  1002  1018  1043  1055  1069  1087  1095  1096  1099  1115  1144  1149  1150  1156  1171  1176  1186  1201  1202  1210  1244  1248  1252  1257  1265  1293  
42  56  79  80  81  82  86  95  114  129  165  177  185  192  206  233  279  305  312  316  336  338  339  351  363  405  412  424  427  465  488  496  507  516  523  537  543  559  611  621  638  646  664  668  673  700  708  721  722  725  729  734  746  757  775  781  805  822  829  839  840  844  845  849  855  875  886  898  903  910  914  927  930  939  942  943  961  984  986  993  1017  1035  1043  1049  1050  1051  1059  1072  1073  1074  1097  1105  1140  1171  1173  1182  1186  1232  1237  1239  1244  1250  1261  1293  
60  66  80  87  101  125  149  171  179  180  181  272  278  285  302  304  311  316  334  338  363  391  427  445  472  491  505  508  514  515  530  535  537  556  573  581  582  585  595  621  638  653  666  677  681  690  702  706  713  717  721  722  726  728  730  746  753  761  762  775  781  795  829  852  855  856  873  881  885  893  903  927  935  942  957  960  968  981  989  991  992  993  995  1001  1042  1046  1047  1049  1062  1075  1077  1083  1113  1117  1124  1127  1132  1167  1186  1197  1204  1221  1224  1239  1250  1261  1283  1289  1293  
76  80  86  117  126  128  133  137  144  161  171  175  179  181  256  281  316  338  342  351  368  379  388  399  401  427  445  491  503  537  546  562  581  582  595  605  632  649  677  700  721  748  768  775  786  802  807  826  827  829  855  883  895  903  938  942  947  957  995  996  997  1024  1025  1035  1049  1059  1068  1078  1097  1145  1150  1186  1231  1239  1244  1259  1270  1282  1293  
86  177  249  281  302  312  316  338  343  357  427  440  503  514  536  543  567  569  573  577  581  582  605  615  625  651  677  682  695  700  721  756  768  775  785  801  813  822  829  849  855  871  893  903  942  957  961  981  995  1001  1035  1049  1057  1074  1099  1132  1186  1224  1239  1244  1252  1270  1293  
58  86  281  316  338  401  503  535  543  567  581  582  605  628  638  700  713  753  775  785  795  829  855  893  897  903  942  957  961  975  981  993  995  1015  1024  1049  1078  1099  1132  1186  1188  1224  1239  1245  1293  
74  117  179  228  316  338  491  524  535  543  581  582  638  700  721  753  768  775  786  829  849  880  903  942  957  961  995  1001  1035  1049  1074  1186  1224  1231  1239  1257  1293  
316  338  363  375  581  582  628  700  721  753  768  775  826  893  903  930  942  981  995  1001  1049  1078  1132  1145  1171  1177  1186  1224  1231  1239  1293  
185  316  338  567  581  582  605  651  700  721  753  768  775  849  942  947  995  1001  1049  1078  1132  1177  1186  1239  1293  
316  338  581  582  721  753  768  775  829  942  995  1001  1049  1078  1132  1186  1239  1293  
316  338  581  582  700  721  768  775  829  942  995  1001  1049  1078  1132  1186  1239  1293  
316  338  581  582  700  721  768  829  942  995  1001  1049  1078  1132  1186  1239  1293  
316  338  581  582  700  721  753  768  775  883  942  947  995  1001  1049  1078  1132  1186  1239  1293  
316  338  581  582  700  721  753  768  775  942  995  1001  1049  1078  1132  1186  1239  1293  
316  338  581  582  700  721  753  768  775  829  942  947  995  1001  1049  1078  1132  1171  1186  1239  1293  
165  316  338  567  581  582  700  721  753  768  775  829  893  942  947  995  1001  1049  1078  1132  1186  1239  1293  
165  316  338  567  581  582  700  721  753  768  775  829  942  947  995  1001  1049  1078  1103  1132  1186  1239  1293  
165  316  567  581  582  700  721  753  768  775  829  995  1001  1049  1078  1103  1132  1171  1186  1293  
66  108  165  197  379  545  567  581  700  735  753  775  829  843  893  897  951  995  1059  1078  1103  1132  1171  1186  1239  1279  1289  
108  165  179  197  321  352  496  515  545  567  615  623  721  735  753  775  785  789  829  861  897  947  951  995  1005  1049  1059  1078  1103  1113  1149  1171  1225  1275  1279  1293  
34  72  80  135  157  165  179  352  401  419  496  567  615  621  681  682  700  721  735  775  778  785  789  807  829  832  839  886  897  951  995  1005  1049  1059  1080  1081  1103  1113  1117  1119  1123  1134  1149  1161  1171  1203  1215  1217  1221  1225  1250  1269  1279  
82  110  123  133  157  185  211  232  249  281  289  291  337  348  352  401  423  426  496  545  570  592  601  615  621  638  640  649  689  724  727  753  772  775  788  789  795  829  839  843  886  893  897  901  911  951  961  973  976  983  995  1005  1013  1041  1049  1059  1061  1078  1082  1103  1105  1109  1115  1117  1144  1171  1198  1210  1217  1228  1244  1267  1275  1282  1293  
20  42  59  74  94  113  120  128  133  138  157  179  242  289  292  299  308  337  348  359  363  378  379  411  423  426  430  472  496  503  516  524  543  545  567  570  611  613  621  627  628  640  646  649  651  660  702  713  724  731  742  775  783  793  807  821  826  829  832  843  849  851  854  880  886  893  905  915  929  973  995  1005  1007  1015  1020  1028  1031  1041  1048  1049  1059  1064  1074  1075  1080  1083  1089  1095  1102  1107  1121  1126  1132  1134  1136  1137  1144  1171  1186  1196  1214  1217  1228  1230  1244  1245  1269  1282  
1  8  14  27  54  74  80  86  96  125  133  136  148  150  153  157  161  167  179  194  197  230  250  329  332  335  337  348  353  356  358  381  391  394  398  412  427  428  449  463  494  500  508  529  535  538  549  552  567  581  588  598  608  613  619  626  628  638  640  656  662  663  677  681  689  700  702  706  712  734  735  746  759  760  775  776  785  794  797  799  807  813  821  826  832  833  843  845  849  853  875  886  914  929  944  955  957  958  959  960  975  981  984  988  992  993  995  997  999  1015  1029  1035  1046  1049  1053  1055  1059  1060  1069  1080  1083  1097  1100  1107  1114  1115  1128  1132  1156  1159  1171  1175  1176  1178  1181  1188  1201  1210  1211  1214  1215  1224  1229  1232  1244  1248  1259  
1  2  8  9  52  54  60  80  81  86  99  101  110  129  131  139  150  179  181  182  223  224  274  279  281  299  304  306  315  316  331  345  351  363  365  386  390  391  401  405  413  427  439  441  445  497  516  526  535  543  545  562  567  569  575  577  579  582  588  595  619  638  651  664  676  677  688  695  707  708  713  727  734  741  766  767  768  775  786  792  816  818  822  826  831  849  852  855  856  875  878  881  885  886  887  893  903  917  920  935  939  941  942  956  981  984  986  989  991  995  999  1024  1038  1040  1049  1051  1059  1067  1078  1080  1083  1094  1095  1109  1115  1118  1120  1135  1141  1152  1154  1156  1171  1174  1182  1186  1188  1194  1201  1212  1230  1231  1232  1242  1244  1250  1259  1265  1269  1293  
14  15  21  38  56  65  74  80  81  87  95  110  117  120  125  126  132  135  139  154  158  165  175  180  182  197  201  207  257  263  265  266  279  281  295  299  304  316  338  341  343  345  363  371  375  382  388  393  396  410  412  417  427  436  447  463  483  496  503  505  513  523  542  559  582  592  595  602  605  613  625  626  638  640  644  651  656  664  671  672  673  681  684  695  697  700  701  702  708  713  720  721  726  727  746  757  758  761  766  775  781  786  792  795  801  802  807  808  822  834  846  849  855  881  893  901  906  920  929  936  940  942  957  977  981  984  986  991  993  995  997  1028  1035  1042  1047  1049  1072  1075  1077  1083  1095  1099  1103  1117  1124  1126  1135  1145  1186  1188  1201  1211  1224  1239  1244  1245  1257  1262  1270  1272  1273  1285  1288  1293  
8  14  37  44  50  59  68  86  101  125  147  150  157  161  162  171  175  179  180  181  205  228  246  250  265  295  299  302  304  316  325  338  363  368  375  379  401  412  427  482  491  498  503  505  516  521  531  535  543  549  561  567  581  582  605  624  645  690  710  713  724  730  744  746  753  775  785  786  795  820  822  829  855  869  893  894  895  903  914  925  930  941  942  956  957  958  961  981  984  993  995  1006  1020  1035  1047  1049  1074  1097  1099  1118  1126  1135  1153  1154  1161  1186  1188  1219  1224  1231  1237  1244  1246  1257  1270  1283  1288  
14  65  73  86  150  161  162  171  177  181  281  295  299  313  316  337  379  393  401  412  427  476  491  503  535  542  543  567  582  588  626  651  656  677  681  700  706  713  721  729  746  765  767  775  785  793  807  808  822  826  829  849  855  881  893  895  898  903  910  913  917  929  930  957  965  981  995  997  1001  1015  1049  1062  1068  1069  1084  1086  1097  1099  1117  1118  1119  1132  1145  1156  1182  1186  1188  1195  1214  1224  1231  1239  1244  1257  1258  1283  1293  
