29  30  43  102  109  111  119  124  130  176  189  192  193  205  281  298  316  336  339  340  345  347  353  370  373  465  505  516  517  525  552  556  566  571  574  590  620  641  663  675  677  680  695  711  741  760  775  803  835  840  856  861  869  895  914  938  970  976  985  1000  1022  1024  1030  1041  1054  1055  1077  1113  1160  1164  1197  1226  1229  1236  1247  1248  1249  1251  1256  1291  1294  
43  95  102  111  124  130  176  189  192  289  345  347  373  505  512  516  554  556  574  590  619  620  641  663  677  745  760  803  840  841  853  856  895  970  976  1000  1022  1024  1030  1055  1195  1226  1229  1236  1247  1248  1249  1251  
59  63  119  176  505  554  556  578  619  620  641  677  716  760  775  803  840  841  895  917  976  1022  1030  1054  1055  1056  1113  1127  1140  1195  1226  1231  1236  1248  1249  1256  1290  
63  119  176  291  505  578  619  620  677  777  840  841  895  1024  1030  1113  1195  1226  1236  1248  1249  1290  
119  176  505  527  556  578  619  620  840  841  895  1024  1030  1113  1195  1226  1236  1249  1290  
63  119  176  505  512  578  619  620  840  841  895  1113  1226  1236  1248  1249  1290  
63  119  176  505  512  578  619  620  840  841  895  1113  1195  1226  1236  1249  1290  
63  119  176  505  512  578  619  620  823  840  841  895  902  1113  1226  1236  1249  1290  
63  119  176  505  512  578  619  620  840  841  877  895  1113  1226  1236  1248  1249  1290  
63  119  176  505  512  578  619  620  823  840  841  895  1113  1226  1236  1249  1290  
63  119  176  505  578  619  840  841  895  1113  1226  1236  1248  1290  
119  357  505  512  619  841  895  1078  1113  1226  1236  1290  
131  357  740  794  895  902  956  1122  1226  1248  
105  121  184  229  538  740  766  777  794  848  900  1005  1010  1033  1092  1118  1172  1174  1292  
43  81  121  192  202  311  357  392  430  532  538  590  596  598  617  621  635  670  680  686  721  730  784  794  848  866  868  874  886  944  954  1000  1018  1064  1066  1075  1092  1123  1146  1150  1174  1177  1221  1232  1279  1292  
13  15  17  74  76  93  102  111  121  142  182  192  202  229  270  286  337  345  347  348  357  376  427  469  504  522  535  566  574  589  635  647  670  675  685  688  697  723  725  730  731  733  739  740  794  803  805  806  817  832  836  856  860  866  886  900  910  954  964  966  976  988  994  1000  1004  1054  1076  1111  1114  1115  1129  1140  1165  1168  1170  1174  1197  1199  1231  1235  
61  64  102  107  110  113  115  116  145  146  151  159  176  180  186  196  203  233  253  266  272  299  305  307  345  350  357  366  369  378  404  408  412  442  489  498  502  505  514  535  540  544  566  574  577  578  588  616  624  635  656  663  672  676  723  760  765  770  775  777  784  785  802  803  808  815  817  832  840  841  853  856  866  871  877  879  890  894  895  898  900  914  931  936  944  948  949  955  964  970  980  983  990  992  1024  1030  1035  1046  1050  1054  1058  1063  1067  1118  1121  1123  1143  1156  1160  1164  1173  1177  1181  1199  1210  1214  1218  1219  1229  1232  1241  1243  1260  1268  1281  
10  15  43  63  70  78  80  102  119  120  126  130  134  142  151  169  176  180  182  189  193  205  246  250  264  266  270  275  302  307  318  339  340  346  347  348  356  359  368  373  378  385  396  397  408  418  492  508  512  520  523  526  530  540  544  554  571  574  576  602  614  619  620  627  636  644  660  670  675  679  701  702  719  721  760  763  769  770  796  808  817  841  871  877  879  914  920  924  933  937  948  975  980  985  987  992  996  1000  1002  1003  1007  1037  1038  1041  1043  1044  1061  1077  1080  1081  1092  1093  1107  1115  1129  1131  1150  1164  1168  1175  1181  1183  1202  1226  1229  1231  1234  1235  1236  1262  1264  1272  1273  1286  1294  1295  
10  13  15  30  63  76  77  83  102  106  114  119  124  125  130  172  176  184  191  192  202  221  247  275  281  286  298  303  305  307  327  347  348  357  373  378  413  428  440  455  458  470  482  487  498  505  508  525  535  538  540  552  556  578  602  617  619  620  641  656  663  664  666  669  702  703  740  754  760  763  766  770  777  781  803  820  833  836  840  856  861  871  875  889  890  894  895  910  912  914  931  936  949  964  966  971  980  985  990  1022  1024  1025  1030  1031  1041  1046  1053  1054  1079  1081  1108  1113  1127  1146  1150  1160  1170  1181  1197  1214  1220  1226  1229  1234  1246  1247  1248  1253  1256  1264  1265  1272  1278  1290  1294  
10  91  92  95  102  111  117  119  130  141  159  176  192  193  196  230  266  278  289  298  300  303  316  328  349  353  368  373  377  391  392  449  487  505  508  512  516  517  525  546  554  566  572  574  578  590  602  614  617  620  634  635  640  641  643  645  647  663  664  665  668  674  680  695  698  701  702  706  711  716  721  736  746  751  766  775  777  781  803  820  832  835  861  875  882  895  901  912  936  960  976  1000  1007  1022  1024  1030  1035  1044  1052  1055  1063  1077  1095  1107  1113  1129  1156  1164  1173  1176  1197  1226  1229  1234  1235  1236  1247  1248  1249  1251  1253  1256  1259  1260  1276  1290  
4  20  25  49  63  70  102  113  114  119  130  157  159  170  171  176  214  229  281  344  368  378  417  436  438  442  450  458  493  505  508  514  525  538  539  556  571  572  590  620  627  641  663  664  675  677  680  695  716  760  765  775  803  835  840  841  856  861  889  895  914  945  976  980  985  999  1022  1024  1030  1041  1044  1057  1058  1071  1081  1085  1108  1109  1113  1150  1160  1178  1195  1207  1226  1229  1236  1247  1251  1259  1267  1272  1273  1290  1291  
59  70  109  119  130  176  179  214  223  280  289  296  298  302  336  345  347  364  366  505  512  516  556  562  569  574  602  616  619  620  629  630  663  673  675  677  695  711  716  731  765  775  827  841  845  869  895  915  943  970  976  985  993  1000  1020  1024  1028  1030  1035  1041  1056  1073  1109  1113  1115  1127  1137  1168  1183  1195  1226  1229  1236  1247  1248  1249  1290  1291  1294  
119  123  130  142  176  280  289  343  345  366  373  438  505  512  535  590  619  620  627  663  680  719  741  760  765  775  777  802  820  840  841  895  922  944  976  997  1000  1030  1035  1055  1081  1113  1178  1183  1195  1226  1229  1236  1248  1249  1256  1290  
17  63  119  176  373  505  574  578  619  620  711  749  796  803  840  841  890  895  976  1030  1035  1054  1073  1113  1175  1195  1226  1236  1248  1249  1256  1290  
119  176  373  505  619  620  635  680  749  777  803  840  841  895  902  1024  1030  1050  1113  1118  1150  1195  1226  1236  1248  1249  1290  
176  184  373  505  512  556  578  619  620  840  841  871  895  1113  1195  1226  1249  1290  
63  119  176  505  578  619  620  840  841  895  902  1113  1226  1236  1248  1249  
63  176  505  512  527  578  619  620  823  840  841  895  1113  1194  1195  1226  1236  1249  1290  
63  119  131  176  505  512  619  620  823  840  841  877  895  1113  1226  1236  1248  1249  1290  
119  505  512  578  619  620  823  840  841  895  1078  1113  1195  1226  1236  1290  
63  119  131  176  505  619  841  1113  1226  1236  1249  1290  
119  505  512  578  620  840  895  1010  1078  1113  1226  1236  1290  
119  176  505  538  591  619  740  764  841  956  985  1226  1236  1249  1290  
17  327  512  672  794  818  840  841  885  895  939  1092  1113  1118  1195  1226  1290  
105  119  142  147  176  177  182  208  213  318  357  392  505  507  591  621  635  733  794  831  841  848  877  902  954  1012  1050  1059  1064  1122  1150  1172  1174  1204  1222  1249  1264  1280  
61  81  93  114  182  303  318  323  357  364  408  535  542  590  602  620  655  694  740  747  777  780  782  808  823  848  856  895  900  944  960  1003  1005  1010  1024  1054  1064  1066  1094  1118  1120  1140  1151  1179  1195  1226  1228  1248  1259  
63  79  81  100  102  142  159  182  298  318  326  332  345  364  392  407  438  489  500  510  525  538  568  588  591  646  656  670  695  707  708  722  740  760  774  782  814  821  860  867  871  875  890  895  898  929  952  954  975  983  1004  1018  1022  1030  1033  1035  1037  1040  1054  1064  1078  1117  1138  1143  1148  1156  1172  1202  1205  1234  1249  1264  1287  
0  31  40  61  65  79  119  161  168  180  186  189  191  192  203  204  207  275  289  303  309  336  375  386  398  462  508  532  544  552  554  574  576  578  590  591  627  630  635  654  666  762  794  802  810  813  817  829  848  866  868  869  870  874  895  898  921  924  928  929  942  944  958  968  969  980  985  1000  1018  1030  1032  1035  1037  1038  1056  1061  1067  1073  1087  1094  1110  1115  1127  1140  1156  1175  1192  1197  1210  1218  1229  1259  1263  1268  1270  1275  1276  
17  25  43  44  49  69  72  75  102  120  131  134  151  159  164  167  172  176  184  220  223  239  246  281  287  296  301  311  315  316  322  327  336  345  351  355  364  373  389  392  403  428  438  440  454  479  493  496  500  517  530  532  538  547  562  566  568  587  593  607  608  614  627  630  644  647  663  690  719  721  738  741  763  766  781  785  792  816  817  820  853  856  859  866  871  885  890  898  910  913  922  935  938  949  964  967  969  972  974  975  976  988  990  1007  1019  1022  1026  1033  1040  1041  1044  1047  1048  1054  1056  1073  1080  1088  1096  1102  1127  1129  1132  1141  1144  1146  1150  1160  1164  1172  1175  1187  1199  1218  1226  1229  1234  1235  1253  1264  1273  1280  
21  43  51  62  68  80  86  90  95  107  119  126  142  148  151  161  170  176  180  188  189  205  217  220  247  249  270  275  285  291  296  299  300  312  318  328  329  333  345  348  366  373  375  377  394  398  400  402  440  459  470  485  492  494  498  501  505  508  512  514  516  523  525  529  535  541  552  562  566  569  577  584  587  590  602  616  627  630  635  639  643  645  650  651  663  664  672  697  711  715  716  719  721  733  735  741  751  765  775  777  785  796  803  804  808  815  826  828  832  840  850  853  856  857  858  859  860  869  871  882  884  890  911  913  917  920  928  939  941  944  964  970  980  990  997  1000  1001  1004  1030  1035  1036  1044  1046  1050  1054  1077  1090  1092  1140  1150  1164  1170  1173  1175  1176  1179  1180  1196  1197  1205  1214  1218  1226  1229  1231  1236  1248  1249  1250  1251  1264  1265  1268  1284  1290  1291  
25  62  77  97  106  113  119  131  142  150  157  176  181  192  201  212  214  224  249  255  265  297  298  303  314  317  328  339  342  343  344  353  366  404  436  440  450  454  457  461  475  478  499  505  516  517  525  539  540  552  554  556  571  572  574  586  587  601  616  617  619  620  625  627  630  663  668  674  677  680  698  707  721  739  740  763  774  775  776  802  840  858  861  871  885  886  901  923  937  938  970  985  990  993  999  1000  1001  1022  1024  1029  1030  1035  1041  1044  1050  1053  1055  1067  1077  1083  1084  1085  1109  1118  1127  1129  1137  1150  1156  1164  1170  1173  1175  1181  1190  1195  1197  1203  1206  1220  1226  1229  1235  1236  1244  1249  1258  1260  1264  1267  1272  1285  1291  
0  29  57  65  70  78  91  102  119  153  157  165  176  188  195  232  241  256  267  275  281  294  298  300  301  328  344  348  349  353  355  359  366  368  391  394  396  416  427  430  438  447  458  493  505  512  525  538  554  556  562  571  592  602  616  620  641  645  663  664  673  674  677  680  711  716  725  731  741  760  772  803  806  811  827  835  840  845  851  856  867  886  895  970  976  985  990  993  997  1000  1001  1024  1030  1038  1041  1043  1055  1085  1113  1133  1143  1164  1178  1184  1195  1214  1226  1229  1236  1247  1249  1264  1276  1290  
16  20  29  43  63  70  82  86  111  119  134  157  176  192  281  328  343  344  345  347  349  357  386  393  446  455  481  505  512  516  525  556  562  571  578  619  620  627  641  659  663  665  695  711  719  720  732  733  745  760  774  803  814  829  841  856  860  895  938  939  975  976  977  985  997  1000  1016  1018  1030  1044  1054  1055  1127  1171  1173  1203  1207  1214  1226  1229  1236  1249  1256  1257  1290  1291  1294  
63  68  119  142  146  176  192  278  324  345  347  353  373  382  392  393  505  508  512  552  556  571  578  590  620  627  674  675  677  680  760  774  802  820  840  841  856  895  970  976  995  1018  1022  1024  1030  1037  1041  1054  1055  1081  1113  1144  1160  1176  1203  1214  1226  1236  1248  1249  1251  1256  
63  119  176  344  373  392  505  512  535  540  554  578  619  620  641  663  760  840  841  856  895  898  1020  1024  1030  1055  1056  1113  1184  1226  1229  1236  1248  1249  1290  
119  176  192  505  556  578  619  620  802  840  841  871  895  902  1002  1024  1055  1113  1195  1226  1229  1236  1248  1249  1290  
119  176  291  505  512  578  619  620  840  841  895  1113  1195  1226  1236  1249  1290  
63  119  131  176  505  512  578  619  620  840  841  895  1113  1226  1236  1248  1249  1290  
63  119  176  505  512  578  619  620  823  840  841  895  902  1024  1078  1113  1195  1226  1236  1249  1290  
63  119  176  505  512  578  619  620  823  840  841  895  902  1113  1226  1236  1248  1249  1290  
