27  59  71  78  97  102  107  113  125  160  164  181  190  211  286  311  321  354  367  390  443  444  482  499  511  519  585  593  594  613  623  633  680  709  730  746  777  784  787  807  819  852  857  859  883  897  898  911  924  943  948  950  952  980  993  998  1032  1034  1044  1063  1064  1074  1102  1117  1133  1162  1167  1173  1197  1213  1216  1219  1220  1227  1232  1272  1277  
27  81  97  107  125  160  181  190  275  286  302  321  349  354  362  499  506  511  613  680  717  733  777  780  784  787  819  857  859  898  911  943  948  950  952  980  991  993  998  1004  1063  1064  1102  1117  1165  1173  1197  1213  1219  1220  1227  1232  1272  1277  
97  107  113  160  181  275  354  416  499  506  511  733  737  759  780  857  874  899  900  911  943  950  952  1004  1010  1063  1117  1173  1213  1220  1227  1232  1277  
97  107  113  160  181  275  354  499  506  509  511  780  787  857  898  899  911  943  950  952  1004  1173  1213  1220  1227  1232  1277  
97  107  113  160  181  275  499  506  509  511  744  808  857  898  899  943  950  1004  1173  1213  1220  1227  1232  1277  1284  
97  113  125  160  181  361  499  506  509  744  857  899  943  950  1004  1173  1213  1220  1227  1277  1284  
97  102  113  160  181  361  499  506  509  744  857  899  911  943  950  1004  1063  1173  1213  1220  1227  1277  1284  
97  113  160  181  499  506  509  744  803  857  899  943  950  1004  1063  1173  1213  1220  1227  1284  
97  113  181  499  506  509  744  899  943  950  1004  1063  1173  1213  1220  1227  1284  
113  181  499  506  509  857  899  943  950  1004  1063  1173  1220  1227  1284  
113  160  181  499  506  509  899  943  950  1004  1173  1220  1227  1284  
113  160  181  188  499  506  509  899  943  950  1009  1173  1220  1227  1284  
97  113  181  188  499  506  509  899  943  950  1063  1117  1173  1213  1220  1227  1284  
113  181  506  509  798  852  889  899  943  950  1004  1126  1173  1220  1223  1225  1227  1284  
113  116  125  181  361  506  509  798  852  889  899  943  950  1002  1004  1117  1166  1173  1225  1227  1277  1284  
97  125  188  270  504  509  613  708  744  780  899  950  997  1002  1112  1117  1126  1171  1218  1223  1227  1232  
102  125  171  188  275  317  364  502  509  511  613  708  780  781  803  808  857  948  955  1056  1058  1107  1109  1112  1117  1126  1213  1218  1225  1232  
40  69  74  100  102  118  125  126  156  171  174  193  275  296  316  338  344  392  420  504  521  573  604  613  623  637  696  714  759  780  781  803  813  838  848  850  852  902  913  950  952  955  1002  1056  1063  1068  1073  1107  1108  1109  1126  1171  1199  1209  1218  1225  1231  1232  1260  1277  
16  19  67  74  88  92  98  100  107  125  126  135  140  156  160  161  174  184  186  187  203  207  260  268  282  296  319  323  330  338  360  364  366  373  376  379  429  431  436  452  477  504  511  521  523  532  551  573  581  591  597  613  614  631  639  679  680  700  725  727  746  757  759  771  779  785  790  798  804  811  817  820  850  855  871  874  883  898  911  922  942  948  961  995  996  1002  1003  1005  1015  1019  1021  1056  1058  1062  1063  1068  1073  1074  1098  1115  1122  1126  1131  1164  1171  1173  1216  1218  1219  1231  1232  1239  1242  1252  1266  1289  
11  27  31  33  42  43  52  54  62  76  98  101  103  107  109  111  115  119  126  127  135  139  146  147  149  156  171  190  192  193  194  197  204  207  211  216  228  235  236  240  247  253  268  271  275  276  281  285  293  295  298  299  316  317  322  329  333  341  349  352  353  354  355  362  371  374  375  381  382  383  386  396  406  410  419  420  423  430  447  451  452  456  482  485  498  499  508  511  518  519  521  523  528  531  532  548  551  559  560  564  567  573  575  580  581  585  589  606  614  616  625  627  633  636  647  656  667  671  679  680  683  684  685  696  700  703  704  713  717  730  735  745  750  759  760  771  774  787  789  799  803  807  808  813  814  852  857  864  894  901  902  905  913  916  918  919  921  922  932  937  942  943  948  956  961  962  965  967  969  976  986  991  994  995  996  998  1003  1010  1023  1030  1032  1042  1044  1058  1064  1073  1074  1087  1094  1100  1102  1110  1115  1118  1119  1120  1133  1135  1141  1145  1154  1161  1162  1164  1178  1179  1188  1192  1199  1204  1206  1208  1214  1216  1224  1225  1232  1237  1249  1253  1254  1258  1260  1277  1278  1289  
2  16  21  25  33  34  38  39  41  47  61  66  71  72  81  92  95  96  97  99  101  102  106  110  113  120  121  125  135  143  149  154  156  168  171  174  175  181  182  183  187  188  190  193  203  215  216  224  225  229  230  232  233  238  241  242  249  256  257  260  261  262  263  275  276  278  283  286  288  292  293  295  298  300  302  311  323  329  334  335  343  344  354  362  364  367  376  379  386  388  391  395  396  399  405  410  415  419  427  432  437  444  452  453  455  458  461  462  465  466  470  477  486  492  495  510  511  514  534  537  544  545  549  550  551  553  560  563  568  570  575  581  585  591  594  597  599  600  602  605  609  613  616  624  632  633  637  638  642  646  656  657  660  661  665  667  668  677  680  682  684  686  690  693  696  697  698  700  709  714  717  736  738  739  742  743  746  754  759  760  764  771  776  784  787  789  792  796  797  804  807  809  811  818  819  821  833  835  839  841  857  862  867  875  881  884  885  902  906  923  943  947  948  950  952  957  958  959  961  969  977  996  1001  1010  1017  1022  1032  1038  1057  1058  1061  1063  1064  1074  1085  1096  1099  1103  1106  1108  1112  1119  1126  1134  1145  1153  1162  1166  1172  1173  1174  1180  1187  1188  1196  1198  1201  1206  1207  1213  1214  1215  1216  1217  1219  1220  1222  1225  1228  1232  1239  1241  1244  1261  1266  1267  1272  1276  1277  1285  1286  1293  1295  
11  20  23  24  27  45  51  57  60  65  66  71  78  97  101  105  107  115  118  143  150  154  156  160  171  175  178  181  189  190  193  203  211  216  228  231  233  234  255  270  271  285  286  288  295  300  302  308  311  318  321  344  348  349  354  361  376  390  391  395  396  403  419  437  443  444  449  450  463  472  476  477  478  482  491  494  499  508  511  523  524  538  542  545  548  551  564  584  585  591  592  593  594  601  617  623  626  627  628  633  634  637  642  649  653  657  666  667  670  679  680  686  717  719  730  736  739  741  748  752  756  772  774  779  780  784  785  787  792  807  835  839  852  855  857  860  865  874  883  886  891  896  897  898  900  902  910  911  924  943  944  948  950  952  961  990  991  992  993  998  1004  1013  1051  1059  1064  1074  1075  1089  1100  1102  1117  1118  1122  1128  1133  1137  1142  1143  1162  1165  1167  1173  1176  1179  1183  1186  1191  1213  1214  1216  1218  1219  1220  1227  1232  1238  1239  1254  1277  1280  1284  
27  71  81  84  92  99  100  108  113  125  160  161  175  181  182  187  190  211  220  229  265  273  275  285  286  288  293  300  302  317  326  340  358  361  367  376  444  453  482  491  492  498  499  510  514  544  545  577  581  584  585  613  623  637  642  653  662  669  680  717  736  752  756  759  777  784  787  807  813  819  820  832  835  836  852  857  859  874  883  895  898  924  943  948  950  952  954  991  993  994  998  1010  1032  1058  1063  1064  1074  1102  1117  1133  1161  1165  1167  1173  1175  1191  1192  1197  1206  1213  1214  1216  1219  1227  1232  1244  1248  1251  1253  1271  1272  1277  1283  1286  
27  71  78  84  97  99  101  102  107  125  160  181  188  190  193  194  218  229  270  285  286  302  311  313  358  443  482  499  511  592  613  623  679  680  700  709  777  780  784  787  807  857  859  874  877  898  899  900  911  924  943  948  950  952  958  991  993  998  1034  1063  1064  1074  1133  1173  1197  1213  1216  1219  1220  1227  1232  1277  
27  97  102  125  160  181  270  275  286  313  354  416  499  522  577  613  623  680  686  709  733  739  784  807  857  859  874  883  898  943  948  950  952  991  993  1010  1064  1117  1118  1122  1162  1173  1197  1213  1220  1227  1232  1272  1277  
97  107  113  160  181  275  286  354  416  499  506  511  733  737  739  780  857  898  899  911  939  943  950  952  998  1004  1063  1064  1117  1173  1213  1214  1220  1227  1232  1277  
97  113  160  181  275  354  499  506  511  737  759  857  898  899  911  943  950  952  1004  1173  1213  1220  1227  1232  1277  
97  107  113  160  181  308  499  506  509  511  551  744  857  898  899  943  950  952  965  1004  1173  1213  1220  1227  1277  1284  
97  113  160  181  499  506  509  759  808  857  899  911  943  950  965  1004  1173  1213  1220  1227  1277  1284  
97  113  125  160  181  499  506  509  845  857  899  911  943  950  1004  1173  1213  1220  1227  1284  
97  113  160  181  361  499  506  509  857  899  943  950  1004  1063  1173  1213  1220  1227  1284  
97  113  160  181  499  506  509  744  857  899  943  950  1004  1173  1213  1220  1227  1284  
97  113  181  499  506  509  852  899  943  950  1004  1173  1213  1220  1227  1284  
113  160  181  499  506  798  857  899  943  950  1004  1063  1173  1213  1220  1227  1284  
113  160  181  193  499  506  509  899  943  950  1009  1173  1220  1227  
113  181  188  499  506  509  899  943  950  1004  1009  1063  1173  1213  1220  1227  1277  1284  
97  113  181  509  943  950  1063  1126  1173  1213  1220  1223  1227  1284  
113  275  361  506  509  798  852  889  899  1004  1051  1068  1110  1284  
102  193  275  361  506  509  613  744  798  845  852  899  950  955  1002  1058  1232  
97  125  188  350  504  511  613  708  747  768  780  781  808  835  845  857  899  948  950  965  1004  1009  1063  1107  1117  1126  1131  1218  1232  1284  
90  97  98  100  102  107  118  125  156  188  275  276  296  311  317  364  366  374  499  502  504  561  613  675  717  734  801  804  848  850  858  911  952  955  1009  1044  1068  1109  1119  1126  1164  1171  1179  1195  1213  1225  1232  1239  1248  1253  1282  
69  74  78  118  125  147  156  161  186  187  190  194  284  296  316  318  320  345  371  416  431  452  476  511  532  551  559  564  577  599  635  639  671  696  713  737  745  747  749  759  771  780  785  798  803  808  811  813  848  850  852  855  857  883  908  911  955  990  996  1002  1003  1056  1063  1073  1102  1107  1110  1125  1126  1131  1133  1141  1171  1199  1216  1219  1220  1232  1244  1249  1264  1268  
19  31  44  46  51  93  94  98  100  105  107  111  122  128  135  139  155  160  174  184  187  189  190  203  216  249  260  262  267  270  275  282  285  286  289  296  308  316  329  330  341  354  355  360  362  366  393  408  412  423  425  427  443  452  463  467  482  495  498  499  502  511  521  523  528  532  542  551  566  571  573  581  584  593  597  607  613  614  644  679  680  696  705  719  724  730  731  736  749  754  756  757  771  778  779  780  790  820  821  829  848  853  863  864  865  867  898  905  908  909  911  917  918  919  922  937  942  948  963  965  976  978  997  1005  1017  1032  1051  1059  1075  1086  1087  1089  1115  1133  1140  1162  1186  1188  1195  1198  1199  1210  1211  1214  1224  1227  1232  1235  1242  1243  1260  1266  1270  1273  1276  
27  28  32  33  37  44  51  59  81  84  90  93  96  97  107  111  113  125  126  143  148  155  161  164  172  178  187  190  194  202  203  216  226  227  231  235  237  253  264  275  278  279  281  292  316  321  326  329  333  340  348  349  358  361  370  373  382  383  390  391  395  398  399  414  416  419  423  431  460  467  468  470  473  487  508  509  511  518  523  525  545  550  551  553  562  577  582  594  599  606  623  633  637  638  653  655  667  670  677  680  708  713  730  736  737  738  739  741  745  746  753  755  771  782  785  792  799  803  804  807  809  823  836  854  856  859  860  862  864  875  878  883  898  911  913  918  922  924  934  939  943  948  950  952  956  959  965  970  983  985  993  994  995  998  1005  1007  1010  1013  1020  1021  1024  1032  1058  1060  1061  1062  1063  1064  1074  1076  1079  1082  1084  1087  1089  1093  1095  1102  1123  1128  1131  1132  1143  1145  1146  1157  1161  1164  1166  1186  1195  1202  1206  1208  1213  1214  1216  1218  1219  1220  1224  1229  1232  1244  1245  1249  1252  1272  1277  1278  1283  1284  1289  1291  
16  23  34  56  84  85  98  102  110  113  114  125  147  155  160  161  162  164  181  182  187  190  192  193  208  209  211  218  220  222  231  232  233  273  286  292  298  317  318  335  343  351  379  391  394  444  446  449  450  458  468  470  473  477  482  484  491  492  499  509  511  514  517  524  527  534  540  542  544  560  577  584  592  593  594  595  598  601  613  623  642  645  653  679  681  684  686  688  690  697  709  733  736  743  746  754  756  771  777  778  779  780  791  808  813  819  832  833  835  836  842  850  857  866  870  877  889  898  906  910  911  917  918  920  924  932  944  947  950  954  965  976  980  991  993  994  997  1004  1008  1017  1025  1044  1051  1057  1062  1064  1087  1089  1090  1091  1093  1094  1100  1102  1117  1118  1133  1134  1162  1163  1167  1173  1175  1197  1201  1202  1219  1232  1244  1262  1266  1272  1274  1280  1291  
5  32  59  71  77  78  82  90  97  102  105  107  113  135  151  155  157  160  161  181  190  232  233  244  271  275  278  285  286  288  313  318  321  354  362  378  399  403  408  425  449  470  498  499  508  510  511  551  584  585  591  592  593  613  623  626  633  637  645  653  662  665  679  680  687  709  725  730  736  739  741  759  760  776  777  784  787  819  832  835  857  883  891  895  897  898  900  924  943  948  950  952  969  991  993  998  1004  1010  1034  1044  1064  1074  1094  1100  1108  1118  1133  1137  1142  1159  1173  1176  1183  1193  1202  1210  1213  1216  1219  1220  1224  1227  1230  1232  1240  1244  1245  1251  1271  1276  1277  1283  1288  
27  66  71  81  107  108  113  125  160  168  181  188  271  273  275  286  293  300  308  311  318  335  340  427  443  452  482  498  499  511  559  581  584  585  594  623  633  649  679  680  686  748  749  754  776  784  787  819  836  857  883  885  892  897  911  943  947  948  950  980  998  1004  1032  1044  1063  1064  1084  1106  1117  1122  1133  1162  1173  1191  1197  1213  1214  1219  1220  1227  1232  1268  1272  1277  1280  1294  
71  97  101  107  108  113  125  135  160  181  190  271  275  286  321  349  354  382  415  498  499  519  542  584  613  680  717  737  743  759  772  784  787  852  857  865  883  898  899  911  942  943  948  950  952  993  1063  1064  1106  1117  1118  1165  1173  1208  1213  1214  1219  1220  1227  1232  1277  
97  113  125  160  181  293  354  416  498  499  506  511  584  613  733  780  784  857  898  899  911  942  943  950  952  1004  1064  1173  1213  1220  1227  1232  1277  
97  113  160  180  181  275  354  499  506  509  511  780  787  857  898  899  943  950  952  1004  1064  1118  1173  1213  1220  1227  1232  1272  1277  1284  
