4  39  49  105  118  134  141  144  176  194  196  198  238  239  270  287  295  298  313  321  322  337  339  344  354  366  369  371  377  405  408  416  426  456  490  502  518  522  526  536  549  550  563  564  584  599  602  612  613  614  649  650  669  737  747  760  764  770  798  822  826  835  836  852  856  860  861  876  882  889  893  898  906  910  913  938  939  963  964  967  976  977  988  1012  1016  1023  1027  1047  1077  1081  1108  1112  1114  1128  1134  1140  1153  1160  1201  1215  1249  1258  1261  1288  
49  88  141  144  194  196  197  298  336  339  344  377  400  405  473  526  534  584  602  605  614  649  650  656  658  669  737  770  773  806  826  835  839  852  856  860  861  876  889  893  898  906  910  912  916  938  956  964  977  979  1007  1012  1023  1027  1028  1042  1047  1077  1081  1108  1114  1134  1140  1153  1201  1210  1215  1228  1258  1261  1285  
141  172  196  197  339  354  377  405  408  534  556  593  602  605  614  633  658  703  737  770  806  826  835  852  860  861  889  906  910  943  944  964  1012  1023  1027  1047  1077  1081  1108  1134  1258  1261  1285  1288  
105  144  196  197  377  405  500  584  602  605  614  737  757  779  833  835  860  861  889  943  1012  1081  1108  1261  1285  1288  
105  144  196  377  405  500  583  593  614  757  779  806  833  835  860  861  889  943  944  1012  1042  1108  1134  1261  
105  196  405  500  584  614  703  757  779  806  833  835  860  889  943  944  1012  1108  1134  1261  
105  196  500  584  614  650  703  757  806  833  835  860  889  943  944  1012  1108  1134  
105  196  500  614  650  703  757  806  835  860  889  944  1012  1108  1134  
105  196  500  584  614  650  703  757  806  835  860  944  1012  1108  1134  
105  196  500  584  614  650  703  757  770  806  835  860  889  1012  1108  1134  
105  196  500  614  650  703  757  806  860  889  944  1012  1108  1134  
105  135  196  500  650  703  757  806  824  860  944  1012  1108  1134  
105  135  196  396  500  584  614  703  757  770  806  860  944  997  1012  1028  1108  1134  1252  
105  135  196  396  584  614  650  757  770  806  824  860  1012  1134  1252  
196  396  650  703  770  824  860  889  1028  1134  
135  196  770  824  835  889  972  1028  1134  
135  198  659  805  1252  
76  286  396  411  499  659  730  810  870  913  1249  
47  321  411  523  656  723  796  808  810  859  970  979  1011  1023  1053  1065  1105  1166  1223  1267  1288  
104  160  181  354  366  382  408  518  523  556  565  602  656  709  743  749  751  772  784  818  893  913  956  970  980  1008  1026  1051  1057  1077  1112  1119  1166  1193  1210  1220  1234  1239  1247  1267  1293  
45  79  96  99  114  134  153  161  169  194  208  212  275  288  292  335  347  354  366  388  404  410  494  503  539  552  589  602  613  618  631  684  700  737  739  746  769  802  810  845  902  938  949  977  1008  1024  1077  1081  1096  1119  1139  1159  1166  1190  1210  1214  1239  1249  1266  1292  
45  86  131  141  166  184  197  205  215  241  266  282  298  321  334  346  347  361  370  382  416  428  429  499  510  512  551  552  557  560  563  578  586  602  612  649  658  705  722  730  733  743  744  748  775  784  787  791  802  813  830  833  858  864  887  906  912  923  929  938  956  1001  1027  1037  1047  1048  1054  1077  1096  1102  1115  1125  1153  1160  1166  1210  1218  1233  1239  1247  1249  1262  1272  1277  1278  1293  
7  37  44  58  66  109  114  124  125  138  145  155  166  199  212  249  282  284  297  298  307  315  345  347  361  377  397  400  407  416  426  448  464  486  503  512  516  520  549  552  557  560  563  573  594  597  608  610  614  616  619  668  669  677  707  713  737  744  758  764  784  792  802  804  805  816  833  839  861  869  879  889  893  906  912  930  933  948  962  982  1012  1015  1016  1019  1027  1035  1047  1073  1078  1081  1088  1108  1128  1143  1178  1182  1189  1190  1191  1215  1218  1220  1228  1233  1237  1243  1254  1261  1285  1291  1292  1293  1295  
4  9  44  61  65  81  86  99  123  126  139  141  180  196  202  206  207  222  297  308  321  322  325  334  339  340  354  362  372  377  388  405  449  455  507  517  522  532  549  555  583  584  589  609  611  613  614  627  631  633  649  650  655  699  708  721  728  737  760  766  775  792  798  802  804  832  835  839  868  870  876  887  893  906  910  914  923  924  951  960  976  977  991  1007  1018  1027  1030  1037  1040  1042  1045  1047  1054  1069  1077  1079  1083  1084  1108  1124  1125  1128  1135  1140  1194  1201  1215  1248  1253  1261  1269  1278  1285  
39  54  67  70  72  134  141  144  162  172  176  183  196  287  290  295  305  313  321  333  336  337  339  354  366  377  379  394  405  415  416  423  455  466  475  500  504  523  527  554  556  614  622  631  649  658  667  669  737  744  760  764  770  775  785  787  791  802  807  809  835  852  877  882  889  893  906  923  926  930  943  944  964  979  997  1012  1023  1027  1030  1035  1045  1077  1079  1081  1108  1123  1125  1134  1140  1142  1153  1160  1168  1192  1201  1215  1243  1248  1261  1277  1285  1288  1292  
49  105  134  144  155  162  206  207  212  222  270  273  278  280  286  313  326  339  351  377  405  500  502  519  522  537  556  557  563  583  584  586  593  605  609  612  614  629  631  633  649  650  656  667  669  734  737  764  784  799  809  826  835  836  844  851  860  861  876  887  889  893  898  901  938  943  953  960  970  977  1012  1016  1036  1047  1073  1077  1079  1080  1096  1099  1108  1114  1125  1140  1160  1164  1258  1261  1285  
141  144  155  157  196  286  298  360  366  377  385  405  408  500  506  508  553  602  613  614  630  641  649  650  669  737  757  769  779  806  826  835  839  852  856  861  873  889  906  938  939  946  982  1012  1023  1027  1042  1073  1080  1081  1103  1108  1123  1134  1151  1194  1203  1215  1249  1261  1277  1288  1292  
129  141  157  196  238  280  374  377  405  456  528  549  593  602  614  684  703  749  757  833  835  840  852  860  889  906  943  956  1012  1037  1077  1079  1081  1096  1108  1114  1153  1201  1210  1261  1272  1285  
66  88  105  144  194  196  377  405  500  534  584  602  614  640  650  737  757  779  806  835  849  860  889  997  1012  1053  1081  1096  1108  1153  1228  1231  1243  1285  
105  196  318  377  499  500  534  614  640  650  703  757  806  833  835  889  912  943  944  1012  1019  1027  1108  1258  1261  1285  
105  196  405  500  522  614  703  757  806  835  860  889  943  944  1012  1108  1269  1288  
105  196  500  584  614  650  703  757  806  835  860  889  944  1012  1108  1243  1269  
105  196  500  584  614  703  757  806  835  860  889  944  1012  1108  1134  
105  196  500  584  614  650  703  757  806  835  860  944  1012  1108  1134  
105  196  500  584  614  650  703  757  770  806  835  860  889  944  1012  1108  1134  
105  196  500  584  614  650  703  757  770  806  835  860  943  944  974  1012  1108  1134  
105  196  500  584  614  650  703  757  806  835  860  944  997  1012  1108  1134  
105  196  500  584  614  703  757  770  806  860  944  1012  1028  1051  1134  
105  135  196  340  396  500  650  703  757  806  824  835  860  944  1012  1108  1134  
105  135  196  306  396  614  703  723  806  824  860  889  944  1012  1028  1108  1134  1252  
135  196  396  584  614  650  757  770  777  806  835  878  943  1012  1022  1028  1051  1134  1252  
135  158  196  340  347  565  650  698  703  751  824  835  860  889  934  968  997  1028  1045  1108  1134  1252  
135  175  196  286  396  500  614  751  757  889  914  943  988  1022  1028  1051  1134  1160  1211  1275  
76  90  135  158  195  287  300  334  342  396  411  490  494  522  528  554  605  656  675  751  784  799  835  839  864  967  973  997  1053  1079  1108  1110  1134  1166  1167  
23  64  79  104  105  149  206  286  294  311  315  321  350  363  368  416  442  488  499  502  544  553  560  578  583  605  640  659  672  738  764  784  818  831  836  845  913  947  977  997  998  1022  1044  1048  1080  1161  1220  1249  1252  1267  1269  1277  1288  
78  79  86  99  129  139  149  169  172  190  196  214  221  270  273  278  282  292  307  321  342  354  356  369  388  391  403  409  426  429  449  471  477  499  506  510  518  523  539  556  589  602  625  638  673  677  699  725  730  733  737  739  754  769  770  772  784  786  791  798  799  807  810  826  840  846  852  856  859  861  869  870  893  902  908  920  943  946  962  967  979  986  1011  1016  1022  1046  1066  1075  1077  1079  1081  1114  1144  1160  1182  1210  1215  1218  1221  1223  1227  1236  1265  1272  1275  1276  1288  
4  9  24  28  38  40  56  59  66  98  102  107  117  134  154  157  158  176  192  194  197  209  210  225  228  231  238  250  262  268  291  294  295  311  321  337  342  343  354  361  370  371  378  383  390  392  408  420  425  433  458  462  467  473  480  483  487  499  507  508  512  518  523  526  527  534  540  544  552  557  560  562  563  565  574  583  592  602  605  612  642  657  673  678  682  692  701  706  710  725  726  737  744  745  746  760  772  778  784  792  796  799  800  802  810  811  826  839  842  857  864  889  893  906  910  912  913  914  925  929  942  956  958  967  970  973  976  996  997  1003  1006  1012  1021  1023  1027  1030  1035  1047  1057  1063  1068  1070  1073  1076  1077  1080  1083  1096  1106  1112  1114  1119  1125  1135  1156  1164  1189  1195  1201  1208  1215  1229  1233  1239  1247  1248  1262  1277  1278  1285  1293  
4  14  17  21  30  31  43  45  54  71  72  75  76  105  107  110  124  126  132  134  141  142  146  148  156  162  167  172  176  184  194  196  198  207  215  224  225  227  239  245  253  258  259  273  287  298  299  313  314  321  322  330  331  334  336  337  338  339  344  348  350  354  369  372  373  377  380  383  389  399  424  429  437  456  467  468  470  473  474  495  496  497  502  505  509  517  520  522  525  527  528  534  535  540  541  544  549  550  551  584  591  593  598  599  602  612  614  622  631  634  635  640  645  647  648  649  650  669  688  696  713  723  731  734  737  757  764  767  769  773  777  779  784  791  794  798  804  809  814  816  818  832  835  836  845  849  850  852  855  856  861  871  873  876  882  889  893  898  902  907  910  912  913  916  920  923  939  946  956  961  963  967  976  977  979  997  1007  1020  1026  1035  1038  1042  1047  1059  1077  1079  1081  1085  1092  1096  1099  1103  1112  1114  1119  1153  1174  1176  1180  1190  1199  1220  1233  1241  1243  1249  1258  1269  1281  1285  1288  1295  
2  7  9  13  28  30  39  40  51  54  64  67  70  72  75  109  118  119  128  134  138  144  146  162  177  183  184  193  194  196  203  223  228  230  234  238  239  256  273  275  278  280  286  294  298  300  312  320  321  322  335  336  337  339  349  350  354  359  363  365  369  371  372  388  391  397  400  405  408  425  426  429  433  460  462  472  473  478  490  500  502  505  508  511  517  522  527  528  534  536  537  539  549  550  551  552  558  561  584  585  588  602  605  609  612  613  614  622  625  626  649  650  656  667  668  669  672  683  697  737  745  747  757  764  767  770  782  792  799  802  809  822  826  835  836  852  869  873  876  882  887  889  893  898  901  902  906  910  912  925  926  929  934  948  956  960  964  967  988  996  1007  1012  1023  1024  1027  1028  1047  1077  1079  1081  1108  1114  1119  1120  1125  1128  1134  1140  1153  1178  1195  1201  1204  1218  1229  1233  1236  1239  1261  1267  1275  1285  1290  1292  
5  18  23  30  35  37  40  49  61  62  70  72  79  96  107  134  141  144  148  155  156  172  176  180  193  194  196  197  228  230  237  239  254  278  280  283  295  298  322  325  336  339  340  343  354  363  370  371  376  377  388  391  405  408  438  473  475  495  500  505  508  510  518  522  526  538  539  549  551  558  560  584  602  605  612  614  649  650  658  669  688  727  737  747  757  760  764  767  770  775  798  802  822  826  835  836  852  854  856  860  861  876  889  893  898  901  902  906  908  910  912  913  920  923  926  929  930  938  939  948  961  963  964  967  976  977  982  1012  1023  1036  1047  1059  1068  1069  1077  1079  1081  1085  1103  1114  1124  1128  1134  1140  1143  1151  1160  1174  1178  1190  1201  1210  1215  1233  1248  1249  1261  1277  1278  1285  1288  
