34  53  56  80  82  86  99  107  110  120  127  162  164  176  183  197  201  210  233  267  287  298  309  325  345  346  349  362  389  432  463  526  539  548  557  568  569  578  581  599  600  604  608  634  662  670  725  729  731  732  751  763  766  775  786  796  798  803  806  812  822  823  833  838  877  879  884  893  901  912  916  923  931  942  944  947  955  959  961  962  965  977  978  998  1010  1025  1030  1043  1046  1048  1067  1088  1114  1117  1120  1127  1165  1180  1191  1193  1202  1209  1215  1216  1217  1219  1242  
34  46  51  65  82  99  110  120  127  138  162  169  176  183  201  212  232  250  267  346  349  362  396  432  449  463  526  548  551  557  568  578  608  653  662  729  731  732  744  766  775  786  803  823  825  833  842  862  877  884  901  916  923  926  929  931  944  955  959  962  978  1025  1043  1048  1067  1085  1088  1109  1114  1127  1165  1180  1193  1202  1215  1216  1219  1235  1242  1250  
53  65  82  99  110  120  125  133  138  150  151  162  164  169  176  183  197  298  308  346  349  377  396  432  463  526  545  557  574  589  596  599  602  608  714  729  732  766  774  775  780  786  796  806  820  822  823  825  833  842  877  901  916  929  931  955  977  1021  1025  1030  1048  1067  1085  1088  1114  1126  1152  1163  1165  1180  1182  1191  1193  1215  1216  1219  1235  1242  
65  82  110  125  127  133  151  169  176  212  340  346  349  389  414  526  557  589  608  639  653  662  729  732  751  766  774  775  786  823  825  828  830  833  842  862  863  877  901  926  931  975  978  980  1025  1043  1067  1088  1114  1121  1162  1163  1165  1180  1191  1193  1215  1219  1235  1242  1285  
65  164  169  176  346  349  377  494  526  589  602  613  722  729  732  766  769  775  786  820  823  825  828  830  833  842  862  877  931  1043  1051  1114  1193  1215  1219  1235  
164  169  176  312  349  414  494  526  589  715  732  775  776  786  820  823  833  840  877  884  916  931  1048  1114  1161  1193  1215  
169  176  302  349  494  506  526  715  732  763  769  786  823  833  840  877  931  938  1003  1048  1114  1161  1193  1215  
169  176  349  494  715  732  769  786  823  833  840  877  931  938  1114  1161  1215  
169  176  349  494  732  769  786  823  833  840  877  931  938  1114  1161  1215  
169  176  349  494  732  769  786  823  833  840  877  931  938  1114  1161  1215  
169  176  349  494  732  769  786  823  833  840  877  931  938  1102  1114  1161  1215  
169  176  349  494  732  769  786  823  833  840  877  931  938  1102  1114  1161  1215  
169  176  349  494  732  786  823  833  840  877  931  938  1114  1161  1215  
169  176  349  494  732  769  786  833  840  931  938  1048  1114  1161  1215  
169  176  349  494  732  786  833  840  931  938  1048  1114  1161  1215  
169  176  349  494  732  786  833  840  931  938  1048  1114  1161  1215  
169  176  349  494  732  786  830  833  840  931  938  994  1048  1114  1161  1215  
169  176  349  405  732  786  830  833  840  884  938  940  994  1048  1114  1161  1215  
176  315  339  349  706  722  732  786  823  833  840  884  938  994  1114  1161  
176  309  315  339  349  405  489  496  580  676  722  732  776  786  820  823  833  840  877  887  938  975  1097  1114  
68  101  166  176  213  312  315  318  328  339  346  349  392  397  489  491  494  580  672  676  706  722  732  776  786  823  830  833  840  884  887  933  935  938  994  1097  1114  1210  1217  1238  1241  1269  1271  
68  78  110  138  148  154  155  171  176  182  213  294  295  309  315  318  321  339  341  349  376  397  404  410  418  451  464  467  489  496  562  580  589  592  615  651  672  676  711  722  724  725  732  747  748  752  758  774  775  778  786  823  828  833  838  843  873  879  884  887  900  928  933  935  938  975  987  989  992  1006  1033  1048  1050  1057  1060  1062  1085  1097  1104  1114  1153  1156  1163  1199  1206  1217  1238  1295  
4  8  10  17  57  68  96  110  138  142  146  148  149  151  153  166  198  201  213  214  222  240  268  271  291  294  297  300  301  302  315  321  336  339  343  344  345  346  348  376  397  404  405  408  410  416  418  444  451  454  464  467  489  491  493  502  506  527  531  534  544  546  562  565  566  578  580  581  589  590  591  592  595  608  611  612  622  626  645  651  662  667  672  673  679  704  711  718  719  720  721  724  732  745  748  752  758  762  769  773  776  778  803  806  819  825  828  829  836  838  844  856  866  873  874  884  887  889  890  893  895  898  900  914  922  930  938  944  947  949  951  954  971  975  979  980  989  991  997  1006  1012  1013  1029  1033  1041  1043  1048  1050  1052  1085  1097  1102  1104  1114  1137  1139  1141  1148  1163  1184  1189  1195  1210  1217  1220  1223  1227  1238  1241  1243  1255  1268  
4  13  15  19  20  22  23  24  35  38  44  66  68  78  79  82  83  85  87  94  95  105  110  112  119  120  136  143  144  145  148  151  157  160  163  166  167  172  175  176  177  182  184  185  192  193  197  199  201  220  222  235  237  251  252  257  260  267  268  269  271  276  279  283  286  291  298  300  301  302  307  309  312  315  316  317  318  323  330  332  335  345  346  349  352  353  356  357  371  375  376  380  385  396  397  403  404  405  406  410  413  420  423  426  432  439  448  450  457  459  462  464  465  467  473  480  491  497  509  512  518  526  527  532  533  539  541  546  557  562  568  569  574  578  580  584  588  591  595  596  600  611  620  628  629  634  636  641  642  647  662  670  675  677  678  687  690  694  706  711  714  721  722  724  725  727  730  731  732  740  748  755  760  762  763  769  770  775  778  783  784  791  796  803  806  807  812  818  820  821  823  825  828  833  837  838  842  844  848  849  850  853  856  862  863  870  873  874  884  902  906  908  912  916  923  928  931  935  951  952  953  956  961  966  970  971  976  978  983  988  998  1001  1002  1009  1018  1020  1025  1027  1029  1033  1034  1036  1039  1041  1046  1050  1053  1054  1059  1072  1083  1087  1088  1090  1092  1093  1094  1096  1102  1104  1123  1126  1127  1130  1142  1152  1157  1159  1162  1170  1184  1189  1191  1193  1199  1201  1202  1206  1210  1211  1213  1215  1216  1217  1219  1240  1243  1249  1253  1256  1260  1270  1274  
2  6  10  12  14  15  17  21  22  24  25  27  29  32  34  38  43  52  57  79  91  93  94  99  101  106  108  109  110  113  122  125  138  145  151  155  162  163  169  173  174  176  179  182  183  185  191  203  210  215  220  223  224  226  227  233  235  236  242  247  251  266  267  270  271  273  276  278  281  287  294  302  304  309  311  312  323  329  330  339  346  349  354  362  364  375  380  383  389  391  392  396  403  404  410  413  415  418  422  423  428  434  435  443  447  449  451  453  463  466  467  474  475  483  484  487  493  501  506  524  526  536  537  548  551  556  567  569  578  581  582  595  598  599  600  607  608  609  616  619  622  632  633  636  642  663  668  669  672  683  684  688  704  715  729  731  732  747  751  763  766  769  775  786  796  806  807  811  812  815  820  821  823  825  828  832  833  838  839  840  848  849  850  862  872  877  886  889  891  893  900  901  916  919  922  923  926  929  942  944  947  954  959  962  965  978  985  993  996  998  999  1008  1015  1022  1025  1028  1030  1036  1040  1043  1048  1055  1070  1073  1088  1109  1114  1119  1121  1135  1138  1163  1165  1175  1180  1185  1191  1193  1199  1202  1209  1210  1215  1216  1223  1225  1231  1243  1245  1275  1278  1287  
8  12  15  17  20  22  27  34  35  53  65  74  75  80  86  94  99  110  120  133  145  148  151  160  162  164  165  170  172  174  176  191  195  197  210  215  223  226  237  238  241  260  276  283  284  287  289  309  312  317  323  325  330  343  346  349  353  362  395  398  402  403  404  417  418  422  423  435  438  443  449  454  466  467  483  484  487  506  519  524  539  544  553  556  557  568  569  589  590  597  599  600  604  605  608  622  626  631  638  639  641  642  643  662  670  677  691  702  715  722  725  729  731  732  744  750  763  775  786  796  812  815  816  817  821  823  825  831  832  833  838  848  853  877  886  893  901  916  919  923  926  929  931  932  942  944  947  955  959  961  965  970  978  988  993  998  1011  1022  1025  1043  1045  1048  1067  1085  1088  1114  1127  1145  1163  1165  1166  1180  1182  1191  1194  1209  1214  1215  1216  1217  1219  1225  1227  1245  1260  1278  
15  34  44  46  50  51  56  74  80  82  86  91  99  106  107  110  127  145  170  174  183  201  223  267  278  287  309  312  325  345  346  349  353  356  362  372  389  392  404  422  427  432  444  449  454  463  484  485  526  544  551  557  560  568  574  604  608  613  616  626  634  638  639  645  662  663  677  688  690  691  711  722  729  731  732  751  763  766  769  774  775  786  796  803  806  816  823  825  831  838  840  849  879  886  893  900  901  916  923  925  931  932  942  944  947  955  959  962  972  978  993  1002  1010  1025  1027  1042  1043  1045  1046  1048  1053  1067  1085  1114  1120  1162  1165  1182  1185  1191  1193  1202  1209  1210  1215  1219  1231  1242  1258  
46  51  56  65  82  86  99  110  150  151  162  164  169  174  176  178  183  213  221  260  267  287  291  294  312  325  346  349  362  380  389  396  405  432  463  526  539  545  548  557  568  569  590  604  608  612  613  616  639  662  663  668  711  732  750  763  766  769  775  786  806  816  820  822  823  825  833  842  851  855  877  893  901  916  923  931  932  947  955  962  965  998  1025  1030  1043  1046  1048  1067  1085  1088  1114  1120  1127  1163  1165  1166  1180  1193  1202  1209  1215  1216  1219  1242  
15  34  38  51  65  82  99  110  120  124  133  138  151  162  169  176  183  260  298  346  349  356  389  396  432  463  510  526  557  568  588  608  644  651  715  722  729  731  732  745  763  766  775  786  796  806  822  823  833  839  842  863  877  901  916  923  931  942  955  962  972  975  977  978  1025  1043  1048  1067  1088  1114  1126  1165  1193  1202  1215  1216  1219  1231  1235  1242  1245  
65  82  110  125  169  174  176  212  259  298  346  349  389  414  432  463  510  526  557  608  613  639  663  729  731  732  754  766  769  775  776  786  823  825  833  862  863  877  898  900  901  916  931  959  961  972  978  1025  1043  1048  1067  1085  1088  1109  1114  1126  1165  1202  1215  1217  1219  1225  1226  1235  1242  
65  80  150  164  169  176  180  199  272  330  346  349  389  494  531  557  568  589  602  608  729  732  766  774  775  780  786  820  823  825  833  842  862  863  877  916  931  1025  1043  1048  1067  1114  1163  1165  1193  1215  1219  1235  1242  1293  
120  169  295  346  349  589  613  714  732  760  766  775  786  808  823  828  833  862  877  916  931  938  1011  1048  1114  1137  1172  1215  1250  
169  176  349  494  526  732  769  775  776  786  820  823  830  833  840  862  877  931  1057  1114  1193  1215  
169  176  349  494  715  732  769  786  823  833  840  877  884  916  931  938  1048  1114  1161  1193  
169  176  349  732  769  786  823  833  840  877  931  938  1114  1161  1215  
169  176  349  494  732  786  823  833  840  877  931  938  1114  1161  1215  
169  176  349  494  732  769  786  823  833  840  877  931  938  1102  1114  1161  1215  
169  176  349  494  732  769  786  823  833  840  877  931  938  1102  1114  1161  1215  
169  176  349  494  732  769  786  823  833  840  877  931  938  1114  1161  1215  
169  176  349  494  732  786  823  833  840  877  931  938  1114  1161  1215  
169  176  349  494  732  786  833  840  877  931  938  1048  1114  1161  1215  
169  176  349  494  732  786  833  840  931  938  1114  1161  1215  
169  176  349  732  786  830  833  840  931  938  1048  1114  1161  1215  
68  169  176  349  494  732  786  833  840  877  884  938  1114  1161  1215  
176  213  349  405  489  706  722  732  786  828  833  840  884  938  940  975  1114  1238  
176  213  307  309  315  339  349  405  496  580  706  713  732  767  776  786  830  833  840  933  938  994  1097  1114  1210  
155  166  176  309  346  397  405  489  496  566  580  676  679  706  708  713  722  725  732  758  767  776  786  830  833  840  877  884  887  933  935  938  994  1097  1156  1238  1241  1261  1272  
73  101  115  134  154  155  171  174  213  295  298  309  315  318  339  341  346  376  410  418  489  491  493  536  580  589  645  651  668  676  679  698  706  709  721  722  732  748  752  758  766  774  776  786  820  828  830  833  838  872  874  884  887  890  928  933  935  937  940  989  992  1033  1034  1048  1051  1057  1085  1097  1108  1114  1154  1163  1208  1210  1212  1217  1238  1261  1269  
1  2  4  15  43  68  75  77  78  90  99  110  138  146  148  154  161  162  164  171  175  182  214  219  228  242  294  297  301  307  309  312  315  316  318  336  339  341  343  346  349  376  377  390  397  401  408  410  425  426  435  441  467  487  489  491  493  506  531  539  562  566  569  575  580  583  589  592  608  619  622  632  641  645  651  662  668  673  674  676  679  719  721  722  724  732  751  752  762  766  771  773  774  775  803  806  807  818  820  829  830  856  873  874  877  884  887  889  890  900  921  928  933  936  983  989  992  998  1011  1017  1033  1036  1037  1043  1048  1052  1057  1067  1081  1085  1092  1097  1104  1113  1146  1156  1163  1166  1168  1189  1199  1201  1210  1227  1242  1243  1253  1255  1263  1268  1281  
0  1  2  3  5  8  10  13  14  17  28  34  38  39  41  44  49  51  53  68  74  76  78  80  83  95  101  103  106  107  108  114  120  124  131  134  138  140  145  147  148  150  151  157  165  166  174  177  180  184  190  197  201  206  209  212  213  214  219  228  233  242  248  253  255  257  259  264  266  268  269  270  273  274  279  281  283  286  291  294  296  298  299  300  302  311  312  314  317  318  330  341  346  348  353  356  358  362  371  375  376  380  387  391  396  397  398  404  408  413  416  418  429  439  440  443  447  449  451  454  455  461  469  475  484  491  497  510  515  519  524  525  526  531  532  539  545  546  550  551  556  557  565  566  568  569  577  582  586  588  609  613  615  624  628  632  633  636  642  645  649  660  662  666  675  682  688  694  702  709  711  717  719  721  722  735  745  750  758  760  762  766  769  774  775  789  791  799  803  804  805  806  812  818  825  826  829  832  833  836  837  838  840  841  863  866  872  873  879  880  882  886  896  900  901  912  916  922  923  931  950  959  960  961  970  977  980  981  983  996  998  1002  1006  1013  1018  1025  1027  1030  1032  1033  1034  1035  1036  1038  1043  1046  1048  1052  1055  1068  1075  1080  1085  1089  1102  1104  1105  1114  1115  1122  1123  1126  1139  1142  1161  1165  1167  1169  1180  1189  1190  1192  1193  1194  1197  1200  1202  1210  1217  1220  1221  1223  1238  1243  1246  1249  1251  1258  1262  1269  1271  1277  1281  1287  1292  
