-3.33983 10.7169 6.26137 8.76023 4.24119 9.11912 -3.23201 0.26271 6.12631 -6.21968 9.74241 2.20607 8.35689 2.74839 -8.08836 2.42909 -2.37906 2.52571 5.23102 -1.37073 -11.4766 -4.87914 4.76524 -4.89527 9.77482 5.58318 4.42538 9.85127 -7.34717 -14.4899 -7.32496 10.1578 3.35589 9.36397 4.4801 4.90274 -7.67999 8.01628 7.64087 9.24392 -6.1053 3.25206 4.45341 0.498327 -6.3078 6.94564 -5.1072 2.00728 3.04144 10.1321 -8.89851 6.05932 -11.0802 -5.11994 -3.01141 -6.8555 -1.03271 4.97733 -1.41612 -1.95713 1.64975 6.25175 -5.67675 -4.6849 -6.35829 4.29819 10.1712 -5.0035 -2.33944 -7.19119 -0.571915 0.636398 1.97195 -3.79196 3.16631 10.4302 4.75366 -6.60192 -3.61235 6.03614 -5.69186 4.71005 6.58709 0.697171 5.08366 -8.3427 3.63544 -5.56559 2.50895 -3.23887 -2.9337 -8.84836 4.0767 1.03014 3.37135 -9.35626 4.02928 12.3911 6.43275 5.17398 -0.482653 -10.5585 -2.59632 0.371431 6.93987 3.89635 -1.99825 1.39616 
-5.13185 15.5072 9.41177 10.2532 -7.60219 12.0962 -7.24963 -3.82226 9.80087 -13.1753 7.28498 7.90161 7.83943 5.03864 -16.9811 6.99284 -12.9809 8.39866 6.7128 -3.85622 -11.0803 -4.7003 12.3113 -6.57501 14.6231 10.3165 16.9276 12.5491 -11.9359 -13.9795 -6.34558 12.4649 9.45299 14.1328 1.70854 7.15597 -15.7479 7.54395 5.82523 12.1673 -4.14172 6.85393 1.38386 -7.83431 -8.00945 13.9554 -5.15031 0.0223382 7.97915 13.1337 -8.21284 15.3474 -16.027 -12.2423 -2.99241 -7.43158 -0.200915 8.37401 -3.45077 -1.7749 3.61063 10.9036 -9.34952 -4.90481 -7.13961 2.21076 11.7875 -5.5398 -4.42271 -7.11777 -1.65347 -0.110324 2.57607 -3.99808 5.09653 13.8423 2.99916 -3.86454 -6.07716 7.11322 -4.54841 11.472 7.73359 
-7.92307 13.9953 11.5068 12.791 -15.3287 12.2829 -9.78975 -5.77337 7.8383 -19.4414 9.48514 13.1583 13.3929 12.0798 -22.8289 6.94605 -20.439 10.0011 14.9165 -8.88472 -5.87488 -12.3821 16.7955 -13.2318 22.4334 17.9059 23.0751 12.7477 -16.4573 -13.2114 -10.8695 14.4168 14.1167 15.1686 4.6015 10.063 -20.507 15.3266 9.90397 13.8949 -9.79169 8.1349 10.569 -8.82208 -16.6711 17.514 -9.83291 3.68065 16.6512 18.4675 
-16.5058 22.1464 13.5889 19.524 -23.2217 16.0211 -10.252 -5.76162 15.0171 -23.3783 19.3104 18.6552 28.2147 14.309 -26.7661 13.9991 -19.4699 8.89102 22.8798 -13.5948 -18.0501 -18.7912 18.628 -22.2464 26.7534 23.7151 14.6527 18.4681 -22.9699 -14.5433 -12.1776 21.9209 17.273 23.8741 13.5094 
-21.6706 24.5853 25.5629 22.6694 -29.633 25.5582 -18.4556 -7.06998 21.9033 -30.4729 26.9311 28.2387 35.7613 18.5022 -34.8726 18.8821 -21.4997 27.0317 
-26.8231 35.4038 40.3023 39.6721 -41.7105 30.1688 -24.991 -23.3644 26.0469 -31.3952 34.8878 32.7638 38.6239 25.3662 -31.5326 
-42.438 45.7778 48.1692 43.2306 -50.3496 42.2138 -46.7422 -27.4705 33.1746 -41.1384 39.1954 46.879 56.5865 
-60.0717 51.7283 62.638 52.4898 -73.5077 51.8315 -56.4668 -39.1328 57.0867 -49.7531 45.2791 65.0054 73.9918 47.7965 -64.5657 
-72.3592 70.3913 72.8826 78.8772 -79.7188 62.4417 -84.6682 -51.6273 78.0804 -65.1086 68.6059 74.727 94.4267 65.6838 -75.2156 68.7079 -83.932 
-82.3512 88.4046 78.0869 82.1742 -86.2992 82.4318 -107.343 -64.718 88.6972 -79.3524 85.5838 101.092 109.063 76.5224 
-90.186 98.3263 85.0747 84.0731 -98.3618 109.127 -123.504 -86.3034 128.11 -99.7348 96.475 119.111 
-99.701 114.968 108.864 87.6843 -107.697 116.843 -128.595 -92.3997 146.023 -116.939 104.183 138.3 
-116.737 114.889 114.036 105.015 -108.294 111.846 -143.706 -116.901 148.267 -114.046 125.91 136.701 140.902 105.318 
-112.033 118.304 93.6556 112.968 -108.785 107.096 -145.615 -126.505 134.758 -111.934 142.831 128.706 142.769 
-82.2489 103.857 89.0473 107.793 -137.78 120.892 -119.128 -118.194 129.544 -137.009 132.491 
-58.9618 109.9 64.5924 88.3535 -107.625 130.487 -93.4053 -108.364 112.312 
-50.9033 81.9514 71.5308 87.4425 -95.8624 113.061 -95.5028 -90.0166 122.514 -126.266 85.7132 105.657 110.253 64.5258 -108.504 87.5576 
-40.3591 90.2803 63.3337 58.1774 -83.1362 82.3222 -77.87 -58.466 95.6868 -109.379 57.1871 42.9765 79.762 39.0927 -105.157 85.2021 -70.048 66.1192 108.088 -51.8056 -72.4516 -86.1133 55.9828 -63.6764 48.1111 36.5985 28.2197 14.0677 -47.1192 -92.5497 -44.3172 69.6747 78.7821 50.4602 57 69.647 -72.3653 133.055 44.5427 85.3093 -67.2402 50.8966 27.9197 
-17.4265 34.6647 61.1937 53.3291 -27.4062 57.5872 -81.4723 -62.6242 42.6894 -70.5807 48.5114 26.9218 54.3755 23.484 -52.475 45.9067 -44.293 85.6516 67.7156 -36.3234 -43.1906 -66.5783 19.4578 -41.452 101.556 52.1151 1.76337 41.5814 -28.6775 -52.6626 -38.9991 13.6254 60.6942 28.4753 12.25 -0.661891 -31.5761 36.3781 48.5994 68.0004 -49.1373 70.7221 54.2253 -48.6338 -58.7158 48.7913 -97.0457 61.0737 38.1598 8.20366 -71.5467 44.3098 -7.53611 -41.2243 -32.5142 -29.7675 -25.0826 9.96156 -20.1294 22.3654 13.7104 40.7082 -25.2014 -2.94272 -32.1664 7.77532 42.7646 -29.8032 -8.28841 -40.9215 0.953721 -19.0412 -12.6927 -38.7108 18.1327 32.6681 8.7028 -12.9732 -30.6335 22.8589 -26.7049 27.3743 
-39.4465 27.3066 74.843 19.9549 -71.1597 35.5736 -32.8444 -20.3277 43.0484 -27.22 40.7855 9.30512 20.8864 22.9063 -38.4748 45.7011 -31.3628 32.4677 44.3976 -26.293 -32.0833 -36.0171 -2.49701 -30.9756 26.2606 35.0753 17.0487 7.35789 -16.1978 -21.8216 -18.7423 -12.3715 37.583 33.1635 9.68515 9.97694 -42.0083 15.3925 15.774 37.1593 -1.6007 18.2245 34.6607 -19.6785 -14.44 16.131 -15.018 15.0138 11.5318 49.0747 -28.7994 46.4128 -42.4799 -24.2239 -18.0761 -16.8311 -34.6942 11.1679 -3.87013 16.1143 8.06166 32.0682 -14.8258 -20.4299 -3.62267 4.28076 30.762 -42.664 -12.4944 -31.7333 -9.95297 -18.2002 1.67167 -12.9342 5.40027 26.7204 10.0269 -8.13923 -12.2108 6.18452 -31.3452 0.169204 32.6863 0.421208 9.28064 -28.2682 3.43266 -9.45855 5.33325 -11.9639 5.9435 -11.5171 -5.67384 13.4517 15.4751 -23.7489 10.9884 31.5074 28.9259 -1.71549 4.20065 -32.5152 3.19689 11.5647 14.7451 0.403716 15.8031 -3.66155 -12.3843 -7.3014 15.5525 -5.10242 1.74133 -16.4096 6.60392 7.12453 22.0947 -32.3015 10.5465 -20.5102 -12.7664 9.71149 -27.9077 -6.54668 6.31271 -13.1906 16.2914 -20.5844 
-31.8918 12.504 1.49271 15.7369 -2.6683 32.1276 -8.09799 -13.2654 -0.337126 -8.28663 20.6042 14.1107 15.8235 17.2882 -17.675 18.7338 -7.02382 8.4978 7.15728 -4.88445 -4.10302 -37.9833 15.0216 -26.5509 26.6193 9.5777 -11.1726 12.4808 1.6909 -27.8172 -18.836 7.50917 26.5998 11.7313 14.4853 9.20818 -11.4963 21.1006 18.0097 3.92986 -10.2701 19.0503 17.6494 -19.6994 -18.8013 -1.70558 -19.8819 15.6441 23.6859 18.0885 -2.22561 30.433 -28.5887 -12.5442 -5.90746 -10.1507 -7.10753 12.8256 -1.49674 3.22155 11.2815 10.3805 -1.76043 -5.54374 3.71301 9.62524 8.6209 -5.42024 -6.4846 -10.1732 -5.96706 7.4725 10.0115 -17.0451 7.38213 7.36235 3.81547 4.0008 -17.3441 0.688632 -9.55693 13.8326 15.0294 -1.56416 6.19618 -7.97889 -3.93197 4.86411 7.96915 -13.6905 -8.75899 -24.715 4.62261 2.3099 0.189363 -18.7836 4.83195 10.034 7.17633 5.32586 1.50747 -24.7822 -15.7847 -4.58884 8.19588 13.929 5.93573 1.14374 -6.32566 8.24069 5.66561 12.2624 3.57535 -15.0283 5.23915 9.9155 7.24347 -20.2167 -1.76184 -15.0424 -7.77607 -1.65212 -24.3827 -7.76653 6.90812 -16.4899 1.79547 -18.813 -10.7832 5.67384 -0.121175 11.5871 13.1783 -5.36695 4.81375 9.76298 -8.90636 5.2768 3.46282 -6.24963 13.305 3.14855 -3.99259 12.1402 2.00172 -14.9553 10.9708 -11.6865 12.4442 21.4702 18.5591 2.05971 2.41469 0.550977 1.23211 -2.60984 -5.29262 8.9447 17.4939 24.5147 -0.828404 -4.16187 -11.3493 -1.20986 -20.4664 4.60744 -6.75271 6.5743 -0.513346 -1.74489 9.57441 15.9351 0.30896 -8.63033 16.9713 
8.14477 1.05627 12.7609 9.18417 -10.3466 11.8311 -2.54097 1.57972 14.0291 -21.4494 6.38196 -2.75109 6.85656 1.05597 -0.9778 14.8673 -14.8457 2.63055 10.1794 -9.08261 -21.8135 -11.813 2.22776 -8.42353 13.0506 10.1879 -3.62077 12.8986 -2.94505 -9.89413 1.20633 7.18306 5.78153 11.5377 8.97833 16.2628 -7.33178 0.498642 7.34598 -2.58382 -19.1198 9.16278 12.5168 2.06056 -7.748 16.6334 -13.2963 9.22183 4.04092 1.32713 -4.15738 11.1939 -3.97497 -7.22423 -6.43169 -6.94147 -3.0505 11.6711 -5.40796 -2.73934 6.28714 2.33833 1.64115 -8.41495 -7.94119 1.62841 8.24439 -5.86905 -0.103002 -13.6411 6.03034 1.36651 -3.05343 -4.83383 6.22512 12.9041 5.32473 -10.0434 -4.32748 6.08287 -9.95857 9.3339 16.7822 0.483039 5.53835 -7.63627 -2.4276 -7.03763 8.87666 -5.95474 -4.54703 -15.2864 14.4251 4.17393 1.48444 -14.7747 9.12154 16.5009 6.35324 16.1631 -0.016448 -22.2163 8.03582 5.82643 -2.98858 10.2809 2.60962 -5.09141 -6.72589 -10.5892 7.24443 -2.29693 11.1041 -6.34734 3.42628 7.06863 14.1027 1.03615 -2.94807 -9.12813 -9.89158 4.01387 -10.6702 -4.79205 7.27073 -0.687532 5.59031 -2.03216 -3.27849 16.528 0.603659 -2.75818 2.26991 -2.93419 7.11145 2.39834 -9.99926 3.80662 17.1515 1.60755 5.30517 9.34531 -6.97017 7.78704 4.15892 -5.97024 1.32713 -5.6883 6.8616 8.62705 3.27652 -0.507277 -1.80758 0.811561 -10.6345 8.5782 2.99507 9.98936 14.9773 9.28322 -4.15222 -3.3358 -6.04923 2.60604 -8.49569 5.92211 -4.92834 2.06722 1.8294 6.29403 2.81402 2.44223 -4.13516 0.314097 14.2981 -10.49 -14.7058 -4.7877 -4.79735 -1.25478 -7.44812 -0.731323 7.6461 1.77183 0.584714 6.99467 11.4505 13.1655 6.79365 7.60865 7.56817 3.55503 -5.3467 
-4.83837 10.0137 5.06335 8.1324 -7.94192 4.83377 -2.43493 -1.44263 5.11363 -1.07288 13.7056 5.65656 4.82836 6.587 -15.1452 5.18021 -8.67265 2.36239 8.7303 -4.24573 -0.375969 -14.7824 5.19865 -6.46442 12.5395 5.30013 19.4714 4.42878 -9.58059 -10.5762 -7.13317 6.0803 5.92625 12.7754 5.475 9.52013 -11.4216 12.4502 5.11594 17.4673 -7.76953 10.9198 0.778262 -2.03993 -8.90428 6.02159 -4.32097 -1.51728 3.5557 8.63063 -8.6552 3.08755 -14.9008 -4.61562 -0.499205 -6.31626 3.52991 2.31286 -4.37303 0.249317 2.37975 4.88369 -4.74244 -5.79607 -7.14683 5.44752 9.42318 -2.02682 -1.04303 -6.35615 -11.9829 -4.2262 1.83449 -3.46975 3.22548 8.43342 6.63698 -9.41731 -6.5117 4.12572 -4.98517 4.50333 8.79666 1.29971 0.244576 -9.67477 -3.3801 -3.85515 0.618662 -6.85523 -7.93358 -4.90789 3.16976 2.39198 5.46517 -2.45738 3.03407 11.6412 9.19746 4.20015 -3.73735 -7.57722 -1.58495 5.16753 7.00726 6.25498 -2.06841 0.439971 -12.9566 -7.96105 6.53346 -0.928501 5.1199 -3.54112 0.292929 4.7227 5.75604 -3.94063 -5.7498 -9.90518 -3.04959 1.92522 -6.93615 -4.70656 9.56545 -1.17507 7.66181 -2.46454 -4.43182 -1.38173 -1.0248 5.03457 10.4821 -4.57356 7.37247 1.08599 -4.10292 2.38508 6.02322 -8.34883 1.73877 3.16538 -11.1998 5.75167 9.52999 1.10763 6.81842 -8.72889 5.44697 9.14622 3.14963 0.00263521 -7.7568 1.66786 -3.0949 6.92055 6.99977 
-10.5194 9.39427 3.84687 8.52161 2.35026 10.9683 -5.69172 -1.97359 11.4664 -12.2406 5.98642 -4.45405 4.86863 4.10063 -23.356 1.27418 -5.48639 9.75844 10.0512 0.303803 -7.10052 -0.905247 4.14768 -5.30282 6.69622 -1.71472 8.00478 6.60205 -8.15986 -7.12841 -7.88571 13.0452 1.71068 4.85346 0.751977 4.85678 -2.85029 5.21701 5.64609 15.8294 -5.95353 2.79304 7.50057 5.043 -9.98899 12.2433 0.00591839 -2.19362 6.71239 9.54191 -5.37448 8.14615 -5.81532 -9.22765 -5.45478 -5.61241 -1.22285 5.49137 0.0581934 -1.29116 -3.54663 3.40488 -6.59507 -8.34966 -3.95813 4.94168 11.3328 -5.90077 -2.08132 -13.3411 1.91543 -1.23284 1.85349 -4.71515 4.43615 9.74983 2.80648 -5.34792 -8.03565 5.76549 -7.65141 8.31459 8.22207 0.714509 6.89889 -11.6423 0.870584 -4.96539 1.85486 -1.8042 -6.91696 -8.60214 4.69963 4.96787 4.57866 -10.5411 3.76399 6.82214 3.6052 4.99834 -2.04199 -11.2643 -2.4091 5.24979 7.91136 6.10302 -1.53349 2.73656 -7.05285 -3.98727 5.69987 2.18425 5.28626 -7.68288 3.22432 5.32181 3.31884 -7.5466 -3.88804 -10.8784 -1.75158 2.40617 -8.7845 -6.63832 9.39491 -10.3308 -1.28157 -5.55337 -5.64969 2.45118 -6.32869 5.23836 6.54857 -4.80847 
-9.52164 12.8683 10.9192 14.7221 -5.93471 13.5937 -7.19246 -0.854383 9.72879 -7.11901 19.6627 7.31456 16.8409 -0.578345 -18.9824 6.71573 -11.3909 6.27246 9.45114 -3.17864 -5.17874 -12.2826 7.33296 -14.682 17.2182 11.6579 15.0456 8.735 -6.15955 -19.1825 -11.5747 11.7057 9.2246 16.5296 2.14625 4.57782 -23.4086 8.26316 6.45693 8.5565 -6.62376 7.49183 4.16896 -6.00305 -6.33398 12.6534 -8.48899 3.69696 5.48812 17.8606 -6.91493 13.4701 -23.9977 -9.04443 -1.33515 -5.55131 -4.23552 6.27187 -7.95841 -3.18443 0.147652 9.56468 -8.0244 -3.14291 -4.62243 4.83218 10.9082 -2.87498 -4.29292 -5.69207 -1.51205 -1.57301 1.37944 -3.28947 4.45422 10.9201 3.83052 -9.83775 -5.23177 2.9231 -4.40888 6.44516 12.2765 0.551389 4.00265 -12.4128 4.01252 -2.66186 -0.922816 -3.1395 -0.895544 -11.9837 0.971721 3.90182 8.75203 -10.469 7.94036 10.5729 9.57093 6.24323 8.11751 -13.3734 -3.0416 -0.0906922 6.20487 2.70423 -0.663952 5.27231 -7.41525 -9.9067 6.1363 4.82911 4.66769 
-3.82486 14.8904 15.8193 15.3615 -17.9188 10.0437 -11.9222 -2.44444 2.79176 -12.1253 7.50814 10.5967 8.56198 7.39482 -11.443 8.63768 -12.088 3.2521 10.7253 -7.47384 -14.6474 -4.27843 11.2307 -9.20191 19.0211 13.536 18.3958 11.4946 -12.4496 -14.2382 -9.50351 13.3117 3.06966 9.73705 6.07908 10.5502 -15.6946 7.12903 11.0891 15.7646 -11.7511 4.15628 7.98015 -10.2862 -7.56486 22.0017 -6.92478 8.12898 13.7574 16.1644 -10.9938 16.1241 -13.691 -11.2656 -4.41251 -10.4137 -3.98237 5.31177 -5.49074 -2.88136 5.23998 9.43449 -6.43493 -6.59592 -2.97578 6.51855 12.9661 -2.08796 -3.26217 -11.834 3.28477 -4.0544 3.33504 -3.70559 1.77873 8.11493 9.04622 -6.50331 -7.46945 9.27293 -9.53508 11.8808 
-14.0148 16.9253 13.6535 15.7051 -14.8868 16.0359 -12.3365 -6.44432 10.5045 -14.3967 13.2109 11.1429 22.8474 7.67045 -29.9837 11.4555 -22.5153 11.6441 18.913 -10.8687 -18.8212 -5.77429 9.1925 -8.24714 12.0391 18.3151 14.8432 6.94812 -13.471 -15.5979 -11.4579 16.6229 21.0373 21.8856 8.49045 19.8923 -26.6115 10.8588 5.21401 19.6561 -9.40386 5.90977 13.3779 -9.4145 -21.1121 20.1074 -7.37592 8.39294 19.5891 12.2842 -14.5886 18.4725 -18.2955 -16.3487 -7.4933 -9.79137 -3.25865 11.647 -4.86421 -5.29168 2.79501 
-22.2186 20.0333 17.8126 21.23 -24.1312 19.4032 -10.3219 -19.8009 13.9346 -20.2704 23.5477 19.8328 24.0091 21.45 -23.8422 17.0037 -15.7732 11.6175 15.682 -18.3536 -12.7584 -15.1234 17.6999 -21.4116 31.5426 24.7196 22.9445 24.1236 -19.8468 -12.5728 -17.3657 19.153 13.7092 20.4463 
-29.9406 20.3283 26.0093 26.2252 -30.0613 15.751 -20.1739 -8.71125 25.5837 -30.6363 24.5058 30.4528 37.8728 19.6464 -36.244 25.8602 -26.667 26.2061 19.6508 -25.4984 -27.6487 -28.4802 21.0598 -26.6184 
-35.8538 30.4695 39.1717 35.7234 -39.3219 34.092 -31.6126 -20.7979 24.3575 -33.273 39.1474 31.2223 40.5641 29.2418 -41.0096 33.356 -26.716 
-51.6745 45.6252 50.3801 53.7414 -55.2265 37.6343 -56.784 -32.0603 38.2993 -38.5948 43.8116 48.2277 65.0587 35.6841 -53.6204 45.6631 
-60.5725 52.5887 56.452 60.5309 -78.3108 56.3661 -58.5076 -43.8311 54.5886 -60.672 52.5727 65.2197 74.0942 49.1779 -57.084 
-76.8696 70.5338 66.5372 76.8611 -77.952 54.1116 -84.32 -50.9285 77.3572 -61.4473 68.717 85.8593 92.0019 64.3408 -70.8968 76.1341 
-77.6309 82.3741 78.824 74.3047 -84.0444 87.5905 -102.857 -67.588 99.4018 -88.0493 75.6384 106.399 100.617 76.2918 -82.1688 
-88.0099 92.6069 89.8331 83.2106 -95.5843 100.618 -123.293 -88.4148 121.326 -95.513 92.8144 126.772 122.314 94.5867 -92.4571 
-95.9076 117.293 103.922 80.5682 -94.9253 114.983 -127.933 -96.6087 136.335 -111.054 103.043 135.546 131.925 106.767 
-97.1199 117.62 99.3678 84.8146 -103.364 117.847 -132.268 -112.683 141.034 -116.107 127.375 144.178 139.065 114.297 -116.124 110.868 -117.422 
-101.206 111.966 78.7245 102.985 -99.6255 121.934 -144.899 -123.48 136.159 -120.857 128.623 129.174 126.105 123.065 -111.319 107.803 -123.103 
-81.8458 98.8401 82.1975 95.6811 -115.867 122.183 -115.674 -119.7 123.088 -140.443 132.309 132.814 134.872 104.921 -119.475 114.768 -101.18 
-60.6686 110.149 59.1928 80.6484 -93.568 111.712 -101.302 -89.0158 103.194 -128.054 116.734 135.466 104.655 107.29 -92.268 94.6222 -87.6447 140.592 122.47 
-37.5675 84.4324 52.3959 86.9005 -66.5276 108.463 -103.052 -90.4207 110.682 -118.493 86.4111 86.4153 81.7645 55.9835 -69.9922 74.6505 -68.1163 103.717 114.555 -53.7579 -53.2859 -90.736 70.9222 -110.125 111.137 69.0029 41.4801 
-17.1032 45.1474 41.4073 32.24 -55.4603 68.5466 -47.8488 -38.7505 46.9959 -80.7667 46.634 36.9617 57.6514 48.9619 -58.5462 67.2095 -53.9154 61.383 78.2801 -39.4576 -13.5027 -63.2431 7.0503 -86.7984 83.4393 22.016 14.7045 24.2252 -18.6957 -96.1603 -43.3075 59.5634 53.4419 53.4503 30.7283 59.4137 -59.4825 99.6207 31.6051 47.6792 -51.6379 79.2512 39.0602 -54.3924 -68.9121 41.6731 -69.5089 96.8467 37.4128 32.6955 -43.2371 78.3014 -76.1035 -55.0522 -23.425 -53.1215 -30.3886 26.7818 -26.0614 10.4365 3.78769 36.5241 -17.4638 
-35.8763 16.0719 30.7944 10.3725 -13.0492 39.8439 -70.8731 -41.9448 19.2775 -56.6164 38.9218 17.5841 16.8378 11.2616 -24.5819 30.5524 -31.0597 37.5711 40.909 -5.42539 -34.4558 -62.0604 18.5894 -36.3986 44.211 23.2968 11.6562 -4.21778 -32.759 -33.1524 -22.7644 7.62665 52.7076 30.4823 -8.74437 21.585 -14.4562 24.0139 27.7995 27.3032 -23.2003 42.9669 24.4856 -29.1954 -11.8551 37.1933 -46.0176 23.4174 10.8623 24.3423 -8.87458 64.0248 -5.49209 -26.1748 -19.8666 -20.1689 -25.2966 13.4421 1.84783 18.7611 -11.3839 1.62142 -0.883709 -9.39805 -9.18549 -17.647 25.6221 -13.7506 -4.72262 -28.7739 -1.58064 -13.4874 -18.293 -21.8963 25.6981 28.501 12.6653 -7.18357 -19.6247 16.2833 -21.4016 31.2039 -1.26548 -28.1678 12.0146 -23.3049 2.24777 15.1747 3.45813 -32.0882 -11.7969 -14.0507 15.1673 26.7643 10.7151 -19.4065 2.34497 10.8628 -0.353211 -4.14594 22.2484 -36.2758 2.28927 5.76457 23.745 31.8278 19.6005 -8.69071 -16.8841 -20.4808 14.1728 1.52673 8.52889 -25.9609 8.09322 24.2702 4.93601 -45.0733 -3.24451 -1.15763 -19.052 7.63647 -8.941 -21.5161 -6.16473 -4.43469 10.6725 -8.05301 -22.5131 2.76368 -8.02113 12.008 30.2533 -15.6098 26.5032 3.55971 -19.0831 18.7966 9.45609 -28.5793 2.84652 5.0444 -3.53492 3.3187 8.70111 -5.37732 23.0097 -4.489 14.6524 12.0746 -4.85112 0.65558 -9.61544 13.8239 -31.6015 
-21.7184 22.0259 -19.8385 17.6006 5.48998 27.4936 -9.31387 -14.3171 4.71662 -20.2923 13.0088 -5.42597 0.615587 6.93051 -26.4226 19.8769 -0.390345 12.0501 22.6426 -19.1682 -16.1566 -15.7338 -16.1777 3.95657 -2.40135 -8.85792 13.2892 11.8733 -5.12267 -5.1261 -3.04287 4.51948 5.06602 5.06875 9.12976 28.4233 4.85783 28.7402 12.1004 -3.7473 -8.62244 2.7947 17.3097 -0.852758 -7.74513 -6.66916 -10.8301 0.616616 20.6275 2.22315 -20.0281 15.6632 -24.9068 -14.9838 -0.370421 -0.738661 -1.17355 21.0647 5.64521 6.10902 14.3942 7.42456 -9.18125 -1.10762 9.35588 4.21286 17.2453 7.96167 7.82946 -21.4715 -6.94259 -12.4766 -2.32909 -1.03562 15.0161 11.681 10.91 6.22674 -0.587882 4.46506 -17.5425 8.35576 7.34369 -8.37115 -3.09835 -6.56141 2.36549 -6.82318 16.3972 -6.73837 -5.64033 -11.3568 -0.156659 8.94769 2.89974 -1.54558 9.93487 15.6954 17.9196 13.3788 6.98005 -11.8859 3.33121 4.61244 3.00359 5.80107 -5.50823 -3.82456 -7.57342 -9.95958 14.9237 -6.66993 -1.43807 -0.690936 -1.81562 7.15506 -0.508724 -13.653 2.21898 -2.9812 -3.74002 14.855 -7.39289 -9.87947 11.7092 7.62691 11.2955 -20.212 -10.384 -5.59122 -5.58351 14.1468 6.02383 -5.36691 5.81991 0.724718 -11.3529 15.3222 6.6358 -3.94537 14.2217 9.3027 -9.27438 12.7274 8.46713 -4.18283 15.2849 -3.62465 27.8898 5.02645 -4.36901 -0.661658 8.08434 3.02943 -1.36796 6.19371 -2.21326 11.1406 2.5832 6.8488 -15.3459 10.9288 -12.8347 -6.66655 -8.95446 -4.28439 0.684734 11.7343 8.35984 10.0188 -7.78562 2.38034 4.92412 12.138 2.38716 -0.448244 -13.7258 -4.48163 2.03414 -10.3228 -17.4942 4.77013 -2.33709 15.0627 11.8635 4.84772 5.69872 7.33931 1.01229 -4.52397 10.9363 6.78496 3.90473 -3.00825 9.37233 10.2378 6.86573 4.45473 12.0255 -6.84244 4.20366 9.11905 -4.51403 -1.80681 -9.54594 -2.4159 -14.4031 6.44386 -7.60592 -9.28716 6.30572 10.6031 -0.955122 16.6686 -0.668575 4.68188 -15.1852 7.11294 -2.04672 0.40621 -15.4849 24.0995 -1.52392 6.60802 -43.2746 -14.7472 18.6265 5.45629 3.55569 1.29686 -11.4835 5.71639 -12.6298 11.6845 -19.0142 -36.8735 4.34839 -19.5951 13.9445 -17.3351 7.11593 5.96833 10.2425 19.7375 -4.63203 15.7495 -5.70954 -0.339028 -0.865789 -23.7692 15.7144 -10.8783 17.1521 -14.9994 3.05108 -12.2345 -2.0478 -29.3464 -5.75609 -21.4731 26.983 -0.867808 -29.6954 -3.18841 29.2172 -14.9423 6.00577 -12.6207 -14.2651 -17.0394 -5.57538 -11.2341 13.4164 -3.8877 -0.160587 2.08274 10.1829 -0.32044 -2.33063 -3.41466 5.06371 4.84717 1.3289 -0.697356 5.5037 -3.60832 4.45982 6.50827 -9.09129 5.12145 -5.10822 0.900056 
6.22308 1.7463 -4.3785 7.91831 -11.4446 5.44164 -7.0075 4.34484 3.85334 -16.5593 2.88695 2.4641 -3.79731 0.044018 -8.7632 10.8882 -8.71978 25.8974 11.3512 0.49759 -2.6412 8.31763 -4.50706 -5.8669 2.0529 4.9181 1.95266 8.17578 0.203771 -10.0646 -7.48483 0.807538 10.9213 13.3812 14.4677 -2.86472 -7.41196 3.48853 12.5964 12.8607 2.72103 0.651019 0.799479 -2.92957 -0.153028 10.5004 -6.21252 1.05276 18.622 8.53496 2.19667 2.55516 -13.5974 -5.99977 -5.96964 -9.13739 3.00406 -0.0928454 -1.18173 -4.48088 2.54711 1.74177 -0.982135 -4.71805 -0.262687 4.44043 2.7201 -11.1242 -1.98838 -2.18712 1.34349 2.50338 6.47248 -7.91593 -2.34498 6.40585 4.47203 -11.5438 -1.48661 4.13813 -1.90757 2.31066 11.0176 4.41279 1.79131 -15.009 -1.59973 -4.13076 5.26883 -3.05751 -8.64354 -6.4406 5.93879 0.747247 7.36615 -1.43187 2.63157 14.425 9.35441 2.88988 -5.70611 -16.8052 -2.74168 -2.58043 1.36878 7.43178 -3.49797 6.67647 -10.513 0.0837764 7.02453 -0.524466 1.8749 -7.79604 -2.59476 7.54589 3.92607 0.625288 0.250516 -9.05717 -6.19768 3.16001 -3.3629 -7.36889 2.95336 -7.12773 3.59409 -4.54735 -9.01224 -4.73112 3.36739 7.08451 11.0692 -7.75461 0.995339 6.47166 -7.43696 8.52182 3.3699 -8.8547 4.40767 -3.25363 -13.1001 2.74592 6.98392 -1.82581 -1.73993 -8.72772 2.82583 1.60749 -4.36057 4.6446 2.43572 5.64105 -1.69367 1.8037 -0.117967 0.848008 5.32547 8.59872 -0.965481 6.96299 4.58295 2.30553 -4.08309 2.20456 -1.48655 10.5743 3.45756 5.73499 6.93931 6.0572 5.40932 5.0713 4.55702 -0.792005 -1.79429 -4.03146 1.67895 -1.62034 -9.48978 2.7713 14.7362 -7.91158 2.38253 6.55986 4.3523 6.06266 5.59076 3.83814 2.88549 5.16486 -7.59651 -6.96477 0.934531 1.13427 -0.70849 7.90738 6.70848 -6.47556 -0.0126464 7.77822 -4.3146 3.22508 -4.85568 1.17038 0.956359 -3.51403 -4.0422 -3.74592 10.2397 0.515522 2.63397 8.68536 -0.873437 3.25067 3.97531 2.297 -11.2247 8.48494 5.33174 -1.40976 -3.83402 -11.7724 -0.499143 3.68802 13.1508 -2.05645 7.56034 14.4954 -0.998573 14.1613 2.41884 -2.80921 -14.7581 6.84448 6.34189 4.49612 3.19202 -8.71344 12.8411 9.63 -8.14287 3.84769 4.16957 11.232 -1.95929 1.66947 14.8053 -16.1474 11.1657 -12.0535 15.5056 10.8738 -1.21023 -2.19263 11.6057 -10.7362 8.79573 -6.27694 -1.26986 
-4.7358 6.03551 0.98342 5.76765 -5.3132 15.0436 -2.13997 3.18493 0.806354 -14.2808 6.77028 0.0253722 2.15634 5.20382 -1.58831 4.38792 -2.17122 1.40859 8.36232 5.66847 -6.57803 -0.437684 5.00395 -3.42573 -2.04528 7.80054 2.72727 6.8887 -4.28583 -17.9543 -4.46831 7.10847 -0.182737 2.65826 0.662145 1.82931 -3.9677 2.56588 1.2352 9.76642 -3.6377 1.52917 6.96957 4.0966 -3.95828 4.19669 -2.481 2.55103 2.36208 16.5678 -2.46529 6.82898 -3.20931 -13.0683 -3.05794 -10.9679 -0.69344 6.32552 -2.20818 -2.5392 2.26647 6.93532 0.0273197 -4.82695 -8.58195 8.09961 10.1955 -5.97012 -0.630473 -11.7616 -2.21235 -1.83699 1.60783 -3.23509 -4.04503 7.28359 4.89928 -6.89046 -3.23627 8.87339 -4.613 6.73869 7.9219 0.0635469 5.06164 -7.61409 6.35463 -0.49772 5.11498 -0.89603 0.57366 -8.19925 0.101608 3.99069 3.30783 -0.628178 7.53141 7.3886 2.82124 4.25263 -0.213735 -7.8947 -2.84543 0.962341 2.82696 4.28398 2.9089 0.728961 -11.1365 -1.70049 5.89746 1.73734 4.30217 -5.39099 2.40487 2.77943 5.98558 1.34697 -3.71099 -8.5943 3.4222 3.1742 -10.8995 -4.61262 6.43011 -6.72952 2.06198 -3.1981 -0.0892584 1.36127 -3.8928 6.81241 9.869 -3.29733 4.65491 3.53575 -7.43715 1.22297 8.65357 -4.29114 0.160796 4.00202 -6.80943 7.86872 5.7938 -1.57448 4.04722 -8.01506 5.10955 2.66776 2.17638 0.766168 -4.4733 1.32414 -5.24625 5.30868 2.08071 0.533166 8.71897 12.5647 -9.65729 4.20059 -2.82677 -1.00209 -2.99903 5.13019 -1.04539 5.9414 3.57842 0.586087 6.04156 1.64197 5.06433 1.92976 
-8.69307 13.321 14.08 8.91013 2.72534 8.50145 -0.68225 -1.63657 1.39241 -5.09803 2.09239 5.04675 10.2266 2.70168 -11.3499 1.892 -6.56253 -1.59471 9.05002 -1.72661 -9.53067 -12.0619 0.542351 -6.76662 7.05033 3.93731 9.90628 5.02507 -3.29025 -9.81654 -7.89713 11.4907 5.02843 11.3664 6.46979 7.35918 -7.0509 7.69349 10.1166 4.05934 -2.92808 4.15019 8.68216 -5.49083 -2.18904 11.1481 -4.31129 1.93806 5.16537 10.2446 -4.29498 4.84288 -7.41725 -9.77079 -0.777778 -3.56242 -1.33725 6.35343 -3.19947 -1.1829 4.67034 6.06234 -6.54154 -0.896757 -3.74852 1.37509 8.77014 -5.77372 -1.58313 -10.361 -3.14938 -0.980577 2.06845 -4.75347 5.54795 12.5238 5.53292 -6.50812 -5.19284 9.34931 -4.50394 7.04569 6.53612 -0.389958 2.00068 -9.00444 0.922829 -6.25046 3.57135 -1.5721 -2.12334 -11.2111 1.55541 0.608549 0.0730667 -8.53962 5.45728 12.5248 5.51966 2.35959 4.40932 -9.67955 -2.95401 5.55302 4.92587 3.49887 2.373 5.21763 -9.95157 -5.80971 6.30423 1.05162 4.44454 -2.98476 2.99405 4.38268 7.75554 -3.48808 -3.3252 -6.23277 -4.21083 5.56399 -7.00087 -5.34626 
-10.6108 14.75 8.152 11.1567 -4.25587 11.4949 -5.61131 1.47579 5.1543 -12.0241 15.5926 9.07845 9.97033 11.8673 -14.1061 8.4301 -15.0134 1.57715 10.0636 -5.95223 -9.37653 -2.23661 7.62687 -1.46182 9.16983 2.47757 17.21 10.2189 -11.1112 -15.6747 -3.58614 11.9813 12.0658 7.11643 1.74084 7.25213 -6.02794 2.55329 7.62894 16.9972 -8.44293 3.7176 3.96809 -2.51533 -5.17999 8.39965 3.03002 1.61912 1.81849 9.14732 -11.6627 10.8839 -14.6071 -11.5866 -8.98859 -6.61905 0.0749219 6.18113 -3.17017 -3.41911 1.56155 7.84428 -7.52529 -8.17529 -7.32116 7.92316 13.0421 -4.63814 -4.58173 -9.9141 -0.253809 3.26156 2.44989 -5.10992 4.96697 9.9844 3.94903 -8.84807 -7.51312 1.13781 -7.3002 6.21083 4.89163 0.0957821 7.06679 -11.0565 -0.765474 -5.48942 2.91938 -5.18244 -6.58932 -15.4278 2.36892 5.74428 3.1096 -6.874 6.38729 12.8226 6.48415 7.30194 5.57959 -7.57798 -5.41329 3.36276 9.40371 3.64612 -6.57454 2.23818 -8.32641 -7.0463 
-5.53272 15.2855 12.1659 10.6516 -11.745 13.4417 -9.6963 -9.97344 6.95876 -10.5798 10.7099 11.3598 11.4868 10.5751 -19.874 8.141 -18.3063 12.7539 13.8585 -4.589 -12.0742 -10.554 13.1087 -13.4369 12.9905 15.3528 17.8903 7.56226 -15.3108 -15.3208 -8.04126 17.1859 1.26044 16.6641 -3.20447 12.8033 -15.8482 12.8628 12.7372 14.5904 -8.48471 5.48297 9.66562 -1.93555 -7.28475 15.4142 -10.7978 1.08864 19.7176 20.4856 -15.5331 20.4003 -18.1909 -10.7511 -4.83822 -5.17366 -5.24426 11.3884 -2.50628 -2.87598 2.49622 10.4085 -6.57623 -7.34398 -3.03993 2.01821 11.8895 -7.17928 -7.277 -12.9273 
-9.86245 16.8161 19.3941 12.0178 -21.7689 11.7845 -11.644 -7.64042 8.35392 -17.7436 18.3988 14.6817 17.8293 12.9169 -23.8909 11.0934 -16.7995 11.133 11.0102 -22.9136 -15.6713 -8.53958 9.63446 -22.1664 26.0106 20.1138 19.6212 11.9173 -23.813 -17.1208 -5.71999 15.0551 17.8211 19.1822 7.41428 11.3102 -27.4879 13.3091 13.7949 17.0653 -9.26459 12.9667 12.5874 -6.54713 -21.8959 20.4104 -12.5157 7.93644 16.5652 18.0269 -13.6191 19.6022 -22.5086 -16.7882 -10.8235 -8.83537 
