10.194 -11.6627 7.9835 -8.10905 6.84145 3.60458 8.40229 -0.978124 -10.6294 9.95374 9.44416 -11.5996 -8.08564 -3.1322 -17.6749 16.3083 -10.8377 -4.79286 -15.6349 -9.3924 6.76629 5.7472 -17.1375 -7.78208 4.68318 -11.8044 -1.22172 -8.81922 9.36078 -3.60476 6.7678 -3.98292 9.73669 -7.11282 1.81876 9.04334 -3.71514 4.5493 9.92318 -7.23533 12.2445 9.17976 9.25864 5.91542 -15.063 8.51222 4.69253 12.243 -7.05252 7.69695 -8.14571 7.88 -2.25134 10.9319 11.4319 -7.33737 1.28025 -2.69625 6.2717 -6.49845 8.92523 7.20422 -6.14684 -6.84121 8.95976 3.26507 4.87433 0.859441 7.46566 7.58863 4.67021 5.71916 6.34301 -4.10155 4.37375 5.66174 -2.52343 -13.3279 -6.82123 -0.681308 3.85229 7.17078 -3.7392 6.06124 -4.62751 -9.46649 -8.98745 -4.90141 -1.44882 5.34121 -5.48168 7.46251 -2.42927 5.97503 3.29561 5.14441 -6.43521 9.87457 -6.1893 -2.29932 6.33202 0.511344 3.24227 -5.61447 
14.1202 -16.5071 8.50804 -12.0972 10.9728 11.1899 13.3681 4.70248 -11.067 18.5799 10.7567 -16.1365 -7.55359 -3.17795 -19.9754 20.4633 -12.019 -5.80638 -15.4318 -4.73602 11.0223 5.01299 -19.8888 -8.33918 6.41821 -14.7348 0.498342 -13.5355 11.3245 -4.84621 7.02143 -9.58869 13.6522 -7.51045 8.36274 8.58361 -6.77267 7.3911 12.8096 -9.20306 15.4589 9.69805 17.6241 10.0222 -17.9424 15.6254 9.88808 15.3575 -8.54843 14.3006 -11.1146 12.8626 -11.1598 14.9046 12.1841 -8.59855 -2.59673 -2.80775 8.10105 -9.83232 15.1684 9.18662 -4.61381 -7.81839 9.41273 7.68688 5.28463 2.7 12.7072 10.34 4.91247 7.57744 5.04132 -3.16331 6.28743 6.86938 -2.06091 -15.5933 
19.8992 -21.5809 14.5316 -20.3809 25.9777 17.526 17.0238 13.3328 -15.3149 24.2954 15.7979 -22.6337 -10.7039 -7.55112 -26.7388 27.9055 -16.8702 -9.08561 -18.889 -18.608 12.1155 15.5993 -22.2888 -6.30618 7.22568 -19.7238 -5.45125 -15.1965 12.2797 -7.87775 11.8995 -16.8273 17.206 -11.3455 8.02459 12.2324 -8.48124 10.2632 22.6702 -13.0376 17.3481 9.33786 19.3263 15.7764 -21.3124 16.6374 16.5384 24.7835 -9.43194 15.0322 -14.0061 18.2737 -18.169 16.8768 11.7493 
21.9059 -27.5072 22.1149 -25.3079 32.6908 25.0144 23.7848 21.5472 -24.1159 29.7834 16.6077 -25.2399 -18.6475 -11.3077 -28.9148 34.7602 -20.208 -13.0772 -22.4114 -34.3771 19.0394 22.663 -27.8503 -6.81435 6.8319 -21.0897 -13.5447 -21.5525 13.2601 -19.1007 19.1511 -25.1469 
34.7505 -28.6793 33.5873 -29.9482 47.2603 30.9956 32.2992 29.2857 -37.5844 42.4432 24.5242 -33.5982 -23.3449 -24.1152 -40.7585 41.0533 -27.828 -19.6288 -36.0483 -45.7064 26.9309 30.2546 
50.4337 -45.3696 46.8912 -42.9635 56.8851 36.9748 40.1304 39.1487 -51.0885 47.5327 36.1056 -43.2057 -38.8658 -33.9544 -61.7023 55.2792 -34.4617 -28.1911 -51.1496 -55.4158 
60.9032 -56.7696 60.7634 -58.9831 76.0951 48.0743 57.3365 46.3618 -60.0835 56.3648 42.4652 -54.3069 -49.0473 -41.0785 -72.2011 63.9204 -42.056 
75.7671 -72.9176 71.9773 -69.7796 88.4419 53.8814 75.5642 69.3072 -64.629 65.5968 62.3877 -66.1908 -63.1152 -50.8721 -87.8449 75.4126 -56.5398 -57.0251 -73.6885 
99.4588 -86.4029 92.0669 -92.3801 99.4027 75.9829 95.0386 83.9485 -89.1732 76.3072 73.1707 -88.47 -84.9247 -59.2434 -94.9364 87.9646 -67.3527 -68.4203 
108.933 -100.988 105.568 -106.434 109.861 88.31 111.854 100.499 -110.621 88.319 97.3794 -104.598 -101.66 -80.4029 -118.055 105.306 -74.2137 -94.3375 -105.54 
134.795 -115.126 128.332 -108.599 128.522 107.122 141.012 123.419 -132.015 110.853 107.839 -119.502 -116.217 -97.8174 -129.534 112.184 
153.025 -133.263 140.895 -125.782 131.483 120.957 155.917 136.485 -143.522 120.952 125.832 -136.904 -129.306 -115.458 -152.38 128.009 
170.791 -139.614 166.651 -143.041 133.93 139.577 172.201 146.123 -156.437 136.153 137.7 -143.518 -137.636 -137.963 -174.601 
181.233 -148.569 180.779 -158.663 123.17 141.955 180.821 159.118 -162.3 150.925 150.132 -147.238 -146.549 -135.21 -174.221 133.83 -106.754 -119.84 
178.329 -146.855 188.116 -160.884 133.519 144.412 184.147 146.782 -168.935 138.582 163.176 -150.452 -137.883 -149.937 -183.603 129.107 -98.1297 -132.04 -160.87 -196.334 
171.806 -141.879 172.146 -161.839 120.225 139.525 180.589 142.38 -174.491 151.194 165.35 -143.424 -143.319 -132.562 -165.816 124.603 -81.4212 -114.673 
145.409 -138.705 146.659 -141.689 100.478 121.178 157.397 141.97 -146.751 135.724 167.572 -149.946 -115.379 -128.456 -155.612 125.616 -63.2864 -84.9653 
118.613 -123.292 138.426 -117.689 68.506 127.645 142.758 117.34 -133.839 116.667 141.714 -119.207 -103.028 -88.2616 -134.95 84.5674 -37.1862 -49.7909 -109.757 -151.476 52.7844 73.0226 -86.6845 -67.3039 
78.2243 -102.167 95.5731 -99.8768 45.5873 105.435 100.709 94.526 -92.2415 100.536 109.842 -98.8455 -63.3186 -83.0673 -109.027 104.365 -39.7338 -64.5671 -112.791 -130.69 59.2076 51.3278 -73.6056 -33.4975 48.293 -79.982 -55.7475 -9.10819 79.7805 -105.146 7.57616 -120.445 64.486 -87.8373 85.3086 98.1293 
14.8288 -93.3843 89.5697 -54.7551 46.8604 75.5873 59.7016 48.049 -71.9441 61.952 73.6822 -56.4627 -32.1041 -55.5312 -70.3545 58.2557 -29.3079 -54.3532 -68.3801 -105.947 34.9751 54.0167 -58.8647 -56.9515 27.642 -64.0486 -53.5439 -22.1707 72.5732 -66.7489 13.4644 -59.8829 20.3581 -47.9646 40.5727 60.9993 4.46472 47.1932 75.7478 -74.7272 50.0468 39.8159 69.8001 86.7677 -38.6696 61.3116 77.9814 72.2532 -86.8479 86.1496 -84.1308 35.7668 -16.8974 85.863 10.1722 -24.2902 32.3511 -5.56138 60.8902 -12.8088 41.9816 33.4443 
-9.92703 -71.5245 44.0603 -56.843 33.4892 41.1145 52.814 43.5873 -50.4195 50.0206 57.0052 -59.8471 -32.9881 -21.8864 -54.7461 21.0657 -14.9275 -31.7776 -15.086 -85.9229 27.9959 43.5735 -27.9033 -38.5003 13.831 -38.6949 -26.6066 7.37129 14.1921 -35.0948 11.3557 -44.9669 41.6812 -49.3943 14.3916 2.97246 -22.0757 6.06588 5.05181 -35.0493 23.3544 32.6596 26.7658 41.1339 -26.5485 54.5647 46.4526 42.755 -57.411 29.6759 -29.5163 32.1639 21.3415 52.5304 8.55561 -25.2423 19.3502 -27.4949 33.4155 -19.2036 7.4925 10.2919 -17.9291 -29.4722 24.2422 28.2448 25.5653 8.35785 17.4888 12.4571 18.8794 25.6522 9.01558 -46.5934 15.5523 13.7363 -14.1705 -38.5507 -25.1394 27.5763 28.0766 29.1835 -25.3755 24.322 -27.097 -9.00979 -22.2599 -6.22567 6.49777 -3.80403 -4.00767 32.3146 -13.289 44.1097 -6.42451 7.65728 -9.59445 20.9206 -37.6456 -5.81107 10.4776 -5.53259 21.0784 0.24706 -6.45508 -30.1152 4.59556 7.0593 -15.5906 -14.3034 5.84557 8.45582 4.74051 -5.0948 -19.0423 3.13943 12.408 26.5237 
-0.347263 -44.0003 9.47622 -50.3763 5.22769 15.3967 41.0093 33.9378 -31.7097 5.72974 25.7918 -38.5557 -11.582 -20.5567 -35.9348 25.811 -6.2627 1.87816 -20.7988 -25.757 21.5332 18.5228 -6.27488 -14.0583 8.25046 -21.6622 -12.4682 -0.452651 24.5728 -38.6923 -7.12124 0.127402 12.0602 -28.0618 -8.36096 -0.713349 -2.23531 0.842998 39.0264 -18.1835 0.908091 21.7144 23.3829 23.5355 -1.60611 11.7708 -1.21438 4.67489 -11.0348 -8.87641 -2.13279 -3.01023 -18.6751 19.023 11.7287 -16.8432 8.07351 3.54193 1.18627 -10.6667 8.29028 15.6749 -19.8581 -21.5709 7.29993 10.086 17.7232 7.52098 11.7092 5.64281 25.1121 10.6411 -1.43528 -14.3537 4.45949 11.4222 -11.6391 -35.4846 -17.1851 4.61503 19.4584 4.02215 -21.3852 -5.51212 -15.9079 -17.8621 -23.2051 -9.1334 6.20461 11.2699 -7.17525 12.3616 -2.35291 5.35478 6.70778 20.4503 -13.0511 23.9308 -15.4956 -5.91829 3.95532 -16.2576 3.96462 -20.8781 5.85432 -16.5607 -7.29781 14.2509 -13.963 -10.4681 2.14826 0.503113 11.3825 -3.44532 -2.66176 1.93615 -1.08677 23.7604 8.61973 21.414 22.9853 0.175439 -13.8012 -5.78799 2.99516 6.41637 14.8911 -2.35656 -14.5752 -9.63724 -17.8047 -6.84307 -16.454 16.154 15.3677 2.04413 -30.0006 9.02936 20.3254 -0.407589 -7.72658 -20.1389 -2.28154 -4.0012 -7.32593 -14.4357 1.70036 -5.99003 -9.56205 14.2301 -9.35425 -14.6627 -9.94626 -15.5114 -8.60371 -3.53852 8.31706 -4.03357 -21.2947 7.52118 10.062 9.90049 -17.2096 -0.00954689 -21.9126 -3.73061 12.1822 7.718 1.06483 19.4848 13.0906 -10.5053 5.75167 23.788 -5.58293 14.329 -1.12473 -12.3841 -16.7398 -11.3915 6.95272 -9.84018 -8.78886 -5.10261 -4.45932 -13.8923 5.4227 9.30889 1.46712 -16.1699 2.62871 -13.7791 17.2235 -0.512743 3.62851 7.35644 -2.07702 
23.2538 -6.80571 7.60182 -11.1299 18.3318 -3.40161 -4.57327 13.18 -6.78318 8.8722 29.2406 -3.43266 -8.49344 -3.70404 -11.9833 22.7538 -9.40733 0.0391759 -6.61034 -3.84587 0.859952 6.73964 -9.57652 -16.3384 0.603978 -13.7575 -3.3904 -3.14233 9.09246 -2.55718 -5.1277 -5.40846 15.8814 -9.72361 1.88175 7.61047 -1.47325 14.3351 11.6477 -4.03228 14.02 -5.03178 -3.21787 32.2192 -7.39336 9.75089 11.4363 16.4594 -22.7221 25.7738 -10.9073 15.2313 14.1154 4.39707 10.5325 -5.23233 6.17305 -5.36725 2.9408 -6.29252 6.79454 7.65984 -9.01024 -6.77793 1.49963 9.44152 8.36668 -0.148687 9.10332 2.80672 7.87416 1.46011 11.1669 4.37745 2.57533 14.1449 -9.53379 -8.63189 -4.81689 -5.74801 -0.310533 6.30504 -11.5041 8.762 3.65865 -17.7451 -9.88817 -4.42835 2.9909 2.38618 -7.91906 20.7912 2.2258 4.12229 1.2829 4.03454 -5.7757 9.48546 -4.6117 -1.02677 -2.13998 -0.630424 7.62632 -6.68402 -0.338734 -3.90763 -4.1412 1.23986 -7.62626 -8.13333 3.08586 7.78337 9.05431 -9.48273 0.300131 2.78426 17.0401 14.0433 8.20008 11.6247 9.22503 8.01449 -6.62777 -3.19567 -0.370102 5.70196 -6.6168 0.0693874 1.75268 -2.34867 6.40394 3.30203 -2.76613 2.35706 8.47966 1.62353 -5.55491 1.50483 18.2654 -11.8386 -1.77451 -4.01338 -1.9362 -19.2936 -5.74319 -12.7847 0.348368 -9.77444 -6.5062 5.22615 -9.979 -5.59728 -8.53278 -5.90563 1.14967 -3.84973 8.52121 -5.99873 -7.03805 7.8725 14.3412 1.30624 0.0344297 -6.48697 -6.88091 -1.08027 -0.63639 -8.93784 -11.442 12.2795 5.97222 -8.80515 14.9735 14.4262 -2.23008 -2.15355 -8.04886 -1.6383 -8.79647 -8.89888 5.91996 -3.24106 -7.92186 -0.405057 -1.56564 -5.69705 -0.646453 1.86146 -4.4778 -3.22611 -8.64235 -14.4421 11.248 -1.67366 0.64777 -2.08093 -3.04574 -3.28059 7.63245 -0.86088 -5.14629 -0.135135 14.3486 -3.75015 0.5959 3.33439 -13.1547 15.0696 14.5408 -4.49393 2.76993 -14.0547 -8.61191 -1.00298 4.35377 3.26531 33.3884 -9.64362 -0.989593 6.58202 -1.00546 -8.47283 -8.64443 -7.01421 -5.54063 6.91743 12.8776 -23.2167 5.44417 
3.12129 -1.4341 6.67303 -6.19173 4.48362 -4.65616 8.28946 -0.57499 1.16108 11.8242 12.2227 -7.77072 -7.78863 1.20929 4.03299 20.572 -7.15759 0.687727 -0.294093 -8.57357 3.23471 5.12427 -16.5085 -12.7844 8.45151 -14.3984 -2.60549 -7.00852 -0.663508 0.410876 -2.49097 -5.16155 9.97516 -5.18079 4.20172 4.19375 -3.94384 8.83241 1.72822 -8.39013 6.34838 5.27892 11.3287 9.14209 -14.642 8.08964 8.99194 10.1462 -14.7418 2.82551 -7.86492 3.21506 -7.84147 0.632745 6.87038 -2.66524 3.07146 -2.85187 3.92317 -3.16202 4.44587 10.4624 -9.70386 -9.39384 11.2431 -0.383383 7.41078 -0.87032 -0.980135 4.25722 3.66865 3.5624 3.51612 -0.190201 3.7086 2.93258 -8.52131 -7.71028 -1.91637 6.49408 -0.274808 4.84914 -5.64156 10.7082 -3.04228 -10.0496 0.719856 -4.56932 0.994779 1.92547 -6.77487 7.53731 -4.29423 7.34049 1.78403 9.15953 -7.44955 12.7787 -13.9338 -1.24068 5.78594 -13.3731 2.36226 -2.16657 3.22389 0.85271 -1.72715 -4.70024 -7.28106 -7.77743 0.732071 3.55922 3.05522 -6.25263 -3.35519 3.15631 7.45842 4.52511 3.82718 5.896 7.32689 4.55119 -4.94679 -2.79678 1.91378 12.683 -2.41155 -0.792279 -4.25513 -3.54971 -4.52019 6.73478 -6.41 -1.97843 6.34261 1.76239 -6.03219 2.3337 8.65167 -4.87009 -8.75928 -2.36492 2.7331 -10.5823 -8.39979 -8.29102 -4.66495 -2.69961 -2.63034 1.99923 -3.19704 -3.72948 -10.6794 -5.80485 -2.48177 -6.13337 8.76607 -7.73692 -8.99554 1.99156 11.529 -0.167914 -1.77582 -4.57793 -7.12782 -3.65447 5.67608 -5.21686 -8.80825 15.4373 3.86811 -5.68567 11.6017 8.04093 0.784054 -2.73047 -3.68251 -2.91257 1.86867 -6.33343 4.30828 -2.74892 
11.5774 -14.6865 6.14975 -7.15794 12.1196 3.35884 7.82268 -0.0360493 -2.03247 4.5713 -1.43115 -8.42175 -10.4496 2.65556 -4.88182 14.0654 -13.4624 -1.98831 -16.9371 -10.9824 7.99821 0.997825 -15.8822 -8.65368 2.43601 -13.5023 -1.40457 -5.25319 10.7061 -7.42809 14.9588 -8.78598 -2.62071 -8.43912 5.12402 8.42314 -2.16773 2.40597 8.10034 -8.60676 7.76543 11.7026 11.404 4.23809 -16.9294 6.4249 2.75102 7.40317 -5.85515 -0.832412 -7.30241 10.5127 -8.35378 8.59571 12.652 -4.99016 0.342584 -3.0983 4.53214 -12.5527 5.69606 12.383 -8.31312 -11.8534 6.05649 0.566352 6.10496 -0.20651 1.89979 1.43782 3.93841 3.9186 5.6777 0.957321 3.4134 4.77273 -3.94292 -13.5847 -7.50736 1.79542 0.900972 9.25851 -1.63801 3.99068 -7.56002 -11.1647 -6.31432 -4.35673 -5.3675 0.828042 -8.94046 6.13376 -1.2886 7.10185 3.98595 1.06442 -2.56412 6.92518 -6.27711 -0.635675 3.56137 -1.12047 2.37083 -4.81477 4.70346 -0.875777 -1.75104 -0.227617 -3.86941 -4.55741 0.962206 5.64888 -1.14836 0.317701 -3.1505 6.23886 6.6407 6.91597 2.14556 4.01808 9.41521 6.91545 -5.08472 -3.21058 1.97454 5.77084 0.649412 0.744576 -2.92102 -3.94305 -0.559099 8.00944 -4.09081 1.74702 7.93986 2.28391 -5.33493 2.99248 0.30795 0.566839 -7.77426 -3.46604 3.06505 -6.12459 -6.13408 -6.86113 -0.842894 -6.17869 -7.28042 7.72425 -3.54163 -1.08377 -6.53439 
15.1012 -9.93574 7.59573 -4.43499 2.20375 4.15751 13.9651 10.662 -11.7861 14.7959 1.77917 -16.0001 -3.35616 -5.43781 -14.8069 18.0389 -15.9791 -3.09723 -13.2907 -8.12144 5.44688 9.38213 -20.137 -4.72585 4.61121 -13.0963 -1.28564 -5.36678 12.6928 -4.70763 3.21689 -11.4449 9.51817 -3.3163 0.976545 9.00818 -6.52871 3.87972 13.491 -11.107 10.6036 10.8394 17.6616 3.71615 -15.7008 13.1059 11.4235 8.40822 -7.37922 5.25918 -2.56588 11.8279 -5.02373 11.3489 10.4805 -10.2391 -0.25307 -4.92401 8.30867 -11.5845 7.81966 6.93084 -5.03852 -10.2072 10.2136 3.66884 6.50997 1.09469 10.2328 6.23309 6.31924 9.75519 6.29706 -4.88338 3.8456 4.52277 -1.48263 -14.2328 -8.50265 -4.5424 2.16084 8.2575 -3.99349 9.84554 -2.2663 -12.114 -8.38209 -6.57413 2.40459 3.50534 -6.61558 8.18004 -4.69334 6.62134 2.26945 5.59887 -8.00789 
12.9928 -5.23596 6.74371 -13.3678 5.97502 3.79109 18.1301 4.39569 -12.8014 21.238 14.1223 -19.5527 -10.0935 -2.2638 -19.7406 29.0674 -10.762 -8.23317 -12.2216 -13.3124 11.8463 14.6577 -21.0114 -9.22393 8.39843 -13.0005 0.420367 -8.26541 13.6062 -7.8414 8.38188 -7.8821 7.98479 -6.10931 7.12926 11.5036 -7.28519 7.97712 15.6034 -12.9127 15.9078 9.99095 12.8873 3.21816 -21.418 20.3026 10.1685 11.5564 -6.28561 9.91397 -12.676 6.46919 -14.0311 10.2834 12.465 -9.87198 2.7808 -3.64166 5.31623 -10.1733 13.664 5.07441 -6.63315 -9.07885 10.4957 5.36542 7.65277 2.70552 16.2313 8.8754 5.41367 5.32034 8.27685 -2.18803 5.18303 10.3019 -3.35659 -12.2681 -4.96996 
19.4207 -23.5733 15.6282 -16.1516 21.5742 17.0769 19.165 6.05066 -11.8936 25.048 13.7174 -20.4849 -12.8217 -11.6924 -25.1166 26.4838 -17.2935 -10.7552 -18.3788 -21.7745 11.4479 14.261 -22.1011 -9.63889 7.32078 -16.5355 -7.93456 -7.39879 7.70748 -5.91416 10.3478 -17.209 21.0129 -14.5137 7.93713 7.58609 -11.5518 7.98166 16.6291 -14.7775 16.0983 8.29761 25.2062 18.0176 -27.0951 19.5233 11.4121 24.0916 -12.7621 14.7122 -17.3286 16.2123 -17.8893 20.7695 13.3479 -8.01957 3.86053 -5.2327 8.80853 -5.526 13.2305 10.2809 
31.1425 -26.307 21.6408 -26.7108 29.2662 24.2637 26.2131 25.4754 -24.3193 26.5813 15.0228 -27.6906 -15.7503 -9.70093 -29.1373 28.4587 -22.5723 -14.3619 -26.7117 -32.4669 21.4533 20.8698 -27.7838 -6.36908 11.9756 -21.6802 -9.98657 -19.7728 16.5178 -18.3127 16.9033 -23.0703 20.735 -15.738 9.695 12.6939 -18.6259 14.356 
30.7039 -33.2556 28.1789 -29.7851 46.8307 21.992 26.7997 25.2335 -32.645 37.8003 29.2178 -29.2712 -20.1382 -19.4521 -46.5612 40.3123 -21.7766 -15.8927 -34.885 -43.049 26.4298 30.7074 -33.2424 -9.82393 14.5358 -24.1371 -21.5625 
44.427 -40.1938 39.3956 -36.627 59.1142 30.0733 40.5857 31.4953 -39.7389 48.7326 26.8118 -36.1982 -37.0296 -22.9743 -55.9912 44.9254 -31.2264 -22.1982 -40.1232 
55.3588 -46.9167 52.7543 -61.5518 66.4659 42.0036 46.126 50.257 -53.2612 50.4027 41.8737 -51.0011 -43.2976 -36.0608 -71.4971 59.229 -36.2893 -32.1574 -51.5666 
75.138 -62.2091 69.241 -68.4338 82.3937 57.095 67.2183 63.4198 -60.089 59.3585 54.4188 -59.4573 -58.9882 -40.0553 -77.319 74.4667 -49.8432 
90.7401 -80.1942 78.6327 -82.8223 96.1761 62.5043 82.3165 77.7567 -80.5886 71.5989 67.5733 -69.4991 -79.3324 -55.7107 -89.8974 79.3683 -62.8423 -61.9247 
110.673 -93.2625 96.4386 -94.1982 106.223 84.6027 99.5436 88.5817 -98.222 82.4647 85.0964 -97.7389 -87.477 -70.6198 -107.711 93.6897 -67.6001 -75.1347 
123.146 -111.312 120.03 -110.22 117.401 97.3403 129.312 104.116 -122.294 102.956 108.559 -100.94 -98.8675 -85.9452 -130.463 105.228 -83.6112 
148.989 -125.786 136.256 -119.913 125.209 119.276 144.321 122.387 -134.045 119.924 119.741 -121.556 -124.274 -109.405 
156.866 -133.509 152.734 -123.669 123.986 128.335 151.703 136.616 -149.629 120.849 129.053 -154.785 -132.406 -111.916 
169.637 -136.024 176.513 -155.02 145.341 139.362 180.028 138.03 -157.265 
169.086 -151.174 184.93 -153.765 139.8 141.478 183.568 160.971 
192.967 -144.361 190.974 -165.243 133.598 139.414 171.535 
158.656 -162.354 181.05 -142.057 100.646 137.716 173.615 
146.365 -130.741 173.851 -157.526 123.867 127.47 146.876 
156.448 -136.903 124.179 -94.5336 90.3085 139.843 136.183 121.859 
85.6067 -158.478 123.972 -146.878 57.382 87.5537 117.767 
51.8528 -137.797 134.004 -109.282 80.1596 85.5497 108.561 97.0732 -69.9006 93.5605 95.8521 -110.479 
83.3132 -98.7255 117.347 -73.7194 69.6843 56.8132 88.0275 72.359 -126.521 83.5152 95.7869 -63.1915 -75.7064 -73.5754 -88.1218 55.8095 -62.3149 
97.2887 -73.9522 67.8038 -60.3874 69.4417 76.3043 116.208 92.4192 -51.9117 84.4591 
77.6692 -86.437 77.94 -73.0885 82.3249 84.4989 53.4376 
106.194 -81.4905 102.972 -95.8422 
