10.4053 -8.58852 8.08964 11.3078 -11.6752 -10.5762 -7.33258 6.87994 1.73901 -5.62849 -6.79218 -7.12769 4.01702 10.0349 2.23892 5.00191 -10.402 -12.3575 -7.29558 -13.2754 -2.14068 3.50497 0.513521 4.84995 12.0524 8.06534 -16.9453 -0.796327 -12.0633 -8.29159 -13.3094 6.99768 9.39511 9.47132 2.21986 9.57237 -5.70828 -2.34122 -9.7119 7.77956 11.5123 3.67364 -3.90316 11.6554 -7.15842 -13.2122 8.75411 5.4802 -11.2737 7.18114 1.90382 -7.52765 5.82423 -3.97494 -0.249593 6.07173 5.69913 9.65019 -2.32346 -0.279298 -4.04536 5.74719 3.62926 -7.92759 -3.01611 0.132754 5.63195 -8.68127 4.42873 3.85594 -10.8062 9.7402 -5.23711 2.41821 3.23103 6.33005 3.18298 7.02388 -6.30114 -7.10099 0.546328 0.289428 1.72199 -9.7634 -11.6051 8.24075 5.65575 6.96196 6.24887 4.84016 3.50873 9.72979 -3.84878 
17.9902 -13.2591 9.79331 19.1605 -14.9174 -15.3983 -17.4996 9.91687 -3.65202 -6.76974 -11.7494 -18.0738 5.90845 12.5565 3.33155 12.1534 -17.0358 -18.1152 -9.76451 -19.8255 -4.92847 9.04858 8.87431 9.21161 20.1058 19.3714 -25.2878 3.3036 -19.8458 -11.6717 -19.0473 11.9879 15.5114 14.9018 8.37383 15.6835 -11.5623 -11.6512 -9.59648 14.9141 10.188 13.9667 -10.7346 24.615 -10.3335 -18.0253 16.2302 6.0923 -14.5379 11.5762 -3.08227 -16.8562 15.0914 -13.7109 -3.16357 10.8596 6.94543 11.3593 -1.67932 1.09097 -9.12811 6.09225 4.67939 -12.1772 -4.64403 6.46167 3.92229 -7.8717 9.79612 8.00543 -16.3462 12.4849 -5.93805 2.36779 3.15563 9.70666 4.87436 7.07437 
25.7101 -15.6582 14.2631 33.014 -15.36 -22.8354 -26.5753 11.0181 -5.56726 -17.0251 -16.6152 -25.7132 15.2302 20.4644 2.83963 18.8019 -28.1747 -23.8063 -14.779 -20.8803 -11.6102 8.51085 8.77036 18.7395 22.0381 27.4748 -32.0741 1.21929 -30.0794 -20.332 -18.8013 26.6485 29.8351 32.9519 11.951 18.5286 -19.4198 -26.5915 -13.1169 20.5748 16.6747 21.13 -13.6874 30.6602 -13.8877 -24.4955 25.604 16.5785 -18.9173 21.6811 -12.9172 -28.2415 13.0601 
37.3065 -26.5195 23.537 36.0184 -29.2903 -29.9993 -36.8404 20.6333 -13.3076 -21.5637 -19.7833 -35.1652 22.2618 26.3372 -1.63413 21.2015 -22.4753 -27.631 -14.9732 -32.884 -18.6434 25.0134 6.75787 20.2622 28.7804 31.9316 -39.1145 15.4813 -40.6111 -36.6481 -27.3728 36.109 38.2955 45.062 13.7335 27.492 -22.2383 -30.5577 -24.3488 25.2205 21.8515 
45.3519 -40.0871 25.3853 44.7894 -35.3653 -33.5699 -50.2835 24.4476 -22.547 -28.215 -25.4329 -46.8994 30.7511 30.4426 -8.95806 25.0781 -28.3382 -26.3509 -14.5483 -44.1687 -25.4143 34.7271 7.15789 21.7421 33.4974 35.6643 -39.508 33.0532 -40.3334 -49.4013 
52.5985 -45.7102 32.8711 45.396 -47.0146 -46.3987 -55.3039 36.367 -31.9869 -33.5004 -32.67 -54.6742 29.9638 30.3843 -22.7717 33.294 -31.7765 -31.5362 -29.2882 -43.3588 
58.0082 -46.0057 42.0996 58.137 -50.0531 -48.1985 -54.4843 48.8471 -39.4679 -49.0545 -37.4302 -65.3864 44.194 45.0356 -38.3113 43.0238 -50.1344 -39.0183 -44.6869 -62.2524 
69.1992 -66.1519 54.1254 76.4899 -64.7851 -57.8712 -66.584 54.2307 -43.3894 -62.5406 -58.4263 -87.641 54.1819 57.7573 -45.0842 51.8179 -59.4057 -47.1064 -61.2857 
89.2245 -76.4875 54.7796 86.7806 -77.2534 -77.6951 -80.7901 71.1758 -66 -75.7477 -88.0104 -93.9837 65.3595 64.9106 -58.3617 70.2334 -67.3265 -73.0617 
108.369 -103.008 80.533 110.449 -93.6373 -97.6387 -95.0394 106.105 -83.3121 -91.195 -93.6626 -113.378 63.3993 88.9178 -66.738 84.6794 -72.2386 -84.2124 -90.6623 
125.358 -120.28 91.4898 123.41 -108.616 -119.741 -102.371 119.318 -77.5209 -119.317 -110.784 -127.317 88.9795 112.175 -77.8965 82.2493 -91.2749 -91.263 
143.819 -128.282 100.267 134.032 -124.229 -140.699 -123.255 129.595 -92.6086 -128.618 -113.948 -137.907 95.4388 126.717 -82.8342 114.357 -109.062 -108.152 -118.32 -150.077 -112.331 
151.166 -144.238 106.209 138.026 -132.712 -145.43 -115.626 122.766 -105.475 -146.54 -145.155 -157.264 114.784 130.749 -96.6099 111.979 -111.476 -118.405 -128.411 -165.668 -116.837 138.791 
169.176 -152.23 103.478 130.491 -142.912 -143.698 -131.35 114.03 -104.881 -169.872 -151.542 -180.145 101.47 137.417 -110.088 124.302 -110.153 -155.999 -128.109 -180.343 -123.007 161.493 
157.102 -120.078 115.35 148.096 -148.308 -139.086 -127.206 120.999 -110.677 -166.494 -147.341 -173.317 108.38 166.819 -101.346 125.552 -116.247 -141.485 -114.641 -182.73 
146.482 -140.477 91.0368 142.64 -148.798 -153.635 -124.604 115.261 -91.3177 -179.61 -146.706 -154.18 90.991 159.284 -91.7548 117.489 -104.961 -152.245 -105.362 -194.987 -68.6665 168.513 82.9911 145.72 
142.61 -145.628 76.9243 112.259 -138.88 -146.817 -129.12 99.6684 -101.257 -158.669 -121.966 -129.007 59.2481 151.41 -78.7642 113.965 -85.5765 -138.216 -78.5394 -166.753 -54.9696 148.124 66.5292 129.187 108.941 151.839 -80.8617 109.249 -75.5699 -76.0149 
123.167 -104.99 65.5669 91.9685 -122.685 -118.828 -93.6658 111.088 -67.6632 -134.991 -76.3231 -117.664 66.7712 118.953 -69.5693 107.064 -73.2048 -115.639 -65.697 -158.811 -46.9279 164.48 70.0991 80.8521 77.0962 122.805 -95.0952 109.776 -51.2748 -107.939 -55.9401 143.768 97.9766 130.024 10.561 116.442 
117.216 -73.8379 54.3319 84.7332 -94.5482 -75.6864 -55.3153 109.328 -56.1996 -81.6394 -61.6036 -103.017 60.2849 92.6724 -48.7366 108.141 -66.2872 -92.9638 -55.0854 -125.8 -27.402 107.774 65.6036 61.4422 32.2575 96.2602 -75.4721 79.5942 -40.1343 -87.8395 -10.7997 130.167 85.7798 95.7603 6.54647 80.9783 -66.2544 -54.8968 -27.4643 96.8234 60.6162 118.559 -65.3561 97.4694 -76.1549 -94.5105 
75.7946 -42.1744 64.7308 50.0317 -52.506 -73.7071 -79.6435 39.7508 -48.611 -61.004 -43.2981 -69.2467 40.5043 79.5429 -15.4809 61.2727 -48.1371 -49.9521 -65.6304 -91.433 -7.65716 80.9198 56.0215 60.2428 69.902 76.1142 -68.0002 58.9628 -18.104 -37.4711 -55.1936 89.7591 54.9047 73.0029 51.1601 76.181 -38.8443 -39.5759 -53.2665 49.6201 46.8817 71.8576 -55.3456 57.1231 -31.6593 -78.7798 87.2593 71.8816 -50.4939 85.2935 -60.5966 -98.3658 53.562 -87.1301 -17.3101 0.70845 27.6388 24.4826 -31.221 9.7171 -29.6598 26.3348 7.74224 -35.4559 -24.7011 28.5992 1.55948 
60.6887 -23.1068 34.7726 47.0124 -59.8791 -39.7135 -45.0532 44.3387 -34.3236 -52.368 -33.0882 -43.6187 34.5496 53.1057 -16.7472 40.7947 -37.4883 -60.9818 -28.2597 -63.8999 -28.3206 58.4279 43.3877 64.5955 47.3327 48.0711 -52.064 39.0256 -33.8277 -22.9597 -30.2553 85.5158 43.5387 34.5586 38.7314 18.809 -21.3221 -28.8393 -23.4376 51.6685 43.4581 50.5123 -39.5454 37.507 -22.693 -59.3755 73.2233 21.6297 -58.0184 29.8415 -37.887 -40.0626 34.0327 -67.2466 -16.2479 12.4328 46.0387 32.1842 -18.5444 22.484 -20.7909 14.4698 13.6401 -40.4196 -15.0384 6.26802 1.9736 -14.6493 25.8756 16.5418 -34.2032 44.1285 -20.2077 25.3872 -9.32144 9.5255 20.0216 11.5433 -46.4799 -20.8879 11.7849 -23.7667 -12.5788 -27.6657 -0.608434 27.8205 
50.3392 1.4007 32.3342 34.7965 -42.3748 -16.5568 -25.6038 39.5615 -27.4309 -11.3853 -42.2169 -48.091 5.83026 36.6721 -20.2546 2.86188 -66.1399 -33.8016 -11.1107 -54.6904 -29.1594 65.1425 24.7462 39.0234 32.2559 46.6656 -33.8357 8.04564 -38.495 -24.1848 -13.6764 45.6832 53.6212 38.5785 20.5577 23.4258 -49.3091 -20.0325 -36.2852 30.0089 27.9522 20.4903 -21.9285 1.25091 -20.1392 -24.2177 48.1547 51.5497 -62.079 45.806 -18.493 -46.9467 53.0827 -42.9387 -12.6597 7.97949 17.2805 28.2473 -17.4783 16.9615 -4.21762 15.8542 30.0789 -23.6952 -18.8019 15.9443 18.7965 -21.6304 20.6731 17.1931 -22.6594 39.2549 -14.8363 2.72599 -2.2168 20.5757 20.0838 6.7017 -23.2001 -12.4542 3.62581 -9.65344 7.40134 -36.7035 -15.1534 21.0698 5.64869 11.3939 12.328 8.56617 3.0693 
47.338 -5.82447 28.5937 21.9126 -31.0069 -37.9902 -30.2919 34.4581 -30.0264 -23.0533 -25.4423 -25.2668 23.2225 23.1565 -12.5223 4.04003 -33.8177 -8.86863 -11.6826 -38.0968 -12.0597 7.46734 12.7614 18.6333 30.0147 43.8703 -45.348 15.1941 -11.4088 -53.1244 -26.1046 20.6098 17.8141 30.7597 26.4408 34.1745 -28.9887 -41.9098 -15.8636 34.2373 24.1893 33.0803 -20.8407 39.1121 -31.2971 -36.3468 38.9687 22.4904 -24.1744 16.1178 -8.16868 -11.7281 28.1948 -36.3067 0.624407 11.7715 1.93669 12.3833 -10.2307 1.89206 -8.73389 4.30846 3.27071 -24.6235 -17.3242 8.93683 8.60859 -23.4949 15.5411 11.4869 -23.3076 17.7654 -12.7476 14.2882 4.07875 4.61049 5.10882 11.458 -12.0296 -13.3503 3.38817 -9.6977 -4.37912 -24.0946 -15.9525 6.87642 -1.36639 -0.350766 10.0265 0.327238 16.5507 19.2525 -1.47013 12.6418 3.58932 0.808492 14.8471 22.5709 11.8695 -2.28799 21.6083 -1.14271 
37.5857 -21.2712 13.8887 20.6388 -19.2501 -19.9745 -24.3213 19.1636 -12.9205 -14.8025 -32.594 -22.1623 19.8307 25.1262 -2.14263 7.97273 -10.4372 -1.73265 -5.33589 -29.7524 -2.21586 17.9943 12.6793 17.7596 20.8265 23.3606 -23.9754 0.334827 -19.4283 -31.7752 -14.8531 38.9013 26.583 24.9893 23.6989 39.2781 -19.6601 -25.4066 -10.6636 6.78116 3.57784 20.8724 3.05478 29.2282 -14.4692 -20.9918 38.2801 14.6323 -26.1683 19.7431 -21.8568 -20.0505 1.98057 -30.5337 -4.91844 13.9139 -4.63456 21.0486 -0.180024 6.73406 -7.2477 11.1454 2.46487 -14.2135 -7.98382 17.6183 4.99877 -9.70165 10.2576 16.6315 -25.8636 21.5252 -10.7819 14.4309 2.70233 4.63034 16.6881 21.996 -7.70143 0.599939 -2.81293 1.68852 -3.73981 -14.1432 -12.6831 8.23721 3.11662 6.66332 20.8025 1.14631 8.819 15.2358 -12.3916 14.5946 4.93089 0.469288 4.60621 21.2528 15.8736 -3.3424 13.3689 -10.9459 17.7804 -16.5842 
27.3926 -4.41797 3.87656 19.758 -36.7535 -22.4144 -20.3335 17.2129 -7.88933 -4.03068 -9.83409 -8.85357 14.7153 12.3767 -11.8549 22.7762 -16.278 -19.0711 -8.79444 -12.0208 -8.39348 10.9077 8.38729 5.41915 13.0808 23.2024 -16.5023 3.86837 -18.9579 -14.5489 -19.0579 33.4955 32.0665 21.8221 18.8723 35.0518 -13.8643 -19.4041 -18.4728 10.5103 17.4579 16.6258 -24.7 33.5847 -5.60325 -18.7965 20.4041 1.90349 -31.2691 25.2677 -3.56992 -20.9231 14.4715 -18.8786 -8.63647 7.85993 8.8596 21.1958 -10.9497 9.25079 1.05463 3.84291 4.91865 -14.6286 -6.00138 2.84714 -3.31616 -15.1547 15.6804 10.6742 -11.3402 18.5664 -9.40974 11.5491 6.68182 3.75251 2.62947 12.1498 -9.66914 -3.98509 -1.25023 -12.1585 5.02469 -10.717 -8.9213 9.27108 -0.494887 -0.0870637 14.5771 7.43704 11.2957 15.9085 -6.23267 19.0895 11.7532 -16.5796 0.219079 28.4522 7.75705 -5.13912 9.09975 6.27473 12.9516 -18.019 6.51333 1.93701 6.66108 -7.92636 10.094 
15.3876 -12.5872 20.4324 17.2491 -14.526 -28.3126 -24.8463 25.3301 -1.20221 -19.5937 -17.4272 -16.7603 6.75343 29.5453 -3.5152 3.22222 -23.8981 -6.87533 -10.6436 -18.7996 -8.65671 9.24986 10.0992 16.6936 21.2771 13.3547 -20.1192 11.077 -24.4302 -25.0967 -11.4616 25.0549 14.3505 24.3529 15.0435 13.5945 -8.55149 -21.2882 -20.3936 15.8484 26.3165 17.5036 -8.14597 26.2034 -11.7514 -17.3403 18.6704 17.1054 -20.6418 9.82369 -2.9315 -18.7333 4.38859 -22.2808 -2.35129 13.5333 1.05964 19.251 -0.381671 3.00514 -8.33594 5.18319 4.24543 -15.9991 -7.49401 4.16877 6.25394 -7.90186 12.4466 14.1152 -8.61964 14.8261 -11.3844 7.63721 2.84934 11.0235 -1.035 4.69745 -10.8744 
19.658 -11.6627 18.9627 24.3405 -8.28066 -20.2878 -23.2589 20.7987 -10.2961 -4.88706 -15.7798 -23.479 4.56477 21.8571 -2.85533 16.9682 -20.0454 -24.8193 -8.94774 -18.2136 -7.76817 26.539 11.8986 15.0212 18.498 21.6764 -23.9171 15.6599 -15.2086 -28.1734 -13.1025 23.0346 24.1238 18.0331 14.7678 22.6546 -8.09088 -21.3294 -19.8369 11.9315 19.7651 22.5565 -14.6707 17.0696 -9.61842 -26.5164 21.4404 14.2676 -28.7107 16.162 -4.48727 -23.5058 10.1415 -23.6961 -6.4515 12.5958 12.6252 13.9322 -5.89584 6.61769 -12.5667 11.1341 11.5375 
27.1413 -13.4597 22.9514 30.1625 -22.1656 -31.4825 -32.6466 16.3299 -19.807 -27.9188 -18.3673 -33.7153 10.7245 25.709 -0.589698 12.6474 -22.2673 -20.0772 -9.63545 -21.2179 -7.79573 15.902 8.16248 26.6401 11.1561 26.8631 -30.9719 5.70234 -34.2591 -35.2587 -30.2205 22.9054 23.1712 28.021 13.8142 32.7033 -14.6078 -6.11245 -24.3684 21.3031 17.4707 19.5531 -23.6372 40.2534 -18.4671 
34.0827 -24.0991 26.5347 39.0156 -28.0492 -28.9934 -29.8409 21.8939 -13.4579 -20.2004 -29.9797 -31.4502 15.8778 31.6399 -8.14869 19.9587 -33.572 -28.0442 -22.9575 -43.1178 -12.3093 27.5501 12.5194 33.2576 20.4292 31.5382 -33.7145 26.8054 -24.7881 -36.3146 -25.3536 37.9212 40.4082 33.9927 20.7235 32.0044 -14.3158 
45.9236 -34.2877 33.5496 39.2409 -36.2493 -40.8261 -44.4861 38.8413 -33.1658 -24.75 -29.416 -46.7089 16.0597 31.1013 -9.23516 29.5126 -36.5957 -35.38 -22.1331 -51.4901 -22.7891 26.8686 10.9361 26.0865 28.7786 33.8956 -39.9704 30.6567 -32.159 -46.058 -39.1349 
56.3017 -37.5274 49.1075 54.4052 -44.3509 -33.2736 -45.7787 44.5956 -38.6772 -43.0606 -42.9974 -58.4498 26.1401 40.8299 -31.9244 35.1766 -40.9688 -39.1923 -28.9731 -53.8757 -29.2886 45.8263 15.8707 46.5923 34.5043 
57.1534 -62.0245 49.3151 74.6256 -63.7086 -58.5059 -59.3984 54.8121 -43.7157 -60.5325 -52.3555 -66.2723 44.0256 49.0558 -33.051 53.3445 -53.1344 -55.4078 
69.3055 -80.5498 57.7473 85.2397 -62.5857 -67.3676 -69.4411 69.2503 -58.3209 -71.0776 -70.3429 -95.45 58.5217 61.7092 -47.6052 57.3574 -64.2776 -54.0747 
114.072 -88.8321 65.8969 80.4966 -80.4104 -85.559 -96.1507 80.598 -72.9965 -76.7795 -86.5381 -103.344 68.2966 78.5088 -51.1607 81.8412 -74.7315 
115.311 -105.46 83.4612 110.761 -102.57 -112.467 -91.5252 100.834 -82.1361 -103.896 -89.5085 -118.155 80.6118 83.9168 -71.3224 79.7577 -95.8367 -80.6195 -92.8387 -131.357 
130.282 -117.348 95.185 121.653 -127.186 -121.792 -111.462 108.613 -84.6107 -112.271 -94.0424 -131.775 87.9643 91.5681 -75.7775 92.7533 -98.3351 -109.411 
147.263 -136.949 96.6492 114.469 -124.827 -126.033 -125.359 114.403 -94.6161 -140.438 -122.947 -156.585 97.5057 129.009 -83.6254 108.275 -103.101 -109.141 -112.814 -149.123 -108.866 
154.551 -158.739 112.954 137.827 -128.647 -153.242 -123.382 121.426 -90.412 -141.457 -140.129 -162.446 95.7259 128.432 -104.687 120.033 -115.487 -140.564 -120.132 -185.126 -104.858 141.556 84.9759 
159.235 -143.643 91.8948 136.509 -133.502 -153.361 -109.953 115.954 -89.2725 -152.108 -144.588 -155.881 89.4716 133.438 -97.4948 108.183 -109.928 -137.372 -109.513 -174.91 -96.2185 144.074 100.87 
152.093 -131.043 78.5068 144.578 -142.088 -140.904 -117.812 111.457 -100.834 -159.33 -136.776 -162.124 96.7654 142.572 -80.3228 118.988 -101.483 -140.913 -98.075 -172.183 
125.498 -119.107 89.3782 105.603 -147.02 -129.709 -114.493 86.0483 -96.9201 -163.832 -125.636 -145.808 63.7363 125.593 -61.9875 111.901 -73.9759 -112.882 -93.6021 -160.57 -63.6819 151.503 81.5979 138.957 102.468 141.474 -98.3606 
120.801 -102.482 75.4112 101.746 -129.726 -110.3 -97.513 81.3139 -89.3213 -143.379 -91.7017 -120.68 56.14 110.446 -67.9497 96.9061 -78.2996 -102.509 -62.9976 -142.294 -50.5314 125.333 73.649 85.6743 92.6461 137.035 -89.699 92.3993 -70.3356 -87.883 -47.7669 142.462 78.0883 127.667 40.4401 95.3919 
86.2322 -97.2353 62.8054 69.3597 -78.7462 -92.8617 -69.0348 58.65 -51.6654 -92.5529 -63.2705 -110.66 63.6583 83.6923 -48.0179 77.3879 -62.133 -61.0777 -53.8039 -118.372 -21.1578 115.304 35.2727 83.2035 73.4833 91.2994 -60.7988 59.1278 -24.2289 -44.1693 -33.4844 99.5625 80.5909 97.5828 -5.39784 107.011 -73.177 -91.1868 -63.7653 77.5736 64.8909 103.689 -54.8533 64.8321 -80.0589 -91.1315 90.0236 80.8104 -79.3273 87.9621 -68.24 -78.1182 90.3352 
53.7268 -49.1564 23.1731 58.2421 -28.0259 -64.4125 -34.9256 71.3372 -45.5377 -70.106 -56.2595 -75.8836 35.6775 78.7654 -48.9417 83.3135 -68.0527 -47.893 -44.9323 -76.8793 -11.7782 69.8364 57.3572 21.7154 55.4903 74.4827 -44.1364 53.3504 -26.8592 -44.1054 -41.8977 81.4523 54.9022 82.0928 7.19343 47.7335 -40.8252 -36.6012 -12.1419 48.3114 32.0875 102.616 -49.4266 59.0067 -48.7045 -93.8434 104.422 68.2151 -63.4946 61.4617 -37.7118 -44.41 53.5726 -102.188 -11.3036 26.3452 43.8943 26.6823 -14.7907 28.7496 -39.6744 16.8822 9.58856 -18.7858 -30.6335 8.46188 13.9055 -10.0471 35.7754 17.3819 -38.0569 32.1148 -8.98874 33.8079 0.501563 
54.6139 -6.66754 39.3466 67.2215 -40.5016 -64.7902 -56.1618 17.318 -31.449 -30.6502 -21.9011 -44.8095 27.4001 64.5867 -10.124 38.8308 -46.457 -31.7638 -37.8646 -45.6492 2.09771 76.2004 19.4502 3.84426 47.6907 26.5829 -24.0589 19.5307 -24.8651 -18.1743 -22.0335 54.8185 37.1812 36.2164 1.67656 37.4077 -22.384 -30.9429 -40.434 33.7674 18.8262 35.3951 0.989069 20.5495 -9.71747 -37.3855 40.7899 30.52 -28.9972 44.688 -17.2486 -43.0439 44.4179 -72.649 -1.42483 15.104 21.937 20.1411 -12.2657 -3.37359 -16.4604 16.7177 26.5351 -43.0616 -31.8568 13.7486 14.0691 -15.969 21.6865 0.514704 -7.67401 35.7088 -14.4547 3.85001 -19.1625 18.6206 18.4434 9.09482 -33.1873 -5.13509 13.2308 -16.1229 5.54547 -37.8905 -13.0066 37.6992 -8.0203 2.56928 17.4638 5.52202 34.5903 22.957 -9.73241 27.9391 -8.09817 -4.23984 25.8499 25.8345 16.2964 -6.19821 12.0903 -15.9512 34.9375 -5.82292 11.6433 13.0568 13.2372 -11.258 
41.852 12.8624 45.5266 41.1184 -33.6823 -15.207 -24.7873 22.8198 13.2966 -38.5519 -24.729 -33.5304 22.2631 18.3656 22.715 28.7549 -36.3621 -13.2372 -19.46 -54.3575 -12.4222 31.6807 21.0489 7.69293 31.0708 18.155 -35.0753 -8.38615 -4.91913 -29.1593 -28.2036 9.92701 23.8007 12.4631 8.4639 10.8702 -12.7918 -8.304 -20.0265 12.1468 11.1051 25.8263 -10.3561 21.7281 -48.0412 -1.49308 34.9014 20.6266 -28.1887 23.7677 -4.75803 -45.9642 33.112 -14.0003 2.9505 23.4006 10.752 24.4946 -1.53046 23.6145 -2.19239 22.5193 9.6966 -14.8189 -11.0646 8.99148 4.4571 -13.6298 22.0625 16.8299 -19.3549 27.0901 -6.7494 4.76913 -7.28446 12.6579 15.8979 1.53036 -32.6651 -9.66186 -20.7139 -22.2212 9.06805 -14.4234 -25.2385 14.687 5.52408 12.4959 3.09733 11.4441 17.6465 16.3797 -17.5914 14.0313 0.0142373 -5.83495 -1.0152 9.07271 7.34252 -2.21226 5.17309 -1.01415 27.1012 -11.4647 13.501 9.6532 6.39448 -17.5118 17.2149 8.64586 -3.76446 9.94489 -11.0745 -9.10255 7.351 9.71727 -11.7921 -6.80886 -7.33893 -20.1495 2.38273 1.50237 5.22564 2.81308 24.0181 2.06983 23.1772 -13.0677 1.55329 5.45052 15.7305 -6.34116 7.17629 -14.1837 40.3342 2.42914 -3.03032 11.8262 -8.76514 -1.77357 12.0363 -25.9073 3.8965 16.5197 3.095 5.00024 -25.4498 
28.7862 0.616289 -2.73747 18.2708 -23.4555 -0.751572 -10.9432 23.4806 1.36104 7.7479 -35.5635 -24.5056 10.1139 20.9571 -8.83309 17.4322 -6.79945 -16.0051 -7.99556 -6.94211 -8.69184 18.8412 13.9952 7.73495 15.8829 3.51269 -11.9553 7.07275 -13.4335 -18.8192 -2.81339 16.8162 11.0489 9.07717 0.877484 15.0513 -16.0168 -9.97109 -23.827 9.86375 10.4215 14.4932 -16.5596 21.2579 -7.6645 -19.4971 9.64214 1.53378 -25.1559 27.4406 -2.70797 -10.7811 -4.93496 -19.4952 1.04155 5.28555 4.34981 11.9624 -11.6704 9.05414 8.32486 10.3468 1.37472 -9.3672 -10.9096 3.22574 3.44094 -13.8469 4.57007 13.0751 -14.7551 8.56951 -3.01859 4.02931 8.70901 2.36903 1.14078 10.384 -4.77571 -4.21544 -6.78977 4.53061 12.2607 -12.8684 -3.9905 5.70474 9.58884 5.82188 12.8151 6.15779 4.56178 15.8272 -3.3224 10.5139 8.24999 -7.73241 13.176 13.8364 12.0548 2.29265 4.32856 0.305653 2.24073 -13.116 9.33991 2.93733 7.42559 -15.9162 3.03126 7.44085 1.54294 21.788 -4.0713 -7.46763 1.9578 7.92077 -12.8812 -2.54473 -16.421 -11.1312 2.98397 10.3338 9.61293 11.4321 4.40646 -0.857285 2.05586 -7.74518 5.36943 -0.771645 5.47149 0.965949 1.80546 3.15298 20.7562 8.77409 8.24085 5.86148 -12.8318 1.45227 16.5464 -6.34857 7.03833 12.6202 15.4371 6.64472 -9.04792 -4.05263 7.10486 -8.24594 
23.602 -14.6356 9.00357 9.09873 -16.0739 -22.8897 -13.0079 11.9056 -11.0045 -3.10837 -5.16638 -16.106 2.72007 18.379 6.98729 -0.336125 -13.1593 -14.627 -3.91411 -8.54469 -12.4327 -1.02581 1.2811 8.27673 14.6341 17.9617 -8.73169 6.13352 -13.213 -10.0809 -5.70959 12.5554 11.7433 13.7896 6.15685 20.7596 -8.27733 -13.5489 1.61706 12.1372 9.65024 1.93561 -5.82105 22.9434 -8.16584 -17.5905 14.4638 3.95223 -14.5589 5.28621 -1.86295 -7.93134 11.7457 -17.2765 -2.14035 11.6091 -2.81212 12.3661 -10.2084 5.05857 -6.24994 7.82838 3.81431 -6.44509 -2.01509 -3.85499 8.3567 -4.43663 12.776 3.30164 -7.10775 12.3147 -16.6939 3.9288 -1.60631 1.21857 4.29694 6.56238 -1.47874 -11.4817 -2.49246 0.32386 2.32152 -10.8648 -13.1754 9.99205 -0.0716198 -0.811451 6.82149 4.03288 3.90006 9.65645 -9.38223 9.27607 7.84805 0.073075 4.37182 14.4772 8.65601 -4.1349 8.54211 -5.18586 4.94799 -14.9441 7.42099 0.948028 4.62466 -6.95935 6.41201 5.74476 2.84473 14.7604 -5.34865 -4.66112 0.836279 8.04887 -11.5194 1.9566 -7.17403 -8.28124 -3.21257 2.75098 8.29508 1.38136 11.81 0.786261 -0.419907 -9.5086 1.80579 7.05153 4.7482 -2.69591 -0.243925 2.10219 9.72368 -2.81683 6.93432 4.55317 -5.42783 1.20337 6.92372 -15.6184 4.98484 16.959 9.07369 5.79952 -1.82401 -3.00069 2.0926 -4.41657 3.2525 -11.5768 -7.54117 -6.69105 -2.71196 -5.40478 2.01136 0.509581 0.229087 -8.19159 -1.38421 -2.60375 -5.72245 -9.57811 
15.1746 -14.539 8.27874 10.7327 -13.2574 -16.6572 -10.4729 9.66642 3.20549 -5.78086 -20.3622 -16.3989 12.3321 14.0957 1.48648 10.4076 -14.236 -14.7116 -11.6407 -13.6873 -2.51686 14.1269 3.1639 7.59531 18.3109 20.8336 -18.4167 0.536871 -5.5837 -15.4572 -9.69364 7.82928 25.339 17.6183 4.45818 9.4597 -9.7928 4.08658 -9.78309 12.9907 6.39662 5.39198 -3.20858 10.6903 2.83165 -8.89803 9.70534 2.8167 -12.2538 7.99438 0.209041 -20.8091 4.16045 -12.9301 -5.29334 8.84879 1.2609 14.7288 -3.78862 -1.17543 -3.75922 7.06618 8.03279 -7.74865 -2.26028 0.823459 4.53946 -5.91098 -2.19844 7.4354 -15.3859 9.63892 -5.5228 1.24253 4.24188 3.6267 5.93237 12.0419 -7.29862 -5.88399 1.6997 -7.76025 2.24214 -12.5286 -13.3783 10.4558 2.6839 9.3789 8.28439 5.75774 0.971037 7.87651 -4.23318 2.88971 4.76608 -2.45356 1.94874 13.4432 13.822 -0.867808 3.70373 8.97631 2.40867 -1.38344 7.93965 4.30316 0.611414 -10.1517 11.0985 4.4448 -0.990393 14.9326 -2.80155 -11.7948 2.07021 18.0543 -3.46278 
11.63 -11.9147 13.6284 14.0189 -16.1925 -16.6093 -12.6935 11.3313 -1.74183 -1.60235 -13.7032 -10.7713 9.64632 10.7593 6.7454 11.6407 -20.7726 -19.0603 -8.98187 -17.9937 -4.54095 8.67226 13.0222 4.881 19.1389 7.6306 -25.2753 1.04177 -10.4597 -17.1018 -13.9107 12.5699 23.8788 21.1636 11.5315 14.2565 -11.2399 -13.2459 -6.37041 13.7285 11.9071 12.9368 -12.9063 18.5615 -10.7802 -13.6015 20.0344 5.28163 -11.9274 9.16235 -6.71098 -11.0976 11.641 -11.1383 -4.4191 5.2349 4.05486 18.8561 -1.05915 2.46091 -5.90796 2.3665 0.47147 -11.6078 -2.07033 -2.35092 1.74689 -9.95783 8.21756 10.7356 -14.868 10.8195 -4.04049 -0.774232 3.46142 7.20578 5.68919 10.5811 -11.7585 -5.5052 0.942046 -10.0937 2.65927 -12.4987 -10.3171 10.1721 3.64251 5.42636 6.07704 9.16251 12.4814 13.4555 -5.45341 14.0746 1.95784 -3.66161 1.85117 
