11.4594 -4.30583 6.50063 -11.6409 -7.07562 11.3751 -12.7693 7.59582 9.80934 9.45276 2.89024 3.48236 2.01684 13.8795 8.28415 7.72027 2.27731 7.43639 -3.79399 -4.87482 -4.72254 -10.105 5.43325 -7.93369 14.593 -14.6193 -5.33577 -6.26473 11.41 -3.82282 -6.26609 -4.09124 8.00169 -10.0675 3.59086 -7.99569 5.3792 0.693757 -4.65632 10.2169 -2.65337 11.7664 9.0666 -7.46353 14.752 -3.2738 11.9074 -7.04915 5.54217 -3.63292 -5.92645 -3.86155 -0.72061 -12.6958 4.88351 -3.32803 -5.79118 10.4265 -11.9471 9.34673 4.31186 10.1123 9.32545 -0.309588 10.9813 1.63647 -4.2167 -2.42645 -10.0688 5.56235 7.30914 -10.2507 -0.779548 5.06392 -9.45269 -4.55127 2.55489 -3.51627 -7.76092 3.44105 2.71743 7.25782 0.474557 -2.3322 2.81368 8.07542 11.4613 -6.06136 2.5934 -8.66508 -1.29372 2.88781 -5.77779 -6.37892 5.9917 -4.3941 -1.52112 -2.74802 4.3439 -1.04539 6.30261 -6.69133 -6.80744 -2.24756 0.377708 2.19542 -4.85968 4.69429 6.60059 -8.78367 -3.52236 2.26989 5.09878 -1.57826 1.39229 -3.21769 1.0667 -0.0843323 
14.7488 -8.34253 8.31195 -23.4044 -11.2213 11.3439 -13.0396 12.9872 8.65073 11.1713 -5.75709 7.38241 8.33819 22.0519 9.05869 7.58932 -5.23238 9.74675 -8.4507 -7.36253 -5.65769 -12.4859 11.0255 -6.30724 16.1783 -13.7966 -8.38771 -12.1502 14.2665 -5.67834 -14.7651 -8.82672 11.1586 -8.26661 5.42562 -15.9171 3.24306 2.51407 -7.05867 14.9823 -3.69691 9.31583 15.7263 -10.055 13.283 -5.2924 10.2728 -11.3276 9.68217 -2.79818 -14.6136 -6.92609 -7.32543 -12.9808 1.93211 -5.26631 -7.93753 11.4393 -12.7842 8.90843 8.14151 10.595 9.60344 -0.371574 7.92668 2.38459 -6.18249 -4.29199 -8.93863 6.99575 7.60619 -8.04622 -1.25565 8.07124 -13.3389 -4.3846 4.87164 -2.31772 -14.6376 5.29342 -0.164229 6.31082 3.42692 -5.27427 2.07483 9.16275 
13.8717 -10.5704 14.0704 -27.6594 -17.7697 20.0437 -24.8026 20.6636 16.3005 14.181 -10.9189 14.2522 6.47455 26.0465 10.4345 11.5582 -9.87363 12.2288 -9.98826 -22.0351 -5.76274 -18.1463 14.8733 -14.1096 22.2084 -20.9809 -9.90049 -21.4752 19.2314 -10.9647 -20.5129 -13.8237 15.45 -12.9306 5.69153 -26.8169 11.1218 -3.53662 -10.4279 21.0567 -3.67131 10.646 19.051 -10.7303 24.6749 -10.8549 25.5921 -12.9131 14.1468 -5.58133 -18.9325 -17.6004 -8.45217 -21.0225 7.24551 -6.46425 -12.6213 16.7544 -14.2002 12.9046 8.37098 
23.5921 -19.5306 20.7988 -31.6757 -15.1174 20.9716 -19.0021 26.8055 26.1487 24.3473 -19.618 20.9991 9.18564 34.0615 15.0275 16.6509 -11.2367 20.2268 -24.9773 -22.8725 -13.7829 -15.191 24.3612 -23.4699 32.1975 -24.6006 -14.899 -29.1157 18.3475 -11.1539 -20.1683 -19.0678 19.8471 -21.7217 10.6889 -28.9651 14.3437 -3.54706 -17.496 32.9931 -12.1414 12.0498 23.7724 -11.0128 33.0453 -21.6651 28.9463 -16.0227 16.7311 -8.95064 -22.4915 
24.7244 -21.4618 33.0367 -41.8049 -23.1929 16.3458 -21.7796 27.971 33.3119 36.5004 -18.8416 32.07 21.4903 40.2511 19.2853 25.9684 -11.3324 25.216 -33.3648 -28.3399 -22.8544 -25.9781 30.7657 -32.5512 25.9326 -26.7399 -24.6437 -39.6908 22.7489 -15.4925 -30.9579 -22.3148 27.1811 -36.8405 22.1436 -41.3965 23.0086 -14.9014 -20.4831 
27.5636 -26.7134 41.7904 -43.7968 -36.1793 29.0617 -32.5107 40.1451 33.984 38.5849 -38.1437 35.3929 33.0064 37.5942 25.9509 38.587 -18.5334 35.4394 -45.033 -43.81 -28.6376 -34.912 38.2675 -32.6298 39.0014 -35.9775 -29.396 -42.9288 28.3875 -30.7795 -36.0948 -29.3515 40.5608 -35.7615 
39.5713 -30.8242 42.384 -56.4717 -37.1116 41.0162 -42.613 49.0549 42.4023 55.6454 -46.0429 35.0742 46.1655 44.5003 33.0031 51.5157 -22.573 48.9118 -49.4448 -50.8676 -44.356 -43.1496 57.7577 -42.8581 51.1176 
48.032 -41.391 56.6933 -61.1078 -44.4539 55.4235 -53.8558 58.7848 54.6139 54.5035 -53.0002 51.1645 57.8688 49.2354 50.2886 55.1347 -39.5589 61.699 -63.0124 -64.519 
68.3689 -59.0439 50.2033 -70.4924 -56.7539 64.7283 -69.5134 66.1245 67.4874 68.7063 -69.5541 61.5647 67.4691 56.3683 53.1853 73.844 -53.4881 69.8158 
82.8196 -70.0975 69.6215 -84.172 -63.091 76.877 -80.3119 67.5818 77.6433 83.3347 -78.7473 72.5506 67.8503 73.8436 65.9756 
80.1665 -71.7153 87.0759 -105.081 -84.7836 94.1491 -94.7814 89.9826 82.5977 101.488 -93.2771 
97.6786 -88.2087 88.1494 -118.215 -82.2434 111.297 -98.0222 90.7339 98.1388 124.206 
118.542 -99.0904 104.384 -129.53 -90.3782 122.919 -120.761 121.532 116.965 130.118 -130.483 129.073 
110.617 -98.2804 114.966 -127.224 -118.074 144.06 -142.301 126.159 125.337 151.305 -127.757 139.336 139.762 137.728 106.207 166.598 
133.351 -125.944 129.523 -146.386 -95.5164 153.986 -150.554 115.223 112.326 154.588 -144.721 176.357 
136.059 -152.716 132.452 -153.798 -82.1959 144.225 -154.305 129.932 109.422 145.534 -159.627 196.67 173.758 157.148 113.632 175.677 
119.941 -159.852 118.565 -130.799 -86.0561 147.037 -162.582 127.011 96.4807 153.311 -148.345 196.224 168.672 142.899 98.0586 177.998 -135.651 205.121 -168.391 -162.158 
111.252 -137.558 119.406 -113.449 -58.6727 146.64 -122.244 102.905 73.386 141.371 -151.154 164.522 127.005 137.415 103.484 164.802 -123.821 164.491 -169.177 -135.338 -143.903 -112.976 170.896 -147.268 117.787 -168.131 -54.438 
68.5312 -134.497 92.7691 -90.3537 -55.2237 116.496 -100.733 96.8382 67.1815 114.829 -133.527 110.297 112.282 139.865 95.4267 160.842 -120.713 142.328 -159.609 -122.092 -131.807 -72.4207 147.07 -117.618 88.531 -141.08 -57.89 -161.39 123.249 -154.971 -122.841 -169.759 123.351 -123.407 77.9895 -91.4449 93.4571 
40.9742 -105.973 70.9699 -81.4341 -81.6454 85.0934 -97.6796 63.5998 54.0227 73.3892 -103.859 124.87 96.9254 86.4045 34.5174 121.043 -113.039 146.848 -117.531 -80.3784 -96.3671 -104.036 130.306 -90.209 99.7865 -115.474 -54.2126 -120.853 113.427 -118.43 -74.7842 -93.7257 66.296 -108.937 76.3419 -94.4685 98.2653 -92.4677 -87.9812 106.306 
27.6752 -78.5949 55.323 -45.214 -30.9157 83.5872 -74.8833 50.0604 72.7303 86.5675 -96.9809 88.3968 83.1523 80.368 68.6882 71.1855 -82.0131 97.6537 -74.038 -46.0577 -58.6064 -76.1996 88.2139 -51.0032 59.2926 -85.1301 -57.5789 -68.1279 81.2464 -77.8693 -96.3773 -108.353 81.7393 -91.3108 82.0779 -80.5296 79.6664 -87.8348 -42.029 87.312 -45.5509 75.9945 33.7367 -64.0076 64.1982 -80.374 79.768 -52.6208 49.4623 -31.3586 -48.1039 
36.997 -69.8303 48.1313 -29.8189 -36.3217 28.7928 -73.0177 60.4617 24.3694 18.9322 -39.7624 41.2936 74.4663 87.1128 31.7074 93.6099 -37.2202 62.0415 -83.5607 -55.7038 -85.4137 -73.2918 120.144 -76.6229 66.8482 -63.4174 -37.6246 -101.323 39.3436 -91.9956 -94.839 -28.7286 71.357 -60.6512 20.5423 -35.5542 80.0512 -39.1041 -55.9968 77.2736 -22.4732 41.6854 35.3318 -40.6695 49.9564 -54.6467 42.2524 -36.0548 -7.64995 -42.9938 -58.2746 -39.9034 -52.2306 -53.0181 23.3993 -22.2542 
27.4761 -33.3336 26.1714 -43.2635 -34.9477 15.0717 -63.4367 42.1922 55.9684 53.0824 -48.1515 25.4938 40.0317 38.5328 28.6866 69.7489 -40.4569 55.8811 -15.0474 -32.227 -47.2408 -43.9465 62.8274 -50.3699 46.7039 -56.9162 -42.7257 -61.9381 50.3163 -55.3963 -56.2594 -30.4723 40.6314 -54.3443 51.8597 -61.9216 42.3128 -45.4324 -44.283 61.4604 -28.9875 42.7065 2.52214 -34.9803 60.3093 -36.5119 61.9623 -25.9299 2.08349 -12.6449 -51.2152 -33.1121 -33.9424 -22.4836 34.6092 -18.6155 -18.3444 26.1996 -20.3313 26.2278 -2.0938 -0.175931 8.84792 -6.94275 38.7737 15.4135 -22.2108 
26.6634 -30.8863 31.2135 -30.2001 -30.9227 21.7053 -31.8931 42.3533 43.3762 52.7501 -38.294 10.2855 35.1077 35.9823 26.9961 48.6676 -9.58701 38.1931 -50.0792 -23.157 -11.8145 -33.986 51.2479 -69.6816 66.8769 -53.6418 -19.4983 -43.1965 40.0278 -32.0997 -57.0647 -31.1713 44.6695 -29.5628 31.0939 -36.0258 25.3029 -27.0817 -29.949 44.248 3.54391 46.2352 -2.16629 -24.9054 36.3786 -36.0331 25.1469 -43.5882 28.112 -13.0362 -29.8627 -29.3012 -17.3168 -34.3011 28.6116 -16.1391 -21.0778 21.6456 -10.4852 23.6667 5.27666 45.3961 28.2173 6.54627 28.7832 8.93226 -16.7762 4.7103 -31.0601 13.6607 13.103 -20.1936 -15.6648 
48.5768 -25.5397 16.5437 -34.356 -18.0751 30.0139 -40.2252 26.9845 17.0647 34.8187 -29.8514 21.8505 5.72439 32.6028 23.0092 37.5842 -8.52065 33.6465 -55.0149 -28.3851 -33.5924 -27.8159 32.5492 -33.1667 34.8433 -19.8841 -17.5993 -35.9552 26.5634 -26.9489 -37.5959 -30.4644 29.0094 -35.9197 23.8957 -28.6432 19.4382 -11.441 -2.70639 20.457 -6.13361 52.0569 20.7927 -24.0791 49.4653 -34.2114 40.9229 -55.0902 22.1796 -19.1774 -41.1441 -39.4808 -23.4149 -31.0555 14.5922 -13.1683 -10.459 4.68992 -12.9423 12.1755 11.8583 24.47 20.6425 6.71077 25.7636 8.67146 -8.91026 -5.10204 -20.8958 15.9375 25.1646 -21.3179 6.97023 7.01626 -20.129 -6.54099 27.2414 -9.59467 -20.6134 18.3232 -8.68843 19.9089 -16.3797 -12.0983 7.69956 8.57338 
34.5584 -15.5607 21.5075 -21.107 -28.698 32.888 -25.526 26.8257 30.8288 28.3366 -43.5492 28.3436 20.133 37.1256 25.7599 8.22154 -8.64263 39.5158 -12.4379 -24.7663 -19.3295 -23.4496 31.5403 -24.808 38.9672 -34.7081 -14.5807 -34.4799 20.4171 -35.0892 -28.2827 -23.1534 30.9663 -46.9378 17.0802 -37.6242 15.3793 -6.45754 -30.4852 54.1526 -17.4812 19.4632 14.0717 -14.205 43.9188 -36.8774 30.6943 -17.2939 18.2169 -20.0564 -25.6119 -25.4727 -18.7744 -38.0577 11.4884 -7.06831 -12.4682 22.4968 -16.4077 1.80386 7.92948 26.1008 10.6105 9.74786 31.6237 2.19977 -6.05351 -5.89894 -7.24164 31.857 22.9041 -18.4253 -1.86269 
26.4355 -26.2175 26.7201 -44.4853 -32.9628 19.5227 -38.1442 25.6182 16.0901 33.5503 -22.841 36.9889 16.9528 40.26 21.8816 25.4833 -17.3535 38.5918 -33.0743 -26.7161 -24.7968 -28.1838 26.9554 -29.6988 30.4222 -33.873 -10.098 -35.0045 26.994 -32.2651 -37.065 -27.1616 34.2368 -36.9495 23.1228 -37.7998 28.4704 -6.98029 -23.24 17.2506 -13.057 42.9986 9.06723 -17.9088 44.7594 -35.157 44.1816 -23.3643 18.7199 -4.43473 -27.6176 -36.4072 -17.3664 -24.7523 13.5545 -15.3995 -23.6913 32.499 -14.4935 25.253 0.483877 15.2013 15.7016 18.1571 14.8461 12.5658 
18.8393 -20.2655 40.2818 -42.4811 -16.1377 23.79 -30.6684 35.2643 34.2435 30.6389 -11.1175 27.7991 32.9973 38.7728 25.3652 32.4743 -8.93665 30.7681 -35.107 -34.627 -12.7832 -29.7636 21.0302 -22.6856 38.035 -29.0319 -16.9065 -44.9647 26.2387 -20.9836 -30.3813 -8.11262 32.7805 -50.115 30.5145 -38.5045 30.0966 -19.1936 -26.2666 39.9121 -19.5498 13.2305 23.7232 -39.2749 34.4727 -25.9895 43.1856 -24.9612 15.4837 -14.6225 -26.048 -30.0272 -13.422 -29.0676 21.4331 -13.5451 -12.77 32.6833 -16.7277 18.1028 15.2256 21.3516 14.0923 
34.1115 -26.7902 29.85 -47.8843 -26.1442 22.9222 -30.8437 37.1179 28.8916 24.5432 -35.6859 27.4755 27.1695 17.8521 12.6519 37.2611 -20.6508 37.7246 -24.1589 -36.303 -43.9152 -27.7643 40.578 -29.933 46.8249 -37.8345 -14.4359 -34.6133 32.618 -20.2264 -33.1701 -31.01 33.0035 -29.7179 26.5364 -40.3274 28.9314 -1.14271 -20.8626 26.9582 -30.1831 47.1125 41.8857 -29.1608 50.1283 -32.3593 40.5162 -24.6045 21.6632 
34.1507 -32.0498 34.3148 -50.123 -24.9025 23.7545 -25.7579 28.6083 40.5439 34.0508 -32.012 27.57 32.3965 32.714 36.4809 37.8331 -21.6483 40.801 -68.1893 -38.9419 -40.9993 -41.1416 50.7308 -37.1542 41.7997 -25.1673 -23.6212 -46.2282 31.9147 -51.9597 -49.562 -29.8157 27.2286 -50.7366 32.1121 -52.4745 35.6932 -12.2727 -32.0298 34.4462 -28.6388 
35.4381 -34.3354 39.0599 -38.639 -37.2007 28.3884 -54.4518 38.587 34.3609 39.1019 -45.2729 48.666 41.0922 42.0979 39.6299 38.574 -32.0432 36.3994 -53.7409 -36.1098 -29.4305 -48.4552 56.811 -41.8799 47.7099 -49.9495 -23.3545 -41.8674 40.798 -40.0561 -46.0956 -31.4583 31.2424 -40.6265 
48.1157 -43.4783 50.234 -48.5806 -38.1256 56.9177 -49.8447 46.3369 53.1793 56.9977 -62.1168 43.1231 46.5428 39.962 49.9321 51.8308 -32.7128 60.3683 -75.2121 -44.0639 -19.2904 -51.1426 54.4016 -27.9617 51.172 -49.5334 -26.9074 -50.2471 41.288 
34.4107 -35.4487 50.9154 -74.0058 -61.4447 51.5603 -74.2194 58.3767 49.0466 60.2951 -47.9142 51.2745 67.5002 66.4823 39.3066 52.9952 -53.2777 67.9292 -53.0069 -62.2863 -63.3234 -59.2997 69.5649 -58.5754 
76.6754 -66.769 57.9154 -78.9459 -70.8184 58.569 -66.8225 65.4251 47.5183 76.5039 -69.7989 64.2024 57.5432 61.2232 53.6843 85.1659 -55.1355 68.2437 -69.7981 
70.9175 -66.5681 67.1102 -87.6094 -61.5599 65.729 -74.558 84.6866 66.8152 84.9424 -80.4737 82.3145 83.8149 71.6795 61.1561 
78.5915 -71.1964 79.3369 -76.6731 -84.7848 97.514 -95.5021 64.2574 80.2009 100.341 -86.9606 89.1944 78.3954 71.0797 84.9764 101.469 -83.2012 101.31 -89.7713 -101.335 
99.7059 -82.148 81.2921 -115.652 -85.455 104.74 -105.703 90.157 98.0403 102.316 -96.3929 98.5903 
116.289 -101.873 99.1443 -120.388 -96.8038 109.1 -118.723 101.215 94.873 112.556 -111.008 111.166 142.372 104.841 91.148 129.957 -122.081 152.28 
120.479 -108.5 100.526 -136.014 -95.1856 141.74 -146.407 91.9552 91.1683 115.375 -139.585 134.638 139.152 117.497 77.1745 
128.779 -122.553 109.321 -137.885 -51.931 134.685 -142.764 115.639 107.238 130.954 -139.468 159.294 137.21 99.7664 
111.264 -121.81 101.499 -105.548 -96.9144 122.775 -129.907 103.938 68.9531 134.832 -135.633 149.944 143.163 140.574 
97.9508 -146.625 92.2668 -119.352 -68.2935 120.816 -140.777 111.361 80.4449 142.196 -131.895 149.225 106.884 118.491 60.9988 154.673 -133.078 155.489 
87.2417 -104.396 63.9205 -105.367 -74.1403 134.987 -126.665 91.5987 64.0181 117.516 -116.901 91.9613 121.112 136.224 89.4703 134.817 -113.4 132.44 -146.078 -78.8351 
82.609 -109.205 92.1586 -123.887 -47.8141 79.5875 -93.0947 94.3634 80.144 71.8538 -89.112 104.83 117.087 115.155 94.7828 116.17 -98.1921 129.159 -159.932 -112.001 -129.6 -105.765 
96.103 -85.8309 36.5538 -65.6496 -41.2911 79.506 -77.0117 42.9656 64.6381 93.6601 -96.0492 96.5028 87.9783 48.9763 60.4294 100.12 -81.79 130.722 -38.3444 -50.8496 -77.422 -93.7143 123.371 -110.56 101.883 -93.7628 -51.5335 -138.579 75.9524 -79.1088 -103.298 -97.153 91.9497 -71.4591 72.4518 -131.128 98.3586 
52.5875 -71.4262 65.6918 -35.0098 -52.3432 55.1265 -38.4709 63.9817 70.3101 59.7481 -86.7651 75.9344 48.1145 123.498 47.5233 71.8164 -63.541 84.6717 -98.8475 -82.7941 -66.8576 -41.4917 88.3755 -72.4428 73.0171 -92.964 -35.032 -113.94 86.5642 -73.0584 -46.8198 -117.397 89.4972 -100.3 41.2564 -57.0231 66.319 -40.6768 -81.9995 83.5069 -57.0789 45.5615 34.6971 
34.4302 -70.8511 46.9392 -71.5116 -34.4307 65.1454 -77.9967 34.183 57.4636 19.0728 -63.2029 40.1306 74.1931 33.4673 17.4064 57.9489 -58.4753 77.5279 -71.5888 -6.74757 -43.3866 -41.497 99.3652 -69.1003 72.5177 -77.2877 -39.0066 -71.1448 77.885 -59.8797 -73.007 -54.191 52.4815 -41.7386 29.8383 -54.8047 41.3574 -23.9235 -46.276 76.8975 2.98994 13.6936 15.1951 -31.7324 40.7985 -42.5025 55.2688 -23.2209 39.3766 -16.3674 -55.4458 -47.2684 -34.6844 -26.8695 39.6628 -15.5337 -28.8345 26.2799 -19.2094 26.9841 24.838 24.7295 32.1693 
29.9717 -33.5877 20.6466 -40.7515 -31.507 24.4571 -33.4938 22.2743 53.2301 40.1874 -18.7771 34.4596 34.6287 38.686 29.2268 35.5517 -49.0451 57.7573 -36.0598 -56.6197 -50.0456 -37.51 37.9956 -9.84857 43.5011 -23.1676 -48.0273 -57.1507 41.9536 -49.2919 -24.493 -27.9625 68.2383 -27.4016 32.0123 -30.7093 23.6874 -14.9097 -43.9812 34.0147 -24.1619 38.7041 40.8695 -19.8883 49.6975 -52.4398 37.1456 -42.8623 9.35783 -7.68362 -60.4002 -37.1515 -8.38643 -28.618 20.4495 -14.0575 -28.9124 15.3495 -16.5786 17.7223 13.6004 16.4641 34.3449 0.514833 22.8922 11.2247 -12.5174 4.96413 
20.331 -32.5009 18.3673 -22.4884 -31.8386 29.627 -46.7914 14.3257 40.9374 32.8563 -25.6409 31.9329 13.3068 31.7469 20.2573 25.4299 -35.2038 28.6529 -33.3678 -27.2124 -27.3302 -8.96404 54.4943 -21.2029 51.7696 -31.7749 -10.3928 -23.068 26.953 -28.4368 -18.4786 -34.1145 32.7553 -48.4241 31.2245 -24.0399 11.0509 -20.5565 -29.8872 25.3925 -22.5928 39.7451 23.9715 -12.1892 14.0048 -31.3028 23.8052 -36.1813 27.0196 -23.7729 -41.7434 -40.9849 -3.94931 -34.8143 4.3292 -10.9152 -12.9389 2.14426 -12.3322 11.9272 3.84881 24.1215 18.1637 3.85147 23.4401 0.84216 -10.5584 -20.5931 -24.7679 28.4979 16.4725 -26.9525 2.26385 15.8441 -18.3301 -0.754485 21.5851 -11.7918 
22.74 -41.9011 32.0321 -31.1438 -15.499 15.3988 -34.2838 11.9016 35.7114 24.4603 -20.3119 27.1699 28.3598 37.5718 18.9146 21.5627 -12.0737 17.6997 -47.5275 -15.9315 -17.7896 1.17339 23.3563 -19.6041 25.0544 -18.3294 -19.5027 -28.3529 36.2751 -44.4168 -27.0851 -29.9014 23.4293 -6.76703 13.4799 -17.1112 25.9261 -22.6817 -23.8414 39.6365 3.14447 20.8265 15.9223 -24.4404 17.4609 -15.8409 42.6649 -12.6143 -1.95263 -15.9666 -41.1468 -21.5275 -1.50664 -29.5489 14.9233 -12.3041 -24.0638 10.0312 -10.3461 23.4583 11.1245 24.8822 -1.6466 3.14474 16.9714 -0.0502906 -11.9328 -11.2022 -14.8598 14.3609 -3.52858 -8.20921 -3.68596 14.2729 -25.7579 5.67283 13.0129 -20.1831 -15.0152 6.2718 -14.0361 12.8009 -4.02694 3.78827 12.6339 13.5191 0.325155 -21.0291 
