5.13501 -10.6089 -11.4171 11.9378 -11.0355 2.0303 -5.26983 -4.77041 8.33202 -2.21649 6.26302 -14.597 11.8661 -7.97428 -8.85378 -6.67557 4.59576 6.27342 -2.56175 9.84191 -10.4341 11.7992 -13.3503 -6.09634 7.64331 4.59606 4.21045 -15.0517 -7.51081 10.4441 -2.30782 -8.27046 9.0837 0.37448 3.31117 9.36432 -12.6948 7.40526 15.943 -9.60766 -11.8114 -16.0153 5.6719 9.53648 7.56396 -12.7137 7.43533 -3.24441 18.0392 -19.6462 7.11364 14.8099 10.9093 8.47107 11.0951 -3.84312 -5.79649 8.19414 -7.75491 -7.25107 4.84146 6.82336 6.845 -4.46014 4.36705 -3.18034 5.2896 -1.57168 8.40321 -12.0181 
8.70991 -19.7907 -19.5351 20.7235 -19.3056 3.27061 -14.1004 -7.81095 15.5238 -8.74001 10.7525 -22.3545 16.0282 -16.8966 -14.0074 -12.2358 18.0756 12.8283 -6.19615 14.5484 -19.8053 28.9383 -23.3102 -12.518 10.9706 15.3238 12.0189 -17.5979 -15.7252 12.8129 -6.1274 -14.6694 14.558 -8.35176 9.11763 21.9895 -15.7042 13.1762 21.2579 -10.0393 -22.0343 -18.5307 
14.5256 -30.53 -28.0175 32.7769 -28.5441 15.3741 -26.2413 -19.7261 17.439 -18.7058 22.24 -32.341 22.6348 -19.3203 -24.1955 -20.2786 27.1456 17.9478 -7.99752 23.5368 
33.7839 -43.9174 -32.251 44.2166 -38.3141 25.214 -34.4731 -33.0285 26.946 -24.3994 37.8945 -47.8611 32.7279 -32.9038 -30.5238 -21.0463 43.4657 23.9439 -23.0484 28.548 -49.9055 
39.2694 -61.7205 -37.4023 58.5826 -51.5991 44.941 -51.7455 -49.8612 36.1396 -41.5479 45.2402 -60.3743 36.7798 -36.0874 -51.5772 -27.9358 
44.845 -69.7897 -62.7167 80.5772 -63.9795 58.5257 -64.1904 -70.9326 42.507 -66.9071 61.5951 -72.1604 55.9701 
68.7395 -87.4208 -78.2435 79.8838 -81.9591 68.8353 -78.6747 -95.0779 56.0651 -85.6425 63.2647 -93.6086 76.3784 
83.037 -100.778 -99.0834 110.335 -106.748 86.4743 -105.352 -120.598 77.5573 -113.375 80.6813 -119.257 89.893 
88.9311 -120.018 -116.111 135.875 -134.568 110.936 -123.621 -142.788 83.7778 -129.295 85.3931 -133.03 112.833 
109.772 -141.903 -131.772 164.448 -146.651 128.661 -156.151 -160.645 93.6912 -154.569 101.003 -145.389 140.257 
122.001 -171.003 -151.314 190.104 -156.102 133.343 -179.73 -181.64 111.168 -170.525 129.3 -176.228 
133.262 -192.107 -145.278 211.431 -181.793 145.588 -202.955 -197.774 117.376 -181.022 132.441 
143.984 -198.158 -157.2 226.583 -189.636 163.215 -194.974 -204.279 104.072 -183.817 134.831 
124.617 -215.557 -154.173 219.689 -209.605 181.026 -196.757 -227.701 121.745 -190.641 135.349 -227.917 
130.104 -198.579 -149.665 235.593 -181.188 188.239 -169.963 -201.095 112.962 -173.875 104.035 
96.9622 -183.196 -128.978 202.983 -171.767 172.664 -160.752 -189.808 98.9654 
100.581 -146.236 -99.4155 190.687 -179.024 157.946 -139.487 -183.584 89.2202 -137.397 51.9304 -220.943 117.488 
73.7649 -127.39 -71.5278 122.485 -111.895 173.084 -104.985 -140.096 92.4551 -103.469 45.0374 -181.204 87.152 -79.8551 -97.0467 -128.262 93.7815 88.6683 -108.384 98.8101 
34.5072 -69.4679 -81.9616 75.5538 -106.049 118.411 -58.9468 -93.5165 47.5437 -89.5049 11.9963 -167.535 47.7362 -74.756 -70.715 -91.5827 63.6414 85.6851 -29.6486 66.1498 -43.3175 85.3297 -131.547 -119.053 40.5813 60.5368 106.633 -99.2193 -103.902 94.9854 -107.717 -77.0497 101.121 -109.712 139.664 61.9224 -126.329 115.283 129.029 -128.986 -105.502 
25.1055 -65.6638 -58.9843 77.9377 -65.273 66.6014 -49.65 -37.8892 60.5914 -58.3789 40.1138 -96.6451 12.5046 -26.2615 -60.6887 -62.5763 26.1634 36.5563 -7.46538 23.5634 -21.4431 49.9946 -55.4134 -110.351 44.7003 46.8141 77.5398 -92.4274 -31.3293 91.1136 -75.4589 -38.1052 68.6756 -69.7893 105.467 35.5407 -93.6047 84.0841 51.3449 -59.5099 -39.175 -99.8045 40.7178 42.5773 58.0367 -94.3979 94.285 -57.3384 52.7845 -37.935 30.7057 108.497 49.6879 50.9033 12.803 -30.9121 -21.8555 37.7858 -36.5104 -9.53753 8.89078 13.1395 35.0349 -36.3748 24.8904 -11.6054 28.5264 -15.4922 45.1355 -22.6799 -10.5511 30.1765 -8.09805 53.7638 -4.07107 
35.5566 -5.28463 -26.6021 54.3624 -3.06914 17.2441 -12.4591 -26.4687 -23.7636 -32.1048 -8.13985 -73.197 32.2306 -52.4129 -26.0187 -20.1603 -3.8133 35.9772 -2.87718 34.8885 -47.3756 25.3839 -30.2927 -46.5712 34.4528 36.9566 44.2175 -53.3189 -7.3923 27.9627 -34.1521 -36.8518 38.2183 -8.19198 65.3682 33.9395 -31.4218 24.4224 28.7753 -10.1734 7.0458 -43.7006 25.2965 6.42342 11.8827 -58.6168 46.0455 -32.9294 57.3457 -40.2207 -4.24691 69.8273 34.8036 57.8756 5.06815 -15.1576 -0.291562 32.3475 -31.6881 -34.8084 8.96786 17.3929 15.65 -27.1382 20.6186 -13.8163 6.22668 3.31964 32.9452 -3.15367 -19.2768 41.5797 -10.1551 21.4908 4.61877 11.955 -29.0163 5.58991 -24.7682 -1.42881 0.363896 -13.4866 11.4857 -6.38517 -28.961 10.485 -24.3405 22.4388 -8.77447 1.811 4.08571 36.8908 -9.92152 24.1539 6.00409 -14.0498 -10.9723 -13.2416 -10.2051 -8.3502 5.52909 18.9462 -30.4197 5.82956 -7.00509 12.4313 24.117 -8.48891 23.4807 21.8482 -21.8743 -12.2097 -10.557 0.097262 7.51081 6.94392 -8.51814 4.70038 22.4196 16.0784 13.2124 -6.0241 15.234 -7.95386 5.33164 -33.58 -9.28691 -34.1511 -1.15108 -28.2621 6.13348 -3.05395 -5.33143 16.485 -17.8145 
7.85675 -24.5393 -9.10112 13.6949 -15.327 -3.90247 -5.25459 7.2704 -6.35803 -13.7895 -9.13492 -26.792 34.5993 0.678125 -21.8824 -8.19594 13.92 6.1352 2.14847 -8.70629 -29.0772 28.64 -22.6554 -26.6819 13.8529 14.903 20.0184 -10.324 -15.9834 12.7889 -23.4272 -19.964 16.7867 14.667 11.1174 8.42797 -2.13558 20.3131 22.4728 -23.3102 -12.4873 -22.8196 -0.658042 8.80776 9.24401 -15.9215 -0.781681 -9.76578 11.0466 -20.0857 -0.0265192 40.086 5.31912 23.9178 15.4976 0.512395 -6.68775 8.04564 -3.02902 -10.687 10.9642 8.46678 3.91698 -4.90229 4.16302 -13.9513 -0.354328 -9.87263 9.50886 -18.0904 -14.3003 22.3229 -0.676021 16.3917 -12.7509 -0.451836 -7.28724 3.04494 5.76245 -14.8949 -8.93669 -4.37394 22.1413 -6.53067 -23.0048 10.5647 1.14411 5.0085 -9.19082 0.185729 -3.91295 28.2833 4.18577 3.93259 3.45718 -10.7699 2.46957 -13.1441 0.248233 -7.18128 10.9985 -4.86308 -29.0994 -4.58837 -5.22307 -7.67296 18.9903 2.24542 13.7698 8.09617 -15.0823 -20.3892 7.80243 4.89386 6.82892 12.329 -5.52936 7.44522 17.3394 8.75428 -5.01587 -4.82246 8.70706 -3.88108 4.52826 -20.3455 9.16712 -20.0092 -1.46116 -1.49108 8.6039 0.898993 -17.477 9.00589 -6.86486 -11.1818 18.4918 -1.51115 -1.90521 -17.2719 3.9684 -5.45522 4.77601 2.0177 18.7349 11.294 -14.7147 -8.28095 -0.996959 6.85777 1.55678 9.79281 7.5204 3.28829 8.42447 -1.92746 -8.09865 -10.4808 -14.0778 1.42592 13.9868 7.49692 -15.7449 5.09903 13.0115 7.01522 0.203949 5.09576 7.93367 -7.04456 0.579835 9.53835 -4.25216 -5.36718 8.33607 -0.80501 4.17451 -0.757606 -20.9612 -0.653559 -12.7563 5.55295 -10.3501 6.21435 3.69107 18.5184 5.94549 15.307 -10.2148 1.36314 -29.3888 -5.74464 0.565741 -3.39577 9.94163 2.15869 1.38949 -8.56074 21.3535 -3.23626 6.32031 -11.331 -13.9323 7.34802 -16.5558 -13.0402 -9.88404 -9.06067 16.4453 10.5979 0.408908 -0.430255 -3.98047 0.196394 -8.73557 -5.40162 1.29135 -15.7326 -38.4191 -18.0596 17.2654 -15.2693 11.518 5.45127 -12.866 -43.1072 -23.9563 -24.8953 17.3877 -4.22578 -3.72771 -20.4501 -36.652 -10.0411 29.1934 
6.73727 -5.24422 -23.0979 11.4253 1.74633 7.3662 -10.6897 -1.42671 -0.0572015 10.93 2.34275 -2.02174 18.9833 -17.5588 -4.98917 0.0112925 10.4989 -0.0528141 5.69724 6.15328 -5.07964 8.24442 -19.7329 -6.99246 4.31253 -5.68706 6.62463 -8.25833 5.49358 10.9611 -6.86508 -4.21488 20.1987 4.16848 8.5822 12.1419 -7.65782 21.8203 2.76266 -1.68359 -7.95142 -4.20516 -1.2851 10.663 12.0169 -20.1665 -2.07374 -1.61156 11.4644 -23.3653 -3.63015 2.24364 4.64613 9.81604 12.254 -10.8262 -12.4565 4.63613 -15.8197 -2.3628 2.13391 6.46154 9.08278 -1.94265 1.88787 -0.122262 3.11265 -8.27365 8.43649 -18.0037 -13.5325 0.0677044 -7.16429 2.97876 2.62195 -1.38962 -1.92144 3.48479 -2.71839 -5.61832 -6.85962 -3.2612 4.67415 -2.15412 4.79036 5.9714 -10.169 11.0657 6.38252 -5.09818 -2.50172 1.34882 -0.387205 8.92771 -0.318393 -6.86857 1.42966 -1.42036 -7.26786 -3.64047 11.2321 1.14359 -5.77346 1.2835 -13.0147 6.95323 16.6154 0.92757 9.73317 12.1777 -12.3945 -2.21589 -6.79362 14.6199 8.65294 -2.95879 -3.9307 6.86697 11.7586 3.0822 6.6614 3.53649 0.601929 7.43594 1.5393 -12.2734 1.632 -13.0383 -2.62746 -4.68804 0.251636 3.04439 -7.20216 3.25461 0.0554991 0.76587 9.29449 -7.10738 -1.32916 -0.199439 6.78852 7.43398 6.12727 1.07342 5.92275 6.09786 -5.66432 0.405988 6.37421 7.31149 -9.68847 2.93582 0.371195 -1.93754 13.2388 -3.59566 0.820198 2.00216 -2.81251 4.89044 10.4964 3.14319 -5.1635 1.93854 1.58367 7.79269 -6.79408 -7.52678 6.80854 -9.77687 -4.24401 1.90186 0.77701 0.842773 -1.70607 -3.83591 6.38445 1.78094 -10.5363 -3.51933 -10.6201 10.8016 -4.25399 -11.5054 -3.62175 9.45517 6.37636 13.9082 -9.74694 0.277446 -10.8789 -2.56769 -5.57873 -11.1743 6.41615 6.57472 7.13322 9.61075 1.41443 -1.7578 7.9034 -1.03718 -9.15562 -4.25668 -11.2062 0.336079 -7.39147 -10.1998 7.43139 6.87282 3.80748 1.48132 
2.1244 -4.88003 -9.39155 13.7617 -10.3414 -0.699677 -3.9115 2.1487 6.60299 2.48217 3.8691 -6.89986 8.92299 -2.73839 -11.7868 -6.09875 13.5494 3.07191 -3.07556 0.314822 -5.99768 19.9012 -6.97233 -15.5277 12.1772 14.3429 3.00895 -10.6134 -2.59106 11.1455 -9.94818 -8.82938 8.28008 0.190749 10.0758 1.52213 -5.75935 -0.590464 18.2371 -10.6163 -10.1268 -3.72022 12.2859 12.4323 6.69438 -15.8102 4.9414 -3.17063 11.6383 -17.9549 -2.39334 8.17355 5.09037 0.824196 6.18752 -4.45774 -6.62912 4.96372 -2.78824 -6.85519 2.94421 7.67887 -0.0327331 -0.420581 -0.634827 -2.39525 6.57472 -2.52492 4.36018 -11.7921 -1.33807 0.566152 -4.1041 5.25016 -1.65924 4.0324 -5.2145 6.87522 -0.900947 -6.16628 -6.41572 -8.64857 4.3312 1.90756 -8.06451 13.9267 -10.5882 7.01821 -1.12935 -4.36555 -1.20984 8.625 -8.55255 6.8946 3.30045 -5.80912 1.22105 0.907165 -4.53728 -11.3056 4.12494 5.18442 -10.4003 -2.95035 -9.46243 4.02013 9.00008 -0.210508 12.8271 6.81685 -10.187 -3.23864 -10.4812 9.40928 6.6997 2.37621 -4.74771 6.01837 9.18087 3.96569 12.3908 -5.60928 1.00378 6.66838 4.28035 -15.0497 -0.816729 -11.2222 -3.47094 -4.08321 -0.282501 -0.556606 -5.49841 6.2915 -7.69671 -1.12854 7.61347 2.21454 1.44052 -4.5735 0.0429675 -2.87201 7.81691 3.06622 9.95835 4.85102 -10.2375 -5.3099 6.46084 8.40898 4.36048 9.87794 -1.06069 7.15043 
3.16287 -14.2546 -13.466 7.74477 -8.82983 -2.72389 -13.297 -3.13016 13.6659 3.53581 6.85139 -8.99969 12.7768 -16.7725 -4.12867 -7.40225 14.1132 7.6478 -7.89943 19.1415 -11.9934 8.63974 -14.2804 -9.3106 8.23694 5.70515 9.10641 -13.4301 -9.98318 10.574 -0.0421469 -7.79795 11.704 -6.96165 4.46052 8.02732 -7.96637 4.32226 13.1079 -2.38211 -8.72418 -22.0307 8.77257 4.44191 11.039 -3.94206 13.0687 -5.65315 15.3673 -22.1152 7.24121 17.658 11.69 6.87551 6.49217 -2.16325 -0.855228 8.35855 -9.23256 -7.21601 3.55136 7.93706 4.83128 -8.5932 3.97279 -3.20923 6.90488 -0.430523 5.57451 -12.3638 -3.8031 0.953586 -5.71255 2.53417 -0.248274 6.21038 -6.9038 7.38589 -7.35556 -7.90741 -0.282282 -4.79095 5.70349 -8.56162 -7.74596 11.2918 -6.03742 11.5353 -1.7928 0.159395 -4.65656 5.74351 -12.8028 5.13894 -0.99782 -3.89607 1.9924 -5.64984 -4.73308 -11.7792 6.97749 5.83717 -6.29423 -1.06722 -3.78484 6.60251 7.30532 -4.19413 8.88128 6.62791 -7.02183 -6.25437 -9.4228 3.19752 7.10517 -0.180054 -10.2405 
12.0419 -18.1521 -13.0865 22.962 -20.6029 1.28782 -12.8762 -13.135 10.4652 -6.49463 13.4079 -12.9272 14.8078 -17.0921 -8.96152 -12.7856 12.9771 8.97234 -2.49207 11.9142 -15.1784 19.3907 -22.4043 -10.2868 11.8748 14.0445 14.0242 -10.6503 -4.71868 3.02493 -7.69881 -13.1903 12.4198 0.958729 6.94655 15.9418 -14.143 12.3348 19.0366 -1.82586 -22.3392 -12.4257 6.75224 10.3534 15.1241 -19.406 4.19577 -8.73777 23.5625 -17.7437 18.3766 12.2523 14.5732 7.88168 11.1486 -3.13783 -7.92647 7.18947 -14.2133 -8.01372 6.19145 4.36983 9.74114 -3.47042 7.79617 -2.88171 6.63836 0.881955 7.30512 -10.0242 -12.0094 0.860026 -5.32273 5.069 -0.844778 3.05498 -15.4258 
9.97258 -24.6476 -16.6624 24.0882 -18.0509 7.77648 -18.8407 -15.6817 16.9329 -17.5147 17.742 -31.6457 15.1456 -19.7383 -23.9718 -14.6713 19.8747 13.2692 -11.2837 7.12435 -22.353 31.9917 -24.4909 -10.782 9.27497 17.508 13.0513 -25.5906 -24.9158 14.4403 -8.8306 -17.5303 15.0292 -17.9341 19.7571 21.4641 -22.8386 4.23918 24.2644 -8.99444 -15.3241 -27.1741 12.0786 13.1704 17.0058 -24.5327 16.7004 -17.108 
12.5876 -35.1461 -24.1536 35.4857 -25.5164 15.7797 -22.0277 -21.9203 15.2296 -19.6257 27.821 -26.783 27.7829 -26.1613 -18.2154 -21.0753 33.2681 22.7412 -9.13481 29.288 -29.9136 39.4837 -31.464 -29.357 30.1369 30.3599 27.5815 
29.9596 -44.5843 -39.4452 35.4806 -38.9825 23.9618 -37.1844 -27.4417 27.2233 -27.6541 35.545 -51.7505 24.9899 -25.6242 -39.9055 -28.0325 46.8915 23.6446 
36.8742 -61.8278 -48.7049 54.2594 -52.1269 49.2695 -51.8751 -44.4943 36.3903 -45.965 47.8164 -59.2266 38.6315 -32.9346 -47.2063 -37.3793 50.9957 
56.0375 -73.3506 -57.9553 76.8584 -68.4213 50.9852 -66.1099 -73.6649 53.6828 -74.284 58.3813 -77.4411 60.9457 -44.7181 
73.1879 -88.9838 -72.404 89.338 -82.6178 82.5958 -84.593 -94.5905 60.8133 -81.9245 73.8948 -90.9831 
89.6854 -98.9073 -106.406 115.361 -115.934 88.2255 -110.532 -122.018 72.5626 -117.356 84.5129 -115.419 
96.6004 -134.679 -123.439 137.139 -137.949 102.945 -132.873 -142.376 85.5152 -136.788 101.434 -132.258 112.501 
105.922 -153.815 -131.83 171.307 -163.917 124.85 -157.297 -158.493 102.651 -161.897 97.9288 -153.554 
124.759 -154.47 -130.091 187.006 -160.327 145.135 -173.985 -165.698 108.165 -168.281 111.188 
131.439 -177.163 -148.999 217.007 -182.013 163.15 -188.215 -185.134 108.723 -178.639 136.891 -198.736 152.769 -122.025 
136.881 -184.022 -148.22 226.462 -184.477 164.835 -191.646 -198.068 120.604 -164.202 126.284 -212.433 
110.088 -182.423 -145.395 221.263 -188.496 181.758 -187.226 -213.433 121.446 -180.228 113.57 -235.673 141.236 
94.018 -199.767 -140.53 196.425 -187.092 167.358 -186.724 -212.607 102.156 -157.839 111.801 
83.4261 -179.44 -115.34 207.943 -177.837 174.83 -171.455 -187.125 77.7594 -162.461 80.198 -213.649 
62.9105 -130.045 -105.477 162.919 -164.823 175.033 -124.137 -159.599 65.8693 -137.169 58.4913 -176.438 
50.3326 -114.314 -75.7892 140.636 -118.614 122.687 -77.5102 -132.398 95.3212 -105.394 41.1316 -184.499 67.8351 -82.6718 -68.635 -126.569 97.2604 71.3492 -83.5619 104.718 -105.849 127.52 -126.213 -136.567 69.1022 85.6852 114.614 
47.0183 -73.5874 -67.5304 81.3583 -96.7691 106.024 -58.9514 -58.2123 46.8897 -77.9755 27.3883 -127.998 29.3761 -47.8868 -65.7157 -87.9322 61.9886 58.401 -34.2421 83.0354 -47.1755 91.159 -113.93 -104.031 49.951 52.9591 114.483 -80.2314 -87.3919 90.6034 -112.362 -71.2441 97.6303 -84.5216 99.5097 55.9328 -114.295 107.737 110.63 -102.202 -78.2421 -118.191 94.3706 50.5309 74.4479 -82.7733 118.718 -83.7743 102.988 -56.0356 55.8356 
27.5573 -28.7682 -46.8173 43.7452 -45.2086 37.8022 -46.4428 -35.7357 26.6979 -59.5435 37.46 -78.7617 9.44398 -45.3928 -49.5452 -27.8245 42.8497 37.7064 -13.473 47.7427 -6.77256 52.9114 -71.1607 -82.455 29.6941 34.1175 63.5522 -83.7421 -44.1437 49.6941 -51.1416 -67.9794 52.7895 -58.9924 92.6315 33.1856 -68.9631 60.0098 42.8309 -31.9137 -36.7129 -79.1653 35.213 21.1023 20.7525 -61.0189 82.6857 -62.4831 59.5292 -50.2301 16.3463 122.271 37.7893 91.0606 3.53022 -23.4337 -21.1619 38.0497 -44.361 -22.656 11.3456 6.5036 36.0956 -17.3824 35.1277 -9.79691 26.2682 -1.96968 40.4215 -14.5773 -24.0139 30.3838 -9.88754 48.6289 -12.4609 28.4145 -36.7397 7.50613 -17.4792 -21.8555 -0.48952 -16.3806 31.8811 -15.9108 -8.68053 21.414 -16.2373 9.59389 -11.0339 3.33732 17.9067 42.404 -32.4935 
-10.7417 -28.3072 -7.67832 45.8711 -25.5619 24.197 -25.0651 -18.6502 -4.12382 -27.3044 -1.9903 -51.4237 16.5218 -30.2768 -22.2084 -22.3433 30.0532 48.2345 -4.24238 22.687 0.266974 33.3886 -25.6158 -39.3916 20.6838 4.22663 66.3107 -47.808 -7.28231 14.2664 -28.0404 -17.8339 38.0422 17.9069 44.144 -1.04812 -14.692 8.84325 35.0402 -25.5613 1.50891 -47.3431 2.3019 -5.2611 -8.57913 -49.1501 46.5284 -1.29203 50.0514 -27.5145 -15.6852 41.174 17.4758 48.7534 19.195 -15.9936 6.54493 17.3339 -13.3829 -17.8834 8.02224 5.96036 11.8458 -2.92347 16.2921 -17.2957 -1.20041 3.14387 26.6286 -12.2088 4.83654 29.5731 -12.9808 11.2245 -0.0253887 5.96726 -19.9938 16.0888 -24.2646 3.59963 12.82 -20.699 0.547839 0.727895 -4.95716 24.0857 -20.0674 29.3912 0.0897497 3.1586 -7.6144 36.9307 7.5784 4.34482 0.974262 -17.2842 -2.74302 -4.81628 -16.8649 -17.6562 10.6599 16.6326 -30.6178 5.90757 -8.68922 20.0255 30.0914 -3.7906 24.9778 16.7714 -19.955 -19.9858 -20.1144 9.40201 9.99231 14.0933 -6.32248 12.1575 15.0638 15.9609 5.95112 -14.3774 13.2007 -0.0755114 11.3811 -16.8779 -7.31924 -14.4264 1.06456 3.49339 4.83069 5.08746 -15.1121 25.3477 -0.988248 11.1515 27.7366 -22.1827 2.75742 -4.60064 -5.4757 -17.1401 0.122548 13.672 19.7263 29.5465 -12.1686 -9.72095 24.9418 14.5408 5.55232 9.94029 -3.95683 13.782 20.0875 -4.87411 -3.76845 -2.76516 -16.979 6.60259 8.40078 -0.740272 -24.7394 -9.79994 18.8054 11.5076 -10.748 -10.9745 17.8105 -27.3676 -28.6758 -9.86838 -24.7575 -1.47676 13.511 24.323 6.12225 -8.88349 -28.357 -9.98056 -28.9213 15.9192 -6.12332 0.728083 -16.8333 20.3935 11.1934 9.40066 -21.7073 
15.4002 -3.17002 -2.27025 15.7091 -9.55301 9.71383 -14.3074 -21.3189 16.8278 -5.55359 -7.07219 -7.79174 14.3625 -7.43344 -5.47964 6.15035 0.235762 4.77154 -9.75866 17.945 -14.4868 32.1337 -15.9557 -10.9062 9.73197 26.7982 23.9486 1.64203 -10.9203 11.3017 -10.9784 -18.7229 6.46561 -4.52492 2.97878 8.59736 -11.0929 9.40049 3.2599 6.2404 -1.81704 -18.4484 -14.4137 7.2667 24.1528 -25.4258 14.568 8.45943 11.7025 -30.4778 0.140481 19.2857 3.73738 3.95334 4.81048 5.84432 4.91837 7.18854 1.24796 -16.0542 8.09909 16.1449 -7.4991 0.938748 7.00759 0.166466 0.274595 9.36956 3.77136 -8.39449 -17.4907 8.80927 -10.3896 14.3341 1.13892 3.50997 -14.4573 12.4224 -0.922118 -9.21081 -7.96665 1.76335 1.44423 4.78318 -14.6228 10.7853 -6.57442 2.01352 -9.95624 -1.76272 -10.559 17.3079 3.46915 6.9744 8.06614 -0.617203 8.7359 -8.01628 -12.521 -3.57439 12.4097 1.26793 -12.4967 10.4873 -13.5187 1.20816 7.98749 2.56204 8.22828 14.9529 -17.092 0.647183 -4.67765 5.94454 5.03303 10.4763 -4.17836 2.73601 17.2253 4.70518 3.4267 6.35376 3.1864 -6.23038 -3.9398 -18.7478 -13.6648 -11.4438 -10.0309 -17.106 -4.53139 0.795667 -11.0452 5.045 -17.6251 10.6234 8.12683 -9.87412 6.72928 -0.276901 -0.839194 1.19273 -1.00715 7.42703 11.1538 13.8195 -10.2415 7.27626 -0.863359 11.6952 -3.31496 9.50037 -5.95744 2.84886 5.32407 -0.213913 -1.54 7.12666 -10.4094 4.54463 1.12193 12.2445 4.07459 10.8523 12.4257 8.40362 -4.49895 5.93478 9.87142 -10.5034 -10.0384 -2.07874 -9.52245 -1.62406 1.6702 1.768 7.71844 -3.39956 -5.09762 -7.23956 -13.7457 6.49497 -4.06873 -4.44755 -12.9278 16.0427 7.21681 -3.67891 -5.39391 -7.39758 -2.57265 -2.9785 4.2507 -1.0592 17.9911 11.539 0.278017 3.29275 12.3706 -3.84134 14.2893 -7.69758 -6.53871 2.95082 -8.72986 -4.52734 1.15112 -9.1766 3.66367 13.6073 3.13858 2.42323 -1.52223 -5.88224 -2.0396 -6.67611 -0.683318 9.02728 -31.0319 -29.6408 8.16502 -10.2004 2.35517 11.27 -8.79923 -15.3271 -15.4103 -24.186 14.285 8.08884 6.55668 -27.7289 
-0.102475 -2.54135 -9.92743 13.3411 -8.27282 10.7879 -4.52902 -0.254081 7.6027 7.00222 9.60878 -4.10476 8.15752 -13.7599 -8.61168 -2.81513 18.1844 -2.65238 -5.40402 13.2273 -9.86486 17.0084 -6.29271 -11.362 7.91586 10.4872 0.150124 -9.0301 -12.5993 12.8863 -1.86258 -4.24251 6.58148 -2.13734 8.65761 6.15265 -7.01149 -5.44552 15.5983 -6.05476 -6.33881 -2.76842 11.5783 10.4133 -8.39044 0.851646 7.07915 -11.9544 5.79666 -3.80069 -1.01737 2.97778 3.73775 2.40811 5.74764 -6.02363 -8.74394 -0.970688 -5.38928 0.679223 -1.03951 6.00639 9.20338 2.39154 10.8304 -2.20147 6.62512 -1.31285 6.88129 -7.9897 -2.21852 8.54254 -4.72859 -2.50887 -8.25268 -2.3552 -5.12479 10.9193 -8.29294 -2.93526 -4.79416 -3.26666 7.51607 2.25857 -10.7753 11.9251 -7.21394 9.09247 -4.94579 -9.33532 4.32677 5.42979 -3.17828 13.5857 4.79004 -8.45415 6.5826 -4.40655 -6.22882 -11.9339 8.92098 9.85313 -0.787126 -6.19736 -7.07204 0.796761 7.23106 -0.507647 6.39663 6.68269 -6.83908 -9.90827 -11.0742 6.81901 7.16414 2.75022 -2.56941 4.90969 5.86978 2.78269 5.67125 -6.69873 -5.94116 4.27443 6.02253 -3.55595 -0.992947 -7.32704 3.49398 -0.398742 2.49113 4.91099 -7.19014 5.94156 -6.52779 4.40133 6.84072 -1.06829 6.21645 -5.95566 -1.16733 -0.520805 6.71997 4.63561 5.36369 4.95249 -2.58123 4.37737 10.4669 11.5626 -1.46911 4.50647 0.298936 3.09698 9.84795 -2.34727 -9.23843 0.113162 -5.59273 4.35809 -2.20796 4.51075 2.35797 -2.59146 10.8304 7.58079 -6.87429 -3.99044 0.902831 -1.31255 -4.39115 -5.00827 -9.65353 -3.10878 4.36023 12.106 5.86891 -1.08131 -0.870872 -15.7019 -3.90316 2.34153 -6.11781 5.34991 1.03922 7.80939 11.553 5.4174 -7.27185 1.01012 -8.28515 1.27298 -4.54427 -6.91316 5.36681 0.446296 4.74055 2.69152 15.1496 -2.28676 5.84107 -1.03332 -3.83645 -6.11206 -10.0741 -3.38773 -9.33957 -2.60921 1.14988 2.78581 -4.36534 -1.63669 
9.93284 -10.2366 -10.4981 4.46058 -6.56681 -0.567438 -12.8305 -3.44665 1.92063 -11.0575 7.10251 -15.1588 1.50413 -2.2262 -2.63425 -2.65562 4.86257 6.3149 -5.78913 1.939 -3.00796 6.29613 -9.87083 -6.49416 9.38199 4.15392 7.21397 -11.3304 -4.46159 12.6651 -3.4388 -7.31985 10.6958 3.1461 3.23304 6.2796 -16.3879 7.70952 14.5394 -7.25632 -7.96019 -5.85233 4.38389 2.58175 11.4295 -12.8837 6.25021 -9.23185 15.6725 -20.2371 -1.51491 14.3447 5.5538 10.961 7.84252 0.512211 -3.87693 10.3661 -8.41758 -8.1977 4.78117 4.55204 7.81643 -1.61571 -1.17518 0.901693 6.50147 -4.03305 4.60693 -7.92945 -7.47994 0.58915 -6.19767 -0.592192 0.670811 7.16983 -8.68963 4.14354 -1.95947 -5.23427 -1.15928 0.331591 4.26874 -2.69374 -6.40751 10.3328 -7.83649 10.0017 -0.196308 -4.00187 3.13728 5.95742 -6.79279 3.59521 -2.34322 -6.13016 6.36386 1.01149 -2.68462 -12.5436 8.55907 4.11996 -3.96666 -3.86557 -9.7495 3.00607 16.453 -3.89424 10.7038 7.87774 -5.17235 -6.87442 -11.0851 5.616 6.72666 2.12393 1.28428 -0.0745857 3.72399 3.58919 4.77323 -3.90999 -3.49859 6.34609 5.54604 -13.9416 0.209314 -13.3621 -2.3646 -5.65121 
2.19323 -11.8034 -9.39145 13.2875 -11.4394 2.92838 -9.50931 -8.55364 13.585 -9.59045 10.5934 -16.9739 5.02403 -9.66699 -9.03021 -6.67071 9.64674 8.31595 -2.4334 1.47704 -13.7703 7.55012 -13.6468 -10.5364 13.6126 5.63779 5.63028 -15.6304 -12.8931 9.14032 -6.14825 -10.3054 8.13655 6.08715 -0.322316 14.5737 -10.9546 7.64788 13.9677 -8.02259 -7.6549 -13.0513 4.32627 9.15226 10.9181 -15.252 11.4151 -0.95419 13.7406 -17.2885 8.52271 11.7232 10.3991 4.49999 9.72167 0.312203 -7.14976 6.37548 -7.18623 -8.23349 7.68874 5.24305 6.09253 -7.77972 6.12786 -0.907582 4.99213 -0.73686 9.24707 -12.072 -13.2613 4.85001 -5.84809 5.2668 -4.98584 5.11891 -11.9828 5.89836 -1.20552 -4.58099 -5.23061 -2.72834 5.25946 -7.43041 -2.53484 11.158 -8.91994 7.13567 0.952938 -1.79096 -4.00425 7.96047 -5.15975 6.62296 4.29631 -3.51993 4.59353 
