13.4395 -14.3345 6.09549 10.1898 -3.38617 -12.3762 6.28325 -12.2613 -8.20482 15.1179 -6.22825 5.27842 -5.5244 -6.59292 -5.30827 3.09324 -4.1911 14.9018 11.9478 -15.2779 9.19074 7.87662 7.48094 9.54923 -11.0388 6.35552 -8.83249 -4.61688 4.93188 2.07483 1.53905 6.18709 -13.5875 -9.4117 -11.125 -4.12245 -9.33176 11.8491 -9.49849 3.85552 -5.54485 13.6781 10.1642 -5.36805 8.42911 -15.9934 6.61656 -5.82801 -10.3857 -6.79206 2.33538 -8.41965 -7.68193 -12.078 -3.92577 7.38595 -3.26455 -0.996074 5.87452 -3.92561 7.98226 5.11136 5.61979 6.43472 
18.0468 -18.3405 11.7764 18.0717 -13.7118 -18.7055 10.0673 -17.5252 -9.81116 26.3419 -12.9968 10.7311 -13.575 -14.4357 -9.33066 8.18652 -5.62799 23.4777 18.0999 -21.6187 19.1684 11.7267 15.107 11.1649 -17.1489 12.6199 -11.6868 -18.6877 14.0338 9.41173 11.7415 9.04342 -19.7618 -13.5999 -18.3496 
33.044 -26.5103 24.4641 25.0044 -32.0391 -33.4047 25.0414 -26.9825 -21.8232 41.1817 -19.5862 19.0469 -29.6831 -18.991 -23.8598 19.8511 -12.4822 38.839 24.527 -40.5528 30.6652 26.8829 20.0456 27.3214 -27.627 18.3068 
53.8658 -44.8595 38.0779 42.4541 -48.0492 -45.9208 41.5907 -33.6278 -33.2992 56.0641 -33.5593 38.4964 -44.5231 -30.9576 -37 38.0362 -18.6617 48.712 32.6077 -52.1005 48.8297 36.5703 38.6993 38.6936 
77.6743 -59.7032 51.6071 49.4382 -68.4611 -62.1996 59.527 -43.9802 -46.4449 70.9644 -48.7536 54.1119 -62.6455 -41.2255 -54.5108 52.8218 -26.5196 62.075 43.8983 -69.7238 63.0293 
98.1904 -75.1835 67.8961 56.0917 -89.0525 -76.0236 68.9971 -40.7238 -67.1128 86.9834 -73.3167 62.1043 -78.5595 -51.7556 -71.489 70.8481 -47.119 86.727 64.3822 -84.8321 
112.28 -91.5508 92.1811 82.8153 -105.911 -96.4505 89.5582 -45.7631 -83.9975 95.4381 -85.9293 78.1264 -99.6176 -66.5412 -83.3837 
123.197 -102.706 99.3145 116.78 -129.213 -116.195 102.875 -59.6881 -101.327 119.815 -109.355 89.9684 -108.697 -82.9083 -99.7086 103.716 
139.255 -112.732 108.022 157.938 -151.147 -130.367 121.433 -73.2476 -98.4393 138.971 -128.907 113.464 -118.54 -87.031 -117.287 123.182 
150.682 -118.393 131.949 154.239 -162.02 -144.557 128.81 -73.479 -111.132 146.143 -131.318 107.336 -119.746 -95.0528 -108.81 122.955 
154.571 -96.2682 118.957 153.06 -164.96 -122.206 112.241 -75.9105 -91.2652 137.351 -132.79 78.0206 -103.682 -85.1433 -107.036 126.206 
132.914 -90.1607 93.2335 154.894 -139.707 -118.808 95.6335 -58.4988 -67.7801 122.775 -118.749 68.3792 -87.1848 -77.4938 -99.2385 78.4136 -44.8644 111.462 36.2283 -134.099 73.7998 84.5807 85.0632 88.2966 -102.76 103.319 -63.5564 -123.628 97.5258 
86.0065 -68.3104 69.601 95.1937 -105.629 -96.6734 71.4644 -64.286 -44.4926 115.114 -83.4298 45.0684 -74.9596 -50.7148 -66.4834 49.3346 -19.4247 93.7083 20.2974 -117.433 43.9377 84.7647 60.7742 60.8209 -55.8449 86.147 -33.6351 -113.979 90.4538 61.9736 46.2357 50.2624 -80.3042 -89.2061 -74.607 -103.323 -38.9105 57.8229 -101.289 42.7515 -105.395 83.8115 79.5141 
57.4696 -41.9706 39.1784 55 -53.4375 -85.8163 57.6369 -50.8414 -16.3412 87.8678 -63.4208 34.5345 -51.1832 -26.7415 -67.0024 16.6347 -9.29797 63.6099 -4.14533 -84.2959 23.5405 60.0438 43.0916 33.2735 -51.7334 64.9132 -51.1067 -57.5614 57.6993 62.0164 38.2143 13.738 -37.3345 -52.6079 -55.6338 -37.4643 -34.7285 63.9551 -57.1612 26.5032 -51.6964 59.6683 70.0253 -16.3618 57.7695 -85.5572 29.1896 -49.1261 -55.7499 -78.443 75.2994 -89.5542 -68.8834 -69.8245 -2.11174 31.5863 -18.1084 -18.7784 19.7526 
52.771 -38.8875 28.9909 31.715 -34.7684 -47.7281 30.3339 -24.2788 -3.32982 45.2894 -35.1744 33.0903 -22.3591 -21.6857 -54.3605 24.4568 7.01641 29.8055 32.0471 -59.4871 27.6389 24.9703 38.3002 20.177 -47.303 32.041 -26.0961 -51.6368 40.9406 50.2622 52.8599 23.5624 -46.8937 -37.2967 -40.9951 -34.2636 -37.2181 32.7103 -37.6722 3.31903 -38.4126 45.7982 56.9798 10.5242 32.9764 -59.0116 26.2906 -23.0499 -45.6189 -47.869 42.1807 -28.1566 -58.397 -69.8434 -2.61463 9.20253 -14.9554 -6.54979 17.9918 -38.3825 23.1666 6.22675 17.3294 30.0549 30.5335 -16.32 -31.6133 24.2279 -16.054 16.6656 18.9848 -17.0968 7.02255 -22.1994 -23.7727 8.91607 -6.49919 -15.0702 5.63132 15.8634 7.44811 16.3846 6.93063 -21.7674 -11.1201 -0.445938 -22.4351 2.09438 21.2636 10.4386 -16.0476 22.6418 -20.0445 -0.726796 22.0827 0.515378 
21.8835 -47.2345 33.4936 36.1573 -30.3885 -30.6014 17.3776 -15.4187 6.27158 39.3334 -6.03857 17.9557 -0.311285 -21.7671 -3.71683 -7.42666 5.78667 37.2327 39.8435 -44.4293 24.458 9.47446 12.145 39.3167 -24.9505 11.7298 -13.7168 4.24154 20.0694 3.68017 23.3935 36.3558 -42.8676 -57.0368 -19.2417 -10.165 -51.0936 31.6119 -35.4822 19.0435 -15.917 21.3286 35.6599 -7.45041 21.8247 -34.6908 25.2728 5.58631 -35.3023 -14.9881 16.2993 -13.8732 -22.5642 -25.8628 7.94361 12.9776 -5.66435 3.03146 5.52029 -27.7167 6.69346 4.84624 16.6922 16.056 14.8167 -4.84375 -22.2446 14.5607 -23.7607 12.5583 8.16496 -23.1018 -1.71659 -16.0112 -18.5211 11.609 5.45009 -18.2026 16.5741 4.63786 -5.65577 0.730672 -6.31145 -19.5771 -2.01163 26.7541 3.95101 -2.80297 11.8787 -2.35404 -10.7508 5.68932 -18.1962 9.48544 14.2077 13.8649 -15.0684 -1.98101 -20.099 16.9135 -14.7804 19.4749 12.2579 -21.1581 -12.887 23.1088 -9.89925 10.3316 16.0696 11.2079 -11.7757 -2.72968 18.2569 11.5933 15.1821 -12.9982 5.9095 -5.18724 6.32051 6.48371 -6.70638 15.7378 9.56692 5.06974 -6.43033 -3.22425 21.4425 7.29441 -19.2931 15.1657 -15.6367 -6.3794 -20.3352 -19.1659 -7.82081 17.1346 -13.224 -8.4026 11.7761 11.297 5.39356 -9.30494 7.651 5.2468 -11.3239 
13.5859 -18.1585 15.4024 10.6836 -19.0937 -14.3838 -6.83556 8.6519 -17.6339 10.8496 2.55446 10.5898 -23.5997 -25.1091 -16.9277 -10.8336 2.61102 15.779 21.3711 -13.6105 20.4101 17.1097 15.5337 12.5052 -7.24681 9.9466 -17.7506 -13.5082 11.4281 11.7047 14.3983 5.74894 -8.51182 -17.9201 -16.9405 -8.37231 -14.8653 11.2172 -12.3638 -1.67503 -7.37069 6.06665 7.25054 -18.7858 33.3971 -15.8471 10.6768 8.26992 -28.3528 -16.905 16.7328 1.89472 -24.0057 -18.2853 -0.736652 8.94791 -8.15089 -4.99317 1.76866 -12.2757 2.13919 8.13598 4.18591 22.8302 2.89744 -9.45977 -4.60907 14.1574 1.404 -3.80933 3.53378 -6.61788 8.64438 -3.98724 -16.3802 5.66113 15.4733 -2.82483 6.69732 3.6077 9.38222 -2.11978 -7.48239 -2.39501 -10.5798 16.8013 -8.70719 -2.69383 10.9202 15.8846 -24.665 -2.72285 -12.1912 9.92548 1.65537 0.38548 -6.05783 -5.3265 -11.361 3.40995 -4.28343 7.15495 1.84395 -14.1655 -8.3382 17.0822 -13.1967 6.84844 13.9766 12.5038 -2.75771 -14.3523 14.3147 13.0209 0.260602 -7.43644 6.75348 -18.3701 -10.3933 -5.11914 3.70448 9.63496 4.79782 -1.67514 -0.176054 -7.18062 2.42285 7.56075 -10.0277 11.4558 -11.4528 -8.35486 -5.21529 -4.87618 -19.9592 0.357942 -6.86077 -0.57504 0.219977 11.1459 -12.958 -9.38995 6.36281 -2.81068 -0.185223 14.6924 8.9166 -3.47936 8.83249 -7.86576 16.0935 -14.1922 -9.5636 -9.0053 11.8914 -14.4649 6.80041 -9.61002 2.52509 -6.52165 -2.16423 0.113474 -15.4264 -10.3031 -18.4979 -6.99616 2.00233 -7.61178 -4.73912 -3.94975 5.69989 -6.22539 -8.92406 -6.97739 
20.0089 -2.0421 -0.913607 3.53066 -7.87301 -21.9923 27.1691 -2.26632 -6.42494 12.7495 -3.46931 -8.1369 -20.2008 -5.17421 -8.33002 -1.46007 -2.13968 4.91639 4.69886 -7.42718 9.8637 15.5315 2.82733 13.5241 -6.94387 2.44851 -16.0729 -8.41346 3.15406 7.33456 1.52167 8.28871 -14.355 -10.4505 -18.8498 -0.23375 -12.7514 11.8053 -28.284 -4.53964 -12.3527 16.9546 11.9808 -8.14247 13.312 -9.91643 -4.77201 -7.49437 -9.14371 -11.1459 3.39333 -6.27392 -15.9015 -19.493 -1.27162 12.4878 -10.9633 -5.37092 5.04269 -1.73975 13.627 1.34615 -0.435899 9.49101 8.74383 2.08135 -3.05429 1.41566 -8.86813 8.70508 -3.81238 -8.42468 10.556 2.37862 -6.01034 7.09301 -4.36632 -9.66836 11.6782 4.90296 0.235869 1.96882 -2.73117 -9.70157 0.41385 2.98459 -6.07548 -5.25813 -1.00551 8.67783 -10.5869 -3.40326 -5.97265 3.63507 10.7673 3.10658 -1.46226 0.734454 -7.86317 6.03497 -0.101834 9.82103 3.70893 -10.9024 -11.6216 0.735953 2.37819 3.65056 6.32824 1.22688 4.9557 -5.34264 18.8187 15.1035 1.49814 -11.3521 5.42826 -8.38863 -5.1538 -7.65771 -10.6938 5.42936 1.19244 0.784252 -2.44917 -2.51821 1.13255 9.36464 -12.2263 8.39173 -5.66577 1.56851 -3.07944 -6.25349 -9.53918 6.5495 -4.91093 -5.51272 9.5651 10.3791 -1.78667 1.21756 5.51426 0.287629 5.15787 6.60942 2.49575 -5.88098 9.62295 -8.76447 7.00301 -8.65625 -8.18634 -4.16168 6.96425 -10.0455 3.85674 -3.65565 11.0619 -2.51454 -10.8777 13.0288 -2.84953 -15.8395 -7.67504 6.00225 5.05899 -7.16373 -2.3878 14.2704 11.8045 -8.28248 -6.97651 2.90225 4.00324 5.17663 1.7049 -2.55731 -5.34429 -5.25185 1.19091 8.31175 6.21668 -8.31979 14.9073 -5.41043 -5.47651 -0.520829 
9.58273 -20.1588 -1.62616 4.68695 -8.20486 -18.0117 4.97329 -5.91678 -3.50916 8.54461 -1.52117 1.57491 -12.4977 -12.3509 -8.91454 4.84466 2.23624 12.0839 9.00839 -15.8111 10.6367 1.84079 6.74049 5.5515 -21.8668 13.9165 -8.64971 -16.6671 8.50866 2.00013 10.6777 7.35901 -9.52579 -8.56204 -9.32137 0.740829 -6.40007 7.81012 -2.01905 9.07695 -11.2791 8.42968 15.0075 -4.58406 12.6854 -12.8608 3.88929 -5.3791 -6.7277 -9.61178 4.58022 -5.83658 -14.8503 -10.1622 -2.64933 4.60061 -2.81191 -0.770686 6.32194 -5.32536 13.2365 3.7895 0.866743 2.30914 1.31977 -3.66195 -7.97419 1.73852 -6.1774 7.22073 -0.37065 -9.24529 12.2877 -5.10579 -5.43915 7.23779 -1.77696 -8.31795 8.39683 6.3872 5.5388 0.155929 -3.52095 -1.13622 1.55692 8.44954 -8.00338 -3.82936 5.64929 4.4562 -10.4526 4.76009 -12.41 3.66283 5.09149 5.82384 -0.737696 -1.15137 -4.9882 1.61249 0.385178 6.39145 7.53638 -9.59419 -7.59209 5.25468 -5.10504 0.687263 6.22601 4.36502 -1.40416 -2.18308 4.05463 11.8696 -0.0712038 -2.50958 6.25787 -6.89131 -4.51176 -3.80291 -7.18434 10.9855 7.71468 11.5404 -1.99774 -0.891863 2.60261 9.30914 -13.4158 4.2938 -3.78951 2.60696 -0.479681 -5.3852 3.00017 
4.28709 -13.1545 9.91058 2.83832 -6.83419 -12.3005 4.37444 -13.6791 -11.1828 18.3676 -11.5498 1.85124 -14.8868 -8.32357 2.334 6.29619 -6.85571 19.5128 13.3366 -15.7415 16.2351 7.14433 10.7957 10.8248 -14.6131 8.44494 -3.73929 -11.297 4.37999 3.19385 12.3508 4.30452 -11.0666 -7.46423 -14.7443 -4.3834 -7.16772 14.4208 -10.2031 0.395646 -0.794394 17.8767 7.07127 -5.69931 8.10903 -20.7078 8.97928 -12.8552 -6.46821 -9.40257 0.913327 -4.49623 -2.57269 -11.2015 -1.37156 10.6333 -2.89494 2.86709 9.87234 -2.78883 6.85397 -0.525286 6.45042 7.42491 4.80155 -5.56325 -6.43035 3.68815 -5.94008 3.43713 0.525636 -8.7937 8.93814 -5.39495 -4.25407 3.95344 0.443914 -11.4687 7.10258 -0.68138 6.12865 3.06566 -4.9638 -2.94919 -12.1341 7.35664 -9.30032 -3.82741 3.21209 9.61151 -6.99715 5.15481 -8.86795 4.14052 3.15218 
12.8244 -10.9819 13.2357 10.4758 -12.3755 -18.2913 12.0361 -10.3932 -6.64919 24.4343 -3.36054 10.5151 -6.23855 -10.7909 -7.7172 6.2667 -4.6721 21.7198 15.0813 -24.2052 21.6575 8.47272 11.8176 10.9117 -17.5653 8.84482 -10.844 -14.7855 11.2808 7.6788 18.0745 7.04322 -17.3917 -10.4577 -12.2716 -13.4448 -4.24424 20.2616 -24.2164 12.5394 -7.07025 19.1664 15.3334 -12.5067 12.3603 -13.0023 11.7096 -11.6344 -20.5538 -11.5834 9.53496 -13.9649 -8.69015 -13.6901 -0.0120589 10.0211 
29.8589 -26.404 15.9735 19.8187 -29.0121 -22.0157 18.8865 -19.9801 -18.6884 35.6956 -12.9866 21.7536 -27.5011 -12.7267 -23.7381 19.6443 -6.75765 30.2816 19.0704 -40.5161 24.9409 23.1763 21.1744 17.207 -24.2437 15.5379 -21.9121 -15.2092 20.0599 13.1423 18.0321 9.74335 -21.7687 -22.3038 -23.0068 -12.8676 -10.5582 29.6736 
45.0376 -43.6015 32.7621 36.3423 -44.6396 -37.5656 38.932 -32.9473 -31.6728 48.8675 -22.661 35.0256 -42.8896 -27.1445 -34.2861 33.4894 -9.75091 34.5768 32.4587 -43.1578 28.0329 37.0551 31.3969 30.8308 -34.1846 22.6662 -29.343 -40.4095 
66.9164 -46.3523 41.3909 51.4585 -53.1579 -48.3585 42.4679 -39.5699 -34.4323 60.9934 -40.1546 49.3443 -50.4134 -34.5294 -43.9662 44.196 -15.9921 57.9688 42.4068 -62.1699 
89.9802 -63.7904 51.7787 49.1341 -73.3614 -69.7081 60.6756 -45.0558 -54.4358 74.9046 -57.2289 52.4837 -72.3966 -44.8141 -58.3832 57.7958 -36.2446 65.5787 
111.202 -82.0068 71.9275 66.0411 -88.4493 -76.0559 69.5267 -44.6708 -76.3605 82.7742 -72.5917 67.2565 -86.4074 -54.1673 -75.7924 69.5614 
116.85 -96.9047 89.3092 96.2427 -107.988 -106.683 92.4215 -57.4282 -94.4445 102.313 -99.3819 77.8928 -97.8182 -68.6205 
128.62 -103.98 112.21 135.067 -133.392 -118.653 110.153 -53.5619 -102.967 121.375 -104.336 89.5983 -110.509 -83.7761 -93.6673 
142.611 -112.841 111.374 149.971 -157.731 -129.875 123.735 -82.8769 -105.128 137.577 -124.172 110.897 -116.298 -94.6471 
152.169 -101.046 118.728 173.115 -157.359 -129.803 110.007 -78.3444 -106.165 134.665 -129.377 103.181 -115.539 -90.0117 
146.901 -104.691 101.175 151.358 -160.079 -126.185 117.325 -61.5124 -93.7803 139.413 -126.917 100.208 -112.127 -91.6138 -104.317 96.9481 -60.2175 129.205 
138.863 -67.3955 99.2224 120.37 -135.946 -113.484 86.9099 -69.034 -72.0374 121.396 -105.67 57.9692 -88.5693 -54.5593 -78.8235 69.4762 -38.7446 98.3844 31.6316 -123.237 72.6959 87.1241 75.1109 75.7873 -98.8826 107.452 -58.3584 -102.364 
82.0161 -50.3373 73.1402 88.2592 -83.3267 -99.0095 71.3618 -54.9854 -33.4876 89.7185 -85.1841 36.1922 -63.4262 -55.6139 -68.2711 32.2894 -11.3124 87.2134 21.0828 -98.9494 49.9862 72.2651 60.0508 41.2139 -65.3647 72.7452 -35.3618 -90.1582 68.221 66.5773 53.2786 35.4786 -66.636 -73.08 -54.5421 -76.9675 -35.2429 40.0341 -69.4819 48.1404 -78.444 81.3253 95.8742 -46.9864 51.9999 -96.3004 63.7001 -65.3677 -69.9808 -69.423 107.78 -106.601 -110.162 -86.4369 -4.44735 
47.0575 -62.612 57.437 58.4531 -42.7806 -60.6397 50.2816 -48.3877 -22.0239 77.7318 -61.8633 31.9001 -36.297 -33.5582 -63.0603 17.8252 9.54636 50.4748 13.8994 -89.5114 44.8019 57.7126 43.7798 35.9712 -46.4247 44.2484 -43.2187 -45.9776 51.6683 61.9078 52.5825 19.9543 -54.2366 -44.9012 -53.0206 -43.6903 -48.1265 51.7219 -60.2182 43.3349 -46.631 67.7126 72.4989 -2.17293 52.2622 -84.5607 24.2194 -39.5667 -57.7586 -78.7793 76.2293 -65.6354 -88.6117 -86.8522 -15.9077 31.2499 -29.6871 -26.8692 20.6123 
42.7088 -39.1489 16.6642 32.1883 -42.6123 -47.6705 39.2133 -54.25 0.794647 59.0458 -39.0602 10.9955 -22.8678 -35.935 -42.4117 5.79156 -26.4254 27.652 43.5761 -55.8796 45.5677 17.04 36.1497 40.2628 -24.0169 37.7969 -19.8172 -51.3633 52.4294 37.1187 53.9014 48.1088 -48.25 -72.3913 -52.3556 -33.5541 -53.1115 55.5587 -15.6122 7.32629 -39.1384 51.3686 47.2055 -14.8545 64.0119 -60.6353 22.9541 -19.976 -51.9306 -38.6196 49.0754 -34.5124 -60.9368 -55.0284 -14.6715 12.833 -22.1653 -0.655899 4.94574 -35.8123 20.7643 8.73335 11.2314 25.9716 38.8154 -17.0694 -35.1933 12.3907 -22.6878 22.2683 13.695 
46.8797 -55.7981 16.7006 54.2088 -18.2653 -39.582 17.6015 -2.58182 -32.3601 43.7766 -11.9276 1.73754 -6.04798 -24.0823 -31.9107 30.6634 -17.9757 36.2447 46.6339 -24.8437 32.1056 20.4704 37.083 37.2822 -23.1572 21.4302 -12.0257 -34.8124 19.5178 12.8572 47.1552 44.6053 -39.4268 -43.3563 -48.9532 -28.6836 -41.1482 23.8266 -33.5195 8.46411 -12.4398 44.9608 47.4241 -27.5656 29.6524 -32.6025 37.0205 -14.434 -41.8345 -19.4379 29.9513 -24.8155 -29.101 -55.2132 3.51229 6.22328 -11.0957 -3.91107 10.4832 -15.8568 15.0214 7.74419 15.4972 
44.7127 -32.2854 37.1846 23.9111 -14.3164 -32.4799 17.4916 -23.8985 -28.8245 27.1648 -4.79215 25.0389 -17.3915 -12.4568 -17.4034 22.2944 5.71384 33.1802 16.3959 -20.4206 16.8529 18.0778 23.2595 39.7888 -23.2204 30.6485 -10.0554 -22.3712 33.5748 33.2229 35.9229 20.5633 -21.0742 -21.9871 -50.9347 -12.623 -35.3404 24.4 -34.2344 14.079 -15.6794 30.7886 35.5918 -10.4942 11.8793 -44.4756 26.3209 -22.1357 -30.3322 -27.5533 12.8858 -31.1891 -19.1042 -37.5379 -4.08023 9.27174 -15.497 -14.0573 9.81439 -9.44098 1.84107 10.0952 1.28095 19.3922 19.7963 -12.5267 -6.09161 14.6891 -8.12138 21.0475 2.42842 -20.2293 16.3832 2.00635 
32.9659 -12.1964 17.9416 17.7622 -16.0516 -34.2663 16.7213 -34.8639 -21.7434 35.8109 -25.238 24.3176 -36.3186 -20.76 -22.7495 13.7414 -12.911 30.6562 10.989 -28.3714 25.8988 19.6658 23.1173 16.2017 -27.4946 8.60691 -12.1467 -25.6299 17.5128 17.9947 37.7278 19.3379 -22.4679 -45.3316 -30.937 -21.9473 -24.2254 36.393 -18.5772 10.4254 -19.6486 32.1905 17.4032 -22.416 28.8421 -21.87 9.30972 -18.5672 -30.963 -18.3206 17.0212 -31.7019 
37.4825 -38.9156 37.3058 31.9581 -10.9529 -17.678 39.3916 -33.4441 -21.4592 38.9008 -22.0637 40.6267 -32.065 -3.90936 -26.1045 28.7626 -7.11615 32.941 35.4698 -43.7 38.0586 39.2612 29.5387 33.3907 -41.6476 17.7751 -27.6652 -12.3371 23.4672 20.7077 30.0326 27.284 
52.7614 -36.2914 27.4256 29.801 -36.0846 -41.3601 22.8327 -40.0193 -28.0214 54.9888 -28.681 50.3898 -30.1677 -31.3951 -34.3111 42.4895 -26.965 49.9722 
63.5968 -50.6877 42.4035 50.0126 -44.7878 -63.6483 36.1037 -46.9131 -44.2856 72.0485 -42.2117 60.4174 -57.5711 -34.008 -33.1583 44.3638 -28.6324 59.8405 45.9041 -67.8166 
86.9251 -58.8076 48.9584 75.9857 -74.3168 -86.8975 83.9009 -46.0352 -54.1209 68.2932 -65.4655 62.2645 -79.3942 -53.1472 -63.4672 53.2696 -51.1346 
106.859 -82.2228 68.5639 70.7023 -82.7376 -85.9361 80.8579 -41.0226 -65.5745 81.5253 -63.6264 80.091 -81.8839 -47.775 -71.4517 73.1409 -46.8511 
113.65 -95.7158 80.0948 76.2833 -115.827 -103.684 87.0639 -59.7212 -82.465 101.459 -69.3816 88.2603 -80.339 -62.5669 -98.0982 88.2576 -44.997 
112.547 -92.66 79.5412 125.251 -123.469 -108.864 119.075 -63.5449 -88.3431 125.153 -99.0102 111.996 -116.061 -104.947 -87.1933 92.9656 
118.065 -102.819 88.1216 139.947 -123.998 -123.858 106.698 -87.1716 -77.0907 129.535 -112.126 87.4781 -122.978 
144.572 -84.2969 107.105 152.216 -155.029 -127.26 96.3857 -89.2702 -91.0023 126.844 -119.957 94.3542 -114.725 -67.9449 -100.032 
143.071 -96.4826 82.7903 123.273 -149.994 -102.821 94.2762 -58.6629 -84.4397 126.069 -123.571 88.6679 -109.334 -97.8815 -104.344 102.941 -50.6106 106.467 99.6293 
108.347 -66.1097 100.994 112.008 -147.567 -117.405 94.2031 -84.6562 -95.5752 135.827 -124.97 74.9724 -98.2069 -81.0005 -88.0969 96.9629 -35.8561 101.822 
79.2252 -90.3636 89.6072 97.12 -101.909 -89.0802 91.4061 -58.4858 -63.9107 100.837 -69.8407 70.2831 -74.8407 -93.4493 -84.9074 64.3359 -28.4708 94.1435 48.6443 -99.4915 86.0169 98.1918 89.8066 76.2259 -110.661 69.7594 -55.0416 -87.6041 
