-10.3421 -2.62453 -6.11355 12.8945 1.57628 -10.2938 -11.7722 -5.87767 -10.0262 5.89294 11.6903 5.64857 8.29121 -2.29221 7.23192 10.7193 5.99669 -11.5449 -4.00733 7.36278 12.5535 5.21825 -6.40876 2.05839 -12.4947 -8.78588 14.4085 7.43715 5.2668 7.02968 6.94093 10.002 8.23981 -6.03065 -10.4663 -1.7241 -7.85719 -6.36582 7.70885 0.353927 -1.88893 8.2759 6.79754 4.25059 -8.55785 13.8591 -6.56948 2.13692 7.43546 0.803463 -7.04855 5.68515 8.70849 16.2608 0.362065 6.2247 -6.77502 5.5317 5.95131 -5.75038 -6.45427 2.93738 -3.09742 -3.53531 4.14838 3.24366 2.55108 -0.0225724 9.47622 2.90336 0.136723 3.34413 -1.92867 4.94971 -4.18176 -3.11004 -2.28517 -5.37012 -2.72407 1.2092 5.66052 -3.1068 13.7012 6.65626 7.89503 4.1571 3.67806 2.19619 -0.749004 -4.40047 3.27996 4.10871 -7.07249 -6.60399 4.17073 3.60947 1.22447 -10.2179 10.0988 5.03236 -6.10434 -7.78027 -3.8757 13.1418 
-14.5383 -5.67176 -9.92097 13.4226 -0.549731 -10.9339 -18.8717 -7.04611 -13.2001 8.25106 21.5346 9.32364 14.7516 -5.45936 15.5933 16.5289 10.3654 -16.747 -6.91514 11.666 14.0045 11.6474 -11.0634 4.51395 -13.5268 -11.0371 18.8591 4.7179 10.5828 9.06499 7.81733 13.2618 11.5606 -8.22983 -14.6515 -5.64645 -5.79539 -8.90172 10.5218 -2.27627 -7.67862 10.4774 8.02495 6.92183 -11.3864 18.7831 -14.2364 8.76456 12.76 0.630143 -10.4334 11.6607 14.1348 18.8787 0.678692 8.91439 -11.4352 9.19013 7.11263 -5.08771 -5.28893 3.54322 -2.86957 -5.39916 0.993511 5.59901 2.82811 -4.53065 8.72756 2.37848 4.85726 
-18.7997 -13.136 -12.9462 15.4997 -11.3614 -16.9239 -27.6267 -12.1833 -21.5331 13.2323 23.9121 19.8112 23.9049 -9.07573 18.5258 18.8656 12.4623 -21.419 -20.4909 19.2638 22.9863 13.7835 -18.5043 10.1246 -18.8668 -14.4012 23.7327 6.8266 13.0051 12.403 14.6963 15.3673 13.9795 -13.618 -21.9266 -10.6526 -8.97145 -11.58 13.3342 -6.96269 -19.8193 12.0864 13.3728 14.0889 
-28.3075 -14.3731 -17.435 22.9492 -23.1195 -29.0617 -37.0406 -18.6425 -28.9339 14.9906 25.6448 25.5859 34.4443 -11.6829 19.1312 20.796 13.9113 -27.742 -25.7616 28.9283 31.2971 18.2627 -23.7123 23.5174 -35.2095 -23.7622 
-48.3755 -22.5377 -27.1122 33.2425 -31.618 -33.1447 -46.3368 -26.422 -43.8036 23.389 31.7351 40.7411 44.3759 -22.7575 27.1591 27.4034 21.511 -34.1116 -36.2969 40.3523 42.1789 25.6362 -29.6911 27.059 
-54.4963 -30.2596 -37.0299 46.4175 -34.5871 -43.5493 -51.8027 -32.6493 -58.1124 34.6375 44.3993 52.9857 61.3748 -28.3472 25.6239 41.4345 22.1064 -44.7597 -45.5194 45.777 
-62.1661 -46.1011 -43.3388 59.7719 -42.3395 -49.9759 -59.7242 -40.2035 -72.0398 46.8805 53.9576 69.3652 73.0905 -37.3676 36.2919 66.1837 30.9215 -50.1347 
-75.9597 -59.5704 -58.5265 69.5936 -58.4263 -58.1714 -70.6848 -48.5668 -78.2317 51.8182 64.6845 75.6939 90.6965 -54.4887 36.779 
-87.757 -65.8503 -73.9583 88.0447 -66.955 -65.7919 -83.7491 -49.4976 -94.3036 70.1247 72.8963 80.853 103.744 -74.5246 55.6564 
-100.423 -87.5421 -83.1332 108.286 -71.3792 -75.267 -97.3674 -69.9365 -115.537 81.4389 84.0545 98.7695 119.148 -88.0895 81.8518 120.396 
-109.881 -105.223 -102.317 124.504 -88.2585 -76.493 -111.912 -71.87 -134.779 104.253 95.1893 108.122 133.817 -118.654 
-119.057 -124.267 -107.558 127.612 -94.7245 -72.1064 -122.486 -72.8359 -147.895 113.997 115.613 110.812 144.018 -132.742 
-118.079 -140.933 -114.075 139.399 -102.65 -77.3463 -127.9 -75.0632 -163.05 129.025 115.651 105.783 148.891 -137.987 137.381 157.743 138.119 -116.475 -112.301 
-111.411 -141.354 -131.589 140.125 -97.5923 -90.3961 -133.531 -81.2228 -181.099 137.04 107.974 84.0146 138.209 -137.705 173.831 
-104.992 -140.471 -157.932 132.772 -81.4363 -76.0941 -129.935 -62.6009 -183.171 143.094 
-88.6523 -137.725 -115.727 122.978 -66.0435 -67.0844 -128.176 -47.1855 -149.352 
-84.7652 -96.3552 -94.3039 123.937 -56.3327 
-76.4397 -97.9272 -84.2889 99.122 -55.4935 -59.8406 -79.4595 -58.4497 -129.858 117.357 96.7251 
-72.912 -70.1678 -91.4173 79.3997 -49.5328 -64.6673 -89.331 -65.1814 -85.5686 92.2144 83.5457 29.3839 105.001 -68.2256 77.4357 101.539 56.7539 -77.0176 -87.987 61.6723 79.5586 
-72.597 -62.9694 -61.2353 81.9799 -52.2375 -58.5618 -41.3078 -33.0301 -80.9368 63.448 113.683 49.2015 75.6194 -58.6152 36.0704 79.1833 76.2975 -57.3679 -46.1831 17.0346 69.355 42.3803 -51.8563 33.2421 -54.6194 -62.866 84.354 77.3762 52.3892 66.8061 32.789 50.2861 70.1301 -23.3196 -98.9306 -16.2678 -28.1846 -41.7341 66.3286 -29.8698 -41.0993 
-78.4882 -34.4993 -38.804 45.9341 -33.7462 -71.2461 -20.6061 -35.7047 -93.5904 57.8416 57.6569 60.3404 86.9893 -7.03994 44.5284 46.8628 70.777 -48.5769 -31.3342 21.5107 34.3362 45.5193 -56.0994 43.6508 -34.1821 -28.3779 54.732 9.12805 41.8972 48.8233 19.2633 26.2301 14.1137 -15.675 -53.3269 -22.7631 -25.1464 -34.1448 46.1862 -25.1631 -25.9766 38.4466 45.9539 21.7567 -47.2304 -1.17528 -30.4018 32.7014 66.9256 -6.92538 -45.0541 53.8009 27.238 57.4641 15.4577 27.1578 -29.0857 21.5309 17.6911 -19.2494 
-43.1413 -5.30729 -18.1189 20.557 -33.1713 -45.4444 -36.5881 -14.0095 -65.2848 26.6401 44.8104 18.0659 30.7429 -26.0178 36.3017 24.2394 54.5426 -25.9151 -19.5298 23.5542 27.8523 31.8771 -31.8751 29.8818 -19.4838 -1.97053 42.3322 3.84474 8.44082 42.8101 23.7911 32.9231 41.6837 -1.23933 -28.3986 -16.0127 -28.6102 -33.588 29.9551 -14.556 -29.4171 50.3345 19.6411 36.0289 -44.2249 -15.9873 -17.6041 39.4654 29.5251 -15.3581 -21.2285 28.637 16.9291 16.9314 9.4698 18.348 -28.9074 13.2988 5.08786 -15.52 -12.833 23.9715 -14.2566 -2.41251 13.1506 30.6755 20.5522 -13.1757 25.751 15.1041 8.42955 13.9267 -14.8152 18.7989 -4.58806 -4.94144 -10.8843 -14.7928 -7.36446 5.94931 29.6649 -10.9916 46.4339 26.8294 9.65386 8.55426 
-29.4267 -14.2757 -5.63455 34.9253 -4.52371 -29.8034 -27.535 5.50704 -23.5382 24.7813 28.8691 26.0923 9.45718 -13.6548 16.4067 22.7215 4.32461 -27.2122 -25.0574 18.4439 23.795 2.94017 -25.0935 14.559 -27.3182 -33.0079 34.3869 17.8179 25.6902 7.57772 16.9881 20.6217 20.6221 -17.4752 -18.651 -27.8625 -15.5525 1.04856 29.9228 -12.548 -13.0714 18.6262 14.3949 28.0471 0.998003 11.0114 -32.5139 23.1748 12.9183 -5.2787 -10.1693 21.5261 29.6297 22.4337 7.47711 11.4373 -10.1092 14.5118 -1.64228 -25.7944 -3.8448 11.6499 -6.23627 -3.45345 19.0466 15.0976 -0.922969 -7.77616 22.1672 5.07451 14.289 3.11186 -14.7369 3.90885 -12.2853 -6.35881 -9.83676 -7.65792 -9.44628 12.5097 5.60543 -1.08656 15.6449 13.0679 7.36605 11.6758 0.264718 8.40751 -1.9436 -14.3025 20.9342 3.20083 -12.6127 -15.9179 2.25967 15.6756 3.37526 -18.3262 16.7483 4.16016 -10.4458 -17.1046 -3.83072 16.0445 10.1784 7.87957 10.5432 12.8565 -1.25332 3.90615 5.97631 -10.6063 -11.9428 
-14.5094 -3.44767 -20.8812 15.967 8.51685 -22.6409 -5.48364 -18.9979 -4.64642 -4.38073 32.0058 16.3088 15.878 -9.6443 22.0159 16.5284 16.1791 -21.3789 -31.4237 16.9551 31.993 7.14061 -25.7603 13.3926 -23.3938 -21.5592 16.6996 17.1244 15.6367 12.8353 9.87711 12.4144 13.2958 -9.71954 -7.72288 -3.96096 -21.0458 -10.8448 23.2114 -4.36401 -9.45848 1.94264 20.4743 6.5885 0.588969 26.7688 -10.079 6.65181 10.1944 -9.09544 -10.7728 16.3801 11.2262 25.0835 2.13827 9.84062 -12.8256 5.91748 7.52164 -13.4689 -2.72342 -0.835556 -3.92672 -1.07011 12.4623 -9.33764 2.83995 -10.0412 12.1274 5.59428 8.75978 7.1271 -0.646436 10.5613 -0.0730473 -5.63069 -6.14739 -14.8858 -4.89484 9.64865 0.79151 0.24305 15.1197 3.13413 6.76077 1.40469 -2.13634 9.17077 -7.15344 -17.531 11.06 8.32438 -5.69189 -6.93519 3.10049 13.5629 10.0978 -12.7608 20.0829 -2.38656 -3.65229 -13.3486 -7.82555 17.6799 16.5035 1.6712 1.55666 10.96 -14.8793 -17.1657 4.98637 -9.36822 -20.706 
-16.8229 -17.4261 -9.02022 24.2041 -3.3998 -14.9541 -13.0919 -19.2252 -23.4548 15.2749 32.1243 15.4954 8.61742 -9.977 5.61277 12.6379 11.4504 -13.504 -28.0438 16.5006 17.3345 8.00548 -15.1883 6.04048 -8.38784 -2.44814 18.6478 15.2976 5.93424 16.5386 12.3842 6.00668 20.3388 -21.4029 -14.5148 -8.5471 -13.2233 -10.2669 8.35569 3.34934 -0.187585 19.348 17.6306 8.86512 -15.9066 19.3502 -13.8264 10.272 14.6251 -4.25877 -12.5828 9.24533 15.6837 21.8441 -0.43981 11.7402 -11.3954 12.7435 6.88032 -5.66843 -4.58617 1.11804 -3.25133 -6.03482 13.0253 8.75218 5.33737 2.06869 9.20222 7.73137 -5.65192 5.4701 0.173544 9.52085 -6.65402 -9.53886 -5.89324 -14.1111 -6.21564 5.6147 8.09848 -9.13446 18.7048 8.92033 6.73793 7.84744 4.69291 9.77017 -11.7107 -4.33684 8.73738 7.44239 -8.69838 -7.72557 3.69719 3.75206 9.19191 -7.93038 12.4778 2.6488 -7.61219 -4.23479 -9.91097 
-9.75103 -8.03133 -8.41477 9.32002 -17.7796 -10.3881 -18.2872 -13.4417 -16.484 16.5337 22.0888 13.6323 12.127 -2.54668 5.70916 9.46357 11.639 -15.2759 -2.78168 29.0543 15.7839 18.3086 -23.6304 1.77968 -10.7174 -10.4936 19.4375 3.94912 2.06282 17.16 13.5848 15.5026 17.6639 -15.0684 -22.0711 -11.9347 -3.10055 -8.83262 18.7613 -6.14079 -6.63308 4.03102 22.5581 9.12408 -16.5175 26.4796 -10.6776 8.45685 10.1609 0.0317634 -10.618 13.1897 18.3906 14.9128 2.8362 6.77509 -8.96556 7.18123 7.56141 -4.54092 -9.67854 3.36481 -7.77416 -6.21518 3.21988 12.5614 6.59063 -8.02069 8.86352 7.07707 4.85195 4.4456 -9.9648 2.98764 -2.93153 -3.14605 -2.41663 -5.07102 -0.290047 5.60011 6.95577 -8.71624 10.6318 3.29769 9.72948 4.87416 7.8309 6.87202 -3.84468 
-14.1397 -9.94723 -2.6482 28.3122 -13.3957 -13.707 -18.6551 -13.4696 -13.0059 12.2033 17.7359 12.2327 12.1716 -10.2446 25.6654 14.1065 21.0682 -27.3065 -10.0234 18.22 23.6014 14.7594 -19.1813 1.19471 -14.148 -10.9105 22.7411 4.1653 6.30455 16.0143 10.4204 16.5906 20.546 -14.1327 -14.9681 -17.7223 -4.59663 -5.39409 8.25615 -2.68536 -8.52797 6.77103 12.8844 7.06137 -11.7338 15.5854 -17.5672 3.56706 19.8063 -1.19902 -15.3901 29.1035 17.0598 31.8508 8.25149 4.275 -7.02953 13.1088 7.9113 -11.5215 -8.45699 3.52283 -1.60476 
-26.9949 -13.135 -12.0637 15.3832 -10.0928 -26.8661 -26.5097 -13.4076 -30.2948 7.88534 24.8234 20.9834 30.2383 -14.5614 19.6319 15.7281 4.82456 -26.1277 -16.1639 22.5714 35.3737 9.83879 -21.5292 16.6688 -26.2592 -18.1379 26.2682 15.5769 16.1613 14.5064 14.0049 18.0047 20.0963 -6.90288 -19.1907 -10.7724 -12.3927 -11.866 11.0268 -14.0824 -17.1192 20.9018 
-38.0862 -20.4538 -21.4932 26.0598 -21.0823 -26.3893 -36.0163 -16.7266 -21.1647 22.2978 20.5999 23.1742 34.4609 -11.8072 18.2464 28.1163 20.6552 -30.5216 -27.6104 23.9848 27.4708 22.0911 -16.3785 21.7027 -32.6817 -25.3181 26.1842 14.1583 16.1206 12.8757 13.7457 16.598 26.5722 -17.0808 
-39.9492 -24.8734 -28.5956 36.8024 -29.6769 -28.0692 -38.0807 -27.6493 -38.0949 25.4861 36.4272 27.3862 47.3123 -15.6768 22.7006 36.7588 17.7223 -34.4481 -37.6073 38.2436 33.6049 21.4737 -21.7893 21.543 -28.9608 -31.8534 
-58.9171 -32.2851 -35.5443 42.3489 -27.7396 -40.4058 -48.9576 -32.6934 -41.4912 26.8884 40.6818 47.6017 55.8507 -25.5761 23.2557 37.5314 18.6367 -36.3956 
-64.7403 -42.2348 -41.0341 47.1387 -39.1072 -42.5655 -55.2131 -43.2409 -60.3124 41.5763 53.5281 66.0863 67.315 -23.7418 35.4689 59.2421 30.4347 
-70.1754 -60.2261 -51.8288 61.0625 -48.2342 -53.9535 -69.706 -41.5424 -71.8447 56.5304 63.8749 72.7497 74.1395 -46.9595 37.1 
-89.0896 -60.7671 -59.0578 71.3959 -61.0004 -56.6793 -81.5865 -58.5856 -89.8335 65.6745 66.0148 77.7737 96.3442 -63.1415 48.3135 
-100.274 -91.0363 -79.6013 106.523 -73.0905 -70.4764 -96.4404 -64.2935 -109.993 75.6596 67.0045 86.1831 114.754 -82.2856 71.5473 111.509 87.9487 
-105.877 -96.2995 -91.8777 109.104 -71.9201 -77.6681 -107.125 -60.8105 -122.315 94.4892 93.7965 115.009 130.023 -110.605 94.0811 132.708 103.359 -104.226 
-129.274 -117.272 -96.0054 133.633 -96.7678 -76.2856 -126.67 -74.5685 -138.369 112.986 105.213 111.273 142.96 -128.397 123.612 145.86 
-135.606 -134.097 -114.836 142.054 -111.436 -75.2638 -123.332 -75.4826 -167.626 123.476 107.96 108.958 141.448 -142.035 154.322 
-122.441 -133.055 -127.058 145.387 -96.618 -92.8302 -143.298 -68.1165 -174.702 136.846 112.04 84.0878 149.097 -138.122 165.377 160.205 143.675 
-126.955 -128.192 -153.991 137.046 -105.744 -91.3361 -124.96 -74.3464 -188.596 149.713 123.184 91.4529 136.818 -128.097 156.545 157.197 151.272 -95.2718 
-97.2981 -136.072 -116.419 125.99 -110.867 -72.0875 -133.932 -54.8016 -160.538 131.359 110.132 87.4538 109.34 -142.594 175.429 140.5 115.688 -107.229 -120.391 
-108.034 -116.002 -127.095 126.724 -68.8893 -83.0835 -103.034 -57.889 -152.869 135.142 88.3989 53.4054 111.721 -107.714 135.596 111.165 104.565 -108.2 -108.805 90.0037 146.877 91.885 
-61.0827 -131.583 -92.9669 87.4741 -23.5484 -26.1188 -102.508 -51.8574 -149.369 107.963 96.5082 63.9757 95.9832 -81.2409 130.182 89.3181 95.5929 -117.277 -76.7723 66.7919 
-100.685 -38.8599 -74.6233 79.8584 -67.7648 -50.596 -89.5374 -39.1645 -92.059 76.6991 85.2133 7.40778 69.4839 -47.8156 85.2856 88.6643 54.5267 -69.8791 -98.7441 45.2943 105.46 55.4268 -85.4501 105.697 -78.5766 -80.9038 122.72 83.5903 40.6032 64.6795 93.5892 63.3251 86.6045 -26.4939 -46.4232 
-42.1699 -47.4458 -28.3827 65.0471 -45.1447 -28.3057 -4.32737 -27.2527 -93.6549 62.8175 87.3683 33.6651 54.5886 -65.9982 57.4936 68.4225 63.0531 -48.2178 -44.9722 31.7718 44.9344 35.7778 -22.3443 -0.104885 -46.9445 -62.1054 51.2143 56.122 48.4423 74.6071 41.0559 35.317 56.8987 -7.4043 -102.61 -25.2274 -62.0973 -53.2283 80.4684 -53.3665 -44.4955 48.4714 72.0322 70.3138 -67.4412 66.0348 -27.0672 20.3249 45.3545 -58.0283 -66.2609 90.2432 42.7134 
-19.565 -49.3183 -38.8222 50.8752 -43.8565 -36.2119 -61.8845 -44.5686 -74.7544 23.9033 22.3352 24.2507 79.7093 -3.91914 4.18065 10.0815 31.2355 -13.8705 -31.0067 20.5026 42.9765 26.5725 -38.3051 60.5897 -52.7669 -18.59 40.1025 2.17009 12.7276 6.31309 36.9159 9.71666 51.4203 -1.59546 -53.1449 -17.053 -15.405 -45.6364 22.4537 -24.0953 -30.8323 18.1034 30.9161 37.8714 -39.3858 43.227 -36.7113 2.38007 66.4405 -29.1206 -20.8537 48.7101 37.2505 37.1019 20.55 25.6662 -6.73903 11.6229 7.96796 -33.6272 -22.1344 13.159 -15.5698 -15.6148 7.1833 17.8399 6.99439 -13.9806 22.8735 1.5909 6.24879 6.97566 -9.59627 32.0694 -6.71498 -14.1749 -0.340812 -29.1677 4.15853 -0.349742 21.3521 -20.0644 22.666 8.84868 29.9276 12.4244 -1.16343 7.77792 -9.25247 -29.724 4.09246 16.4565 -1.34359 -19.2189 5.77395 4.09957 17.4245 -8.99697 31.1548 -14.7898 -18.9978 -16.83 -27.7401 19.634 1.74861 14.4431 11.7305 
-15.5397 -16.9548 -8.44288 43.467 12.9493 -14.8278 -7.46436 -12.2139 -31.6647 -4.71348 41.5258 6.15269 31.6973 -30.4462 18.2729 20.1857 28.0624 -20.0215 -1.02708 17.8582 32.1741 6.46553 -13.2845 12.3683 2.24949 -21.664 17.99 7.49757 -16.7216 4.5159 11.0785 0.376675 25.0904 -12.8039 -43.8406 -13.1787 -11.1701 -8.59824 -0.0359853 -18.8961 1.17659 14.4083 10.2656 28.8327 -34.3609 10.4107 -31.0345 7.34396 14.0967 -20.5341 -45.7036 31.4546 10.9594 39.1568 16.6001 17.4217 4.48337 11.7005 4.01989 4.60383 -19.2908 6.60113 -12.8982 -3.06589 0.513653 8.93533 -15.6659 -13.8129 12.9847 13.5765 7.2787 15.3326 -12.5378 10.6607 -16.9898 -19.5021 -21.8658 -2.56717 -8.10882 14.6747 13.8021 -4.46499 24.3697 11.3681 12.1232 3.95423 3.28786 12.7954 -26.3437 -18.2213 6.27526 12.8819 -12.8625 -16.862 11.9917 12.3715 7.30901 -8.06155 -4.14797 4.9717 -12.0567 -6.2995 2.84177 28.5889 10.0158 5.3161 7.46357 -0.556887 -8.14294 -11.0195 11.9184 -5.07403 -19.2154 -24.1097 0.517453 3.47266 8.96368 -3.99229 -0.856592 6.29708 8.52973 -12.4907 5.83958 13.9928 -4.13043 -2.87851 5.57378 -23.7984 18.9233 6.35594 -9.4027 18.0061 8.01025 22.6016 -2.05122 5.12446 -6.33593 2.64523 11.7949 1.5064 16.3522 1.5438 -4.79215 -4.09851 4.47738 11.7881 11.6755 -13.4596 -11.8177 16.4599 -9.39965 14.8909 -18.5352 -2.7516 0.499677 -14.5408 10.7716 -3.49185 -10.2656 -14.1215 13.8012 6.81665 5.81519 -10.9107 -10.8972 8.1781 16.085 -14.5058 2.06503 -1.20786 -12.4719 
-21.782 -5.19908 -4.95905 9.71741 2.07422 -12.4165 -29.405 -8.96006 -12.1031 1.51131 14.789 11.5465 9.62965 -5.15956 -0.684076 10.5703 4.33747 7.61741 -2.51393 15.2877 7.70304 -2.72392 -1.59066 3.62627 -5.06309 -14.4353 31.3221 16.6535 17.8825 18.4939 -4.45326 -5.00803 13.8259 -6.07016 -5.53938 -8.14935 -13.925 -6.09864 17.6102 -5.99742 -12.2137 2.19589 10.5294 -5.94068 -22.8594 -3.78798 -13.7037 4.58211 3.68103 -5.51065 -3.24603 0.488697 1.86053 15.6359 -7.83571 15.726 -7.93299 11.6327 2.44704 -6.89298 -9.94513 10.1404 -1.17966 -1.21797 10.561 6.84605 2.14811 -4.63312 5.3844 2.94897 7.39549 -1.87168 2.29647 4.64789 -1.03346 0.609832 1.49073 -12.9387 -6.58228 1.9367 3.43689 -9.51038 6.57314 5.75467 12.5692 4.62709 1.13861 3.89452 -7.3997 -11.1138 6.12302 16.0346 -5.89916 -9.84484 2.64872 0.0742173 0.693023 -12.2357 3.03224 1.46407 -3.03684 -13.6785 -2.31003 16.1901 1.8955 -2.16227 4.89418 -3.7105 -0.681805 -13.6613 -3.12395 -6.22498 -11.4949 -7.38175 2.42434 3.37743 7.77566 6.02736 -0.669834 6.86591 11.6634 -1.98099 10.3101 0.206443 3.04123 -0.775693 -0.634701 -11.077 12.3153 2.85764 -12.5574 6.00345 -0.183128 8.73713 -7.50434 11.176 -8.78668 10.9539 15.0246 9.99601 8.86392 -6.09112 7.11519 -7.13705 1.88047 2.14544 -7.70129 -1.58262 5.34793 7.57594 -5.45791 12.2542 -2.76634 -6.66573 -9.25493 -2.27781 -5.75659 3.42776 3.32243 -10.4654 5.00704 11.5694 -1.11788 -7.32399 -7.64846 4.78299 16.2613 4.56654 0.154319 -13.6811 -6.50372 12.2277 3.31851 17.0028 -8.82941 11.5357 6.82285 4.95793 10.2838 4.12098 -3.61224 -2.68622 -12.6815 -0.833241 1.69338 6.84232 -6.09328 -10.7655 -10.81 11.2192 -10.9298 -5.63531 -8.9282 -1.14225 -8.15777 -11.3663 -5.70768 1.73473 4.13336 -3.18815 -10.2428 -6.70947 -3.91308 -12.2431 5.52013 11.3115 0.612299 -1.55286 -0.807356 3.47041 -4.35303 -7.08218 
-9.44877 -5.47935 1.17146 9.69363 -4.11752 -0.269645 -4.58082 3.41311 -2.76167 -4.30909 21.1242 8.58613 13.3606 0.517527 10.6274 12.4189 7.13556 -7.12199 -5.93759 11.9448 10.5485 7.51443 -6.9848 11.7984 -12.825 -7.21684 3.19143 7.39984 -3.35143 4.24832 -3.3459 5.33538 2.40807 -0.828525 -9.11227 -1.65168 -7.83536 -3.77521 10.1745 4.03603 2.79218 7.78228 9.81424 4.75423 -9.56727 5.82793 -12.3624 2.08792 17.1383 -2.81301 -11.013 -1.58975 0.27986 4.2757 -2.10582 7.30065 -3.29559 6.33729 4.96666 -8.28498 -2.72892 5.16242 -7.0935 -2.60794 -1.38291 4.0139 2.06449 0.248723 11.871 6.23661 -8.9144 1.75142 3.57352 3.91727 -1.66452 6.1401 -2.89532 -8.06484 -0.562826 1.15134 3.62276 -4.07462 8.7444 8.43476 6.76285 10.7473 4.72066 10.4128 -0.338658 -2.93886 1.39743 6.37715 -3.77443 -2.70696 7.76601 9.5607 5.1213 -9.54885 7.72587 7.03937 -3.78895 -2.68919 -7.42288 12.0252 3.9017 0.603861 5.91821 5.94158 -9.01156 0.833153 1.12752 -3.51172 -6.88483 -2.36049 4.17147 5.39884 10.6961 0.455753 2.43664 -3.85618 8.91389 -5.93843 8.01931 6.56462 -1.00523 -0.364861 3.16115 -11.483 -0.433089 5.22413 -10.2112 6.43857 1.41859 10.5644 -3.68199 6.18403 -5.11653 7.18485 -0.518088 4.38051 3.27021 1.32062 -4.401 -4.90624 -1.64682 2.84607 -1.17736 -3.07449 -1.31772 8.6442 -7.17791 0.481051 -2.26731 -5.10029 -8.7056 -5.5878 6.09395 0.235211 3.24022 -6.5379 4.411 4.68459 -0.030199 -1.6067 -3.73958 4.04968 11.4573 -5.24765 5.24464 -4.5117 -9.41163 5.38192 -0.472716 12.541 -2.93997 9.32613 -0.385935 -1.46904 11.511 10.447 -0.747807 -1.86563 -2.81295 1.16968 0.147203 3.11792 -4.19461 -8.47284 -7.97214 9.21349 -7.58037 -3.1406 -1.31281 1.0465 
-2.97824 -1.16021 -3.30812 0.866617 -3.58656 0.765204 -6.24822 -0.793779 -10.0162 0.891898 12.0546 11.7285 11.4281 -2.30493 8.18999 12.9527 6.08968 -16.5142 0.473931 12.8948 15.9413 1.85188 -14.0831 -1.85303 -6.94999 -4.15101 16.5909 6.31156 3.22868 6.24534 -0.0666243 14.061 3.59572 -7.32773 -5.95216 2.89909 -8.29127 2.91938 2.609 -1.45338 1.73743 11.8623 10.4997 8.62359 -5.35697 5.29485 -13.7013 4.23427 7.01535 1.176 -6.72169 9.98416 0.782071 9.44969 2.57292 8.51073 -1.31346 5.49869 7.29467 -6.11989 -8.00857 -2.86144 0.688924 -4.72127 4.16251 2.89236 1.85737 -0.614969 12.2363 2.04743 -2.18437 6.06945 5.79711 3.68134 -2.53971 -4.20579 -4.89936 -2.34349 -3.30208 -1.24231 3.07484 -5.66958 12.9616 5.64293 8.95053 7.27938 2.93384 5.77832 -7.3593 -3.82838 1.14448 6.26083 -6.1942 -4.6176 4.31838 7.12303 -0.27819 -8.54164 6.24467 4.20584 -2.09004 -8.21685 -2.97094 11.8918 0.666236 0.847159 4.82388 -1.24696 -7.72969 -2.51246 11.1228 -4.44637 -7.95187 -4.35289 5.31263 6.52776 8.78903 5.77192 -4.30542 1.61942 5.90084 -3.43868 9.46034 4.79464 -1.95451 -1.73292 3.09809 -10.2095 2.60958 3.49936 -8.56624 3.63956 1.43128 14.0568 -0.131412 6.24029 -5.52827 5.74991 6.33771 3.88402 4.53111 -1.71113 -7.15972 -6.78649 -0.386449 7.88 6.02151 -3.21595 2.83195 10.7552 -12.5295 8.761 -3.84534 -5.2885 -5.62536 0.259699 -1.37852 3.75073 2.68762 -9.46108 6.33781 
