-8.29148 -6.02266 8.24829 -10.6942 9.88915 6.15378 -4.7263 5.20717 9.10097 11.7465 -13.1787 11.9722 -4.23621 10.9584 4.21225 -5.48993 -6.98499 -6.34956 -9.80874 4.98599 20.57 -9.93566 -4.32631 -6.66951 12.0061 -7.49569 8.30125 -9.94824 -0.128352 -1.18458 -7.93137 12.8123 -11.2691 13.3801 5.39742 6.43638 -0.948678 2.60274 -8.03355 -10.6178 -1.07153 11.7748 -6.18201 -5.03733 4.64991 -11.6801 8.39825 11.6695 -14.6025 -9.63588 -3.91801 -10.0963 -1.23775 1.51196 -1.3958 -4.21794 8.02619 -7.32461 1.72962 -2.51686 6.58312 5.58263 -6.68373 10.4311 -7.21654 3.2159 -4.66683 12.9221 -0.216168 -8.12374 3.10468 -3.26301 1.34973 0.471829 5.84074 -4.52198 -3.81686 -10.7692 -6.199 -2.37065 -9.70291 -0.69695 -9.39842 5.908 3.10905 8.38864 3.68817 -4.52435 6.48625 11.9079 3.32435 -10.0537 -3.79312 -4.70066 5.69117 4.02851 1.99123 7.23168 3.57908 5.04903 1.80632 -2.84665 4.95883 2.79406 0.445043 0.176851 -5.49626 7.14503 2.28812 -2.34431 
-10.7839 -7.37897 12.993 -18.926 13.6677 13.0465 -14.2458 10.0452 14.0787 13.8892 -12.9973 22.4189 -6.08269 11.7638 2.62059 -7.38903 -10.0359 -11.0063 -17.6122 8.87155 28.1497 -13.9276 -10.648 -11.8598 12.1747 -12.9861 11.7367 -15.7977 2.13284 -7.02773 -16.85 18.2329 -14.7095 19.63 7.25463 10.79 -4.85808 8.82402 -17.6077 -12.6996 -3.17163 13.9687 -6.9624 -1.92414 9.40266 -13.7994 10.8995 22.1823 -15.4119 -17.8692 -17.0784 -15.1485 -14.2588 -6.37215 0.98739 -7.77983 11.1562 -12.8071 1.48739 -5.60372 9.11709 4.92431 -6.64704 11.6058 -4.55207 2.39119 -8.13916 16.5759 -1.42639 -13.1058 5.61693 -3.56277 2.8965 -0.71017 8.01017 -4.06626 -3.16678 -12.7574 
-14.4979 -12.4695 13.1951 -19.8011 10.9795 11.403 -17.8659 16.2838 18.3424 16.4667 -19.6339 26.8959 -13.8526 12.044 5.36532 -17.2661 -14.6173 -16.0394 -18.491 8.74232 36.5597 -13.488 -14.678 -20.625 18.0742 -22.9536 18.7965 -22.9468 12.2611 -10.7218 -15.0284 21.953 -17.4412 19.3343 14.4519 15.837 -12.2625 13.9257 -22.3709 -14.9381 -4.12931 17.0897 -7.04458 4.03407 12.3218 -15.9052 12.7515 22.8248 -24.5208 -15.9394 -18.3013 -24.112 -13.8778 -20.0971 3.29255 -9.26652 12.4205 -16.6043 4.70596 -5.34696 11.4298 4.92498 -9.26709 6.79852 -10.0885 0.0941666 -6.72146 16.3287 -4.97459 -9.43845 3.14276 -8.68055 4.85855 -3.9278 11.2961 -7.09204 -3.50346 -15.0003 -7.63373 -10.1878 -12.7064 
-20.892 -13.3223 13.348 -34.9497 10.3821 18.2613 -27.5189 25.6768 21.8209 31.3241 -30.693 36.5479 -16.0569 11.8743 13.7884 -17.4354 -18.4448 -17.7041 -20.0005 11.0856 44.6495 -21.6938 -17.958 -23.788 26.3237 -25.6988 26.8696 -26.1754 16.9238 -15.2707 -26.6909 22.4894 -20.2413 32.8316 18.9937 16.6163 -18.7843 13.6986 -22.9361 -22.9667 -1.28783 19.7508 -9.35534 12.2379 14.3598 -18.8978 17.3547 27.6585 -23.2877 -25.5722 -16.3891 -20.4138 -21.1111 -32.9375 6.69942 -6.63658 11.0349 -20.3772 5.12584 
-25.4742 -21.361 31.3091 -36.9328 21.609 32.1703 -37.9493 34.3292 26.4946 36.6309 -37.9413 41.93 -21.6442 19.682 14.0941 -20.2094 -22.8019 -18.7551 -38.777 14.0917 46.4844 -30.888 -28.2557 -31.0671 30.6339 -31.8184 25.836 -30.1249 29.2561 -22.2205 -29.3116 28.4201 -19.0871 46.2014 21.4934 25.847 -24.4137 22.3302 -25.8216 -32.1631 -0.888232 27.4542 -12.692 29.3656 21.7272 -25.4072 20.1054 35.0651 
-37.0474 -31.7111 33.0387 -43.1238 33.8123 35.8495 -48.566 38.837 30.531 37.8641 -39.2508 45.2127 -26.5043 23.7127 15.4409 -32.1407 -30.7633 -34.6496 -47.0919 24.1849 53.4995 -32.2452 -33.5284 -34.2717 32.3588 -38.9364 34.2308 -39.281 39.2231 -41.1895 -27.4384 28.5064 -25.6269 58.6141 29.2894 46.4923 -34.0559 24.4338 -31.6852 -40.2298 -18.203 31.5294 
-40.7973 -34.8379 40.0595 -47.9811 44.8391 32.7773 -51.6348 40.2768 23.0646 46.3813 -57.4449 51.2838 -29.9793 26.5417 24.7662 -40.9299 -38.6382 -33.9859 -54.9285 25.8628 62.5934 -44.8105 -34.8668 -43.311 28.3168 -51.794 43.0368 -44.0515 41.9096 -38.0735 -36.976 33.8534 -20.4451 70.2383 35.6546 46.5516 
-45.9621 -41.1581 49.0171 -60.1405 53.749 28.2514 -49.86 39.2268 30.3803 46.4272 -65.9568 44.2473 -37.2526 36.7668 30.0175 -38.2586 -39.4576 -50.0704 -63.2952 45.3979 69.8547 -54.8808 -34.4874 -56.5664 35.1111 -61.8171 43.8868 -52.4428 42.6266 -53.7503 -39.3148 41.9898 -21.6996 72.7039 49.4611 
-51.9032 -46.1125 50.5468 -65.2446 51.8829 39.9643 -57.9566 38.162 45.6237 56.7779 -64.3501 45.9251 -48.9254 41.1041 43.6869 -50.5712 -41.2432 -59.1949 -56.7271 48.1315 88.2095 -52.307 -46.2165 -60.7168 44.1381 -62.7392 40.2115 -53.6017 44.1584 -61.1219 -46.9125 55.4042 -31.7083 
-64.2181 -44.262 52.5333 -61.2332 50.8791 37.3266 -54.0001 50.0377 49.5749 73.825 -83.7901 51.4222 -54.5383 54.1814 51.8869 -53.4294 -54.0286 -65.6407 -75.7058 43.6617 95.6219 -68.2642 -52.1944 -46.2753 48.1851 -67.0059 54.3286 -57.6739 64.9063 -63.2602 
-73.7181 -49.9805 70.6692 -56.621 60.4154 62.4975 -78.1242 56.4069 57.1325 76.4507 -82.856 59.1408 -42.5068 55.7277 66.7006 -60.0989 -52.335 -67.8033 -77.9226 63.4121 98.7288 -72.864 -68.2197 -71.3844 
-66.4735 -51.4593 86.5439 -59.63 76.0223 54.9471 -88.4597 67.6709 61.2983 91.5971 -94.568 72.4486 -49.7201 58.241 69.0956 -74.1418 -60.1777 -81.6861 -86.4544 70.3896 89.7209 -80.3157 -68.5997 -73.4817 46.3951 
-94.5384 -66.968 91.1612 -97.1916 80.4635 53.8196 -101.207 76.8542 65.9763 77.9197 -107.151 87.7802 -55.8375 56.2442 68.7863 -66.8787 -52.4771 -96.9716 -81.92 66.6704 112.184 -87.1708 -76.0843 -80.342 77.8959 -76.914 89.2608 -102.717 96.1259 
-110.603 -70.4404 100.692 -97.1003 83.0036 86.4964 -96.0385 94.6468 77.8507 92.0894 -119.1 96.7342 -55.4923 54.9199 73.447 -75.5199 -55.3053 -113.211 -73.9039 69.32 123.214 -91.9254 -109.705 -75.1335 83.932 -81.1504 75.8436 -116.44 112.871 
-127.453 -101.421 108.378 -97.6969 106.492 95.401 -108.693 88.3676 86.7857 87.5974 -120.585 95.3375 -73.0124 61.9442 84.248 -96.3817 -91.9275 -104.138 -82.1088 80.8495 94.6157 -104.815 -98.961 -78.3969 90.7042 -84.4404 97.2579 -122.122 123.935 -90.3766 -95.3887 70.7642 -88.1195 126.748 
-124.27 -81.3386 93.5918 -114.183 126.804 113.341 -100.712 81.5768 102.668 87.7961 -141.94 114.201 -85.6424 70.078 82.9971 -119.687 -92.78 -124.157 -91.9561 78.3505 128.559 -119.648 -127.854 -89.5282 95.5871 -99.1192 105.973 -152.127 121.89 -104.567 -75.6959 
-133.013 -78.3204 87.0804 -127.124 141.613 100.732 -121.663 102.695 102.566 92.5231 -139.724 123.225 -94.3414 67.2329 85.7979 -124.468 -104.72 -118.777 -75.6047 95.0011 136.657 -143.421 -125.457 -102.467 106.482 -90.4246 108.498 -144.892 131.258 -105.83 
-135.469 -99.0436 93.9878 -89.8198 119.392 127.802 -110.987 72.1803 93.8371 104.184 -129.94 119.99 -110.571 88.7451 95.1201 -116.096 -101.467 -132.854 -87.9518 112.017 132.442 -138.204 -110.154 -110.986 97.0535 -104.293 117.587 -107.697 153.113 -118.407 -91.9725 91.93 -133.341 152.384 
-134.204 -106.993 113.018 -111.055 131.309 120.069 -127.268 88.4393 81.2825 105.164 -141.79 136.646 -120.99 77.2796 89.8788 -120.094 -108.407 -156.043 -99.3577 96.2261 135.019 -113.818 -136.817 -70.1377 117.866 -122.532 117.447 -115.518 128.464 -147.238 -97.7978 88.4304 -122.907 138.086 125.747 128.086 
-145.92 -68.9065 122.406 -102.963 130.81 115.122 -129.874 89.3414 71.4739 123.657 -137.868 127.88 -110.833 87.84 109.744 -114.937 -103.877 -119.841 -69.4029 99.5128 142.834 -125.164 -111.485 -69.7722 113.559 -103.413 142.755 -138.313 137.252 -96.216 -90.627 81.1715 
-147.471 -101.421 131.376 -144.402 101.613 126.345 -68.1892 120.992 85.8327 89.2525 -133.355 114.941 -87.5963 51.6331 89.0472 -101.164 -113.294 -110.718 -83.8593 81.6847 105.731 -141.659 -122.922 -120.74 107.86 -139.901 101.562 -104.181 124.138 -113.623 -60.8593 44.5656 -97.7496 136.58 
-105.871 -113.815 110.623 -123.761 87.0396 86.7837 -63.3986 115.196 93.1761 140.91 -113.766 96.227 -79.6556 35.3937 101.204 -98.0177 -134.173 -117.117 -38.4849 81.4805 102.698 -121.462 -105.051 -89.0007 125.187 -104.768 96.215 -86.3435 168.203 -103.965 -121.777 30.6387 -60.8486 154.081 114.769 122.323 -99.9094 106.816 -88.4679 -58.6346 -143.513 
-97.0209 -74.2233 62.0312 -101.65 91.9104 87.4047 -56.9661 78.8419 36.1062 104.837 -89.9775 92.7344 -74.4875 38.6715 82.2635 -108.966 -84.5798 -95.4556 -91.346 83.8212 66.0643 -139.011 -90.5026 -88.3216 108.137 -71.5861 91.5023 -68.1191 148.514 -130.292 -88.0092 46.6355 -75.3165 88.8743 80.9876 72.7451 -72.1901 52.7465 -93.0754 -87.2823 -146.841 99.2417 -75.7947 
-39.9402 -68.7375 40.2604 -92.9452 55.1842 35.7784 -14.9858 85.8927 40.262 74.8015 -92.9739 5.41098 -101.384 33.1303 44.3778 -82.3044 -72.198 -80.5475 -71.3638 88.444 86.7301 -62.2161 -105.851 -74.2033 75.9808 -89.1422 69.331 -130.091 113.021 -72.0684 -60.8328 20.8703 -38.0031 108.472 106.019 47.6771 -95.3091 52.5956 -92.5761 -74.0434 -94.6544 26.1845 -75.4587 64.054 53.9372 -94.2435 42.3446 95.4969 -91.3098 -74.2633 -62.2178 -123.9 -50.5024 -38.8993 18.5617 -31.51 38.1452 -41.1244 25.5646 -0.236987 28.9486 33.1035 -50.348 
-86.5644 -23.68 33.1148 -21.6461 52.6745 22.7717 -25.6542 76.7928 28.2926 78.8476 -40.788 68.0057 -51.2134 -5.53884 23.016 -39.1383 -49.9218 -34.1071 -16.2182 40.7865 81.9151 -59.2779 -52.5882 -49.9247 69.1905 -29.1501 10.1169 -75.3635 75.0499 -66.7158 -50.0223 3.77437 -32.8638 89.1146 60.972 67.7056 -61.4061 53.8452 -68.9426 -34.7028 -44.2467 35.44 -24.585 9.80664 54.6865 -81.307 57.0876 87.4064 -84.772 -70.5903 -47.2421 -74.1713 -78.824 -54.5499 27.2387 -27.5614 24.6025 -32.8662 21.1361 -6.39317 10.0058 19.103 -34.7089 22.3918 0.260411 -35.5268 -17.9373 32.5773 -30.0285 -38.6528 12.2581 -25.2862 28.5741 13.2264 36.7006 -29.1532 4.49362 -0.492953 7.32542 -35.1151 -6.54405 11.3871 -34.8311 -9.09891 18.3072 7.2587 38.2025 -28.4949 18.7968 28.8363 13.889 -28.6542 -23.754 -56.6985 33.8974 23.004 
-44.044 -25.6576 47.3393 -57.2002 33.5843 35.4462 -39.0129 21.0557 24.8089 52.8311 -40.2291 30.4158 -12.4298 23.8346 -3.72404 -29.3043 -63.8954 -9.44152 -17.7908 15.659 29.4055 -22.5012 -18.7775 -19.7109 62.0259 -60.6071 44.9034 -34.2548 31.1471 -36.2454 -20.3237 28.1103 -26.0239 48.9392 22.3807 52.3202 9.79434 50.8652 -23.5046 -14.101 -40.9433 22.0592 -48.468 26.3683 13.6852 -41.219 19.6058 46.9124 -13.2881 -49.1077 -45.6324 -29.2822 -43.0173 -32.8313 14.9765 -13.6189 9.79725 -21.5959 5.70993 0.381583 16.1484 16.8519 -23.687 -4.80547 -9.60022 -12.4455 -21.1425 21.1265 -18.0843 -9.67478 10.7537 -4.74956 -7.63148 -13.1362 35.409 -3.08378 2.9325 -4.71372 -5.07463 -20.7698 -15.9151 20.6844 -11.4427 5.94641 12.0743 3.68397 19.1329 -1.96132 33.9284 9.95721 14.404 -20.3438 -20.4232 -33.2761 18.0255 10.6285 -8.87668 4.48711 -5.38628 16.7135 7.22931 -0.573101 8.28784 -1.67819 -3.32814 -3.04472 -4.50176 27.5388 0.484845 -11.9303 -21.7381 -1.42676 -20.5761 -9.23085 2.70355 10.8242 -17.9579 9.11248 21.5706 -9.59132 -29.2923 -25.1563 4.0587 13.217 -12.2728 -30.1067 8.70958 20.3694 10.8904 6.24474 28.6338 -27.2676 -20.0075 24.6194 -25.3328 -21.4479 3.40793 -24.187 20.4834 
-13.8044 -27.198 12.4976 -26.3161 23.5349 18.1531 -24.4581 18.6825 12.6438 0.33095 -22.2133 17.8569 -12.6913 12.559 18.0027 -11.2656 -31.7778 -9.9489 -24.9915 19.49 18.4892 -26.4883 -19.2583 1.94539 8.99038 -8.76422 12.1404 -14.2701 30.1487 12.9211 -16.5425 -0.35488 -3.67982 20.0757 5.52071 27.3154 -14.2052 6.56436 -10.1446 -16.1124 -15.5343 19.7228 -17.8505 3.15708 29.2692 -26.3381 14.6466 13.6209 -31.4217 -31.0661 -25.3593 -23.3024 -23.2129 -15.0644 4.34589 -10.8571 2.2554 -7.67439 -4.09186 -5.7434 18.9928 14.8928 -16.1223 8.58405 -14.054 -2.22495 -12.0817 6.68052 -16.8781 -22.737 13.8238 0.748177 17.6732 -0.158136 21.8109 -2.65066 -10.9847 -17.8665 -10.8279 -22.1058 -14.1664 4.92053 4.60977 20.9035 6.13873 5.83613 11.3375 -16.114 15.3623 17.8492 -2.61114 -16.9946 1.98927 -2.25075 17.2402 9.39786 -2.59088 17.8043 14.0715 6.00698 -4.25241 -6.71914 5.85616 -1.50284 -11.4982 0.790213 -4.98862 7.36048 -1.8492 -4.03878 -13.2229 9.7412 -3.8084 -10.2739 10.2205 9.44653 3.25737 12.2857 17.6746 -13.3486 -8.39705 -9.01647 5.54022 1.81695 -22.1264 -18.043 16.5732 9.48578 32.2468 8.3413 12.0461 -11.6058 1.4641 21.7024 -10.7456 -6.50466 -3.27602 -24.2203 17.4403 -12.712 -5.90999 -1.06414 -1.03849 -2.02678 1.56118 18.0327 -3.67012 9.37283 -9.44346 -6.51831 -23.5575 2.93086 -14.9699 2.47569 -10.6666 7.22101 10.8269 -4.54945 -33.9695 -16.1823 12.6857 14.3486 -12.1622 -14.8058 
-8.29311 -4.83266 6.31784 -9.76738 19.2223 4.54636 -17.7146 9.47314 6.58359 14.5777 -20.4602 17.1839 -16.019 14.9632 -1.23505 -8.87335 -14.2031 -6.6888 -5.00745 9.83326 29.1772 -18.5591 1.99841 -3.35993 6.899 -6.3431 14.006 -15.7976 6.19975 -6.37161 -9.06708 11.2228 -9.28092 21.9371 1.16978 7.98476 0.0245605 12.3631 -13.164 -24.508 -2.67115 18.7368 -5.71648 8.50495 13.1648 -21.0623 14.0831 14.5508 -3.61037 -14.9506 -10.4337 -4.3007 1.02048 -8.45556 -2.08569 -5.46891 4.33367 -7.00931 8.70067 -11.4737 4.51576 6.33573 -2.09246 9.88864 -15.0881 2.42417 -7.67358 22.0951 -6.27653 -17.2209 10.2787 -5.78709 11.3932 1.73548 -1.38855 -10.1384 -10.88 -9.93879 -5.61182 -13.5311 -8.00211 -2.98283 -11.7766 4.28889 8.11312 8.7329 4.38243 -0.307783 9.01989 17.3089 7.73256 -14.1542 -9.08741 -2.38588 4.95323 -1.51506 3.18269 -1.04 7.56836 10.4046 7.04736 -3.14754 6.77929 -1.91442 0.65315 -0.296175 -5.57099 2.26943 1.892 -7.0612 -9.46649 -1.46578 -5.99393 -8.78146 -0.782592 13.6212 -6.83079 2.71237 10.6105 -1.56051 -12.3785 -2.57577 3.10865 11.8792 -4.2556 -12.9833 10.6297 8.60086 8.55769 4.70741 -1.51863 0.541438 -4.74591 5.31069 -11.7454 8.86696 2.01608 -9.20968 9.93332 -2.87694 2.67406 -10.6436 -2.72009 5.5335 1.72356 3.35993 -12.3473 14.5509 0.132574 3.27329 -3.83614 3.36802 4.90187 10.8935 -6.28399 5.46745 0.521333 13.6079 3.1493 -9.34224 8.99267 10.9345 -1.01738 -12.0937 0.632933 -7.47892 -8.43021 10.2889 0.229285 
-5.43084 -9.04599 -2.28047 -13.1572 10.0964 6.56279 6.35885 11.6981 18.1672 9.39593 -11.4207 12.486 -12.1843 8.96005 7.12857 -7.14258 5.06275 -5.29571 -0.284281 9.62627 16.322 -4.67277 -9.33185 -3.04573 5.34505 -2.72201 11.3656 -8.04894 6.20318 -4.65792 -4.02658 15.5368 0.18702 20.3418 6.2723 10.5862 -11.7466 3.292 -7.89119 -5.99632 0.888608 8.06178 -7.86054 -1.997 12.8545 -16.2357 10.8167 14.3893 -10.1025 -1.42002 -14.0681 -13.2625 -5.09483 -3.14107 3.21566 -4.91134 2.67339 -8.86396 0.135558 -4.13563 13.7798 7.7549 -7.71598 11.5527 -7.33564 -0.129995 -3.24096 7.52767 -10.2568 -9.05203 6.11351 3.23568 -1.42114 2.28669 -3.22244 -4.19859 1.38842 -11.2395 -6.17984 -3.38682 -7.66629 3.22571 -10.4178 4.92416 5.75077 11.8625 1.6434 -1.84713 8.01364 9.6667 0.633742 -12.756 -4.628 -6.86233 11.639 -0.711465 -5.33554 11.136 -0.170651 4.77136 5.70143 -8.59066 -2.41045 5.88652 -2.0969 -9.39373 -7.38006 8.66901 2.66728 -2.72849 -8.55645 -0.993266 -12.8356 -6.34502 3.92133 12.5318 1.97747 0.605927 0.931618 -1.29262 -7.59293 -6.88031 4.60056 10.0535 -13.1808 -13.8714 8.8151 4.83421 9.17117 9.36256 5.23363 -3.96106 0.270015 0.383554 -5.02446 -1.32448 -0.00863448 -8.2805 4.25358 -7.45836 -0.840261 -4.68283 -3.11202 3.16073 1.25398 7.92997 -9.22414 12.5712 
-10.3449 -6.36076 8.24988 -8.91961 7.32904 4.56757 -17.2916 18.8679 5.56054 12.8882 -6.6637 15.2131 -8.47258 10.0282 4.58862 -10.7853 -4.19571 -5.85034 -17.9099 6.04119 24.6892 -15.0686 -8.01194 -10.5626 10.1357 -9.2267 12.7049 -12.0876 0.75158 -7.39694 -19.7072 10.0458 -14.3455 16.1372 5.03265 4.81772 -3.19038 8.30203 -9.12802 -11.303 -5.54051 10.8237 -9.13514 -5.30659 5.46229 -16.4762 7.23752 18.8269 -15.7444 -17.415 -5.49264 -12.5834 -2.016 -5.58062 1.39991 -7.61105 3.7845 -5.62374 -0.0549377 -4.56391 5.71872 5.53308 -7.54625 10.4555 -7.87552 -2.00042 -3.11862 11.0695 0.327275 -11.0935 2.88796 -4.62892 1.2787 -2.0022 -1.37239 -6.15045 -1.75858 -5.02042 -4.17333 -9.38785 -7.70258 -0.228847 -6.70986 7.56892 2.44954 9.56625 4.85443 -8.45217 6.03017 14.3969 3.34203 -10.5354 -7.59107 -3.02337 3.95529 3.36274 -1.40411 10.3769 8.54859 4.3983 2.44517 -5.60247 4.71447 3.77138 -6.47805 -1.05606 -5.90977 4.73909 0.184382 -0.996666 -7.93722 -4.72651 -10.2866 -2.83442 1.30947 10.291 -7.06391 4.0543 8.62369 3.31596 2.81208 -7.83994 
-10.2764 -6.28855 8.07982 -16.6786 11.207 12.7026 -6.86688 10.3134 14.8171 12.3344 -14.9529 17.8511 -7.71275 8.64099 9.42989 -4.32145 -10.4307 -6.58097 -10.9618 5.95016 26.9126 -10.5606 -11.5039 -5.6813 8.89776 -19.5354 12.4438 -11.5344 4.56446 0.662876 -14.9401 15.1634 -9.44304 18.5315 4.50311 8.24826 -9.83019 8.16929 -15.2916 -17.2681 -1.49298 20.9982 -11.2111 0.998407 7.9805 -16.7558 11.1388 12.7639 -15.0577 -16.3891 -7.87233 -10.4115 -14.6704 -7.15073 5.01972 -9.00639 10.7515 -15.6759 1.84328 -5.53869 10.6342 5.27077 -3.25794 7.89213 -9.72847 -1.52487 -5.27364 14.5894 -6.55572 -13.6019 9.95523 -0.435491 3.40379 -3.52048 8.6378 -2.20826 -3.68129 -11.1624 -11.5312 -11.806 -9.77759 -6.78795 -13.3413 9.67643 4.03947 10.0232 
-17.1282 -5.65725 22.8227 -19.9679 17.8828 16.6741 -15.162 12.2094 20.5318 15.3162 -18.3206 29.4888 -12.0464 14.3561 8.93419 -16.6354 -9.6156 -14.9521 -20.429 6.51712 24.2292 -11.9187 -10.2345 -13.3185 17.9539 -17.6247 19.8884 -10.9529 9.91667 -1.80946 -17.3264 15.417 -15.8505 22.899 9.62847 17.7034 -14.9581 7.77815 -16.562 -17.6201 3.48735 14.248 -0.00975325 16.7386 15.7148 -11.4749 10.2149 20.3539 -17.1646 -16.4421 -18.4382 -16.5775 -17.5473 -15.0987 3.53573 -8.32339 10.5905 -7.20192 4.39482 -4.51394 12.3659 5.75269 -13.0405 7.61414 -9.40986 3.30079 -6.35722 14.8074 0.0816904 -15.3658 7.92287 -9.3675 5.16578 -4.09574 9.31931 
-14.1375 -23.0916 20.918 -21.4375 22.0765 19.2916 -24.759 25.4618 11.5071 24.2576 -26.1906 28.7725 -23.7501 16.5391 9.27324 -12.4688 -13.6431 -19.0981 -23.3168 12.6586 42.4061 -15.977 -18.1729 -19.2088 17.8274 -20.2534 12.1917 -18.3307 17.8751 -15.6422 -27.6667 24.911 -21.5113 33.3674 14.0034 18.903 -23.582 15.3807 -18.8465 -25.977 6.91667 17.6352 -15.5219 16.6438 23.1565 -19.3136 16.6456 29.7574 -27.3775 -30.1337 -18.5527 -18.2177 -22.9731 -23.2257 5.77692 -13.584 6.21197 
-23.4092 -21.1903 30.8649 -39.3506 23.3766 29.6103 -42.7164 36.2581 26.2986 30.9272 -39.1766 38.5615 -19.7069 18.731 9.71423 -16.943 -23.961 -14.3137 -25.7792 22.7474 50.0686 -27.9802 -18.5886 -30.2083 29.7169 -33.2516 30.8075 -28.9095 22.656 -21.8051 -22.9947 24.5626 -18.5155 46.0624 16.5455 26.6472 -28.9921 26.263 -26.0697 -30.1675 -7.88185 23.626 -4.57661 27.6048 21.3594 -24.9566 22.8308 35.8181 -27.031 
-29.6239 -26.4928 27.8313 -41.9967 34.8263 27.0787 -40.7531 33.0689 39.3057 42.2344 -41.1376 45.6607 -16.3064 26.7265 17.567 -33.6552 -22.9016 -28.8922 -48.2116 24.8557 54.0853 -30.8256 -23.513 -34.8769 30.3987 -43.8521 27.5141 -34.4627 36.8629 -34.3159 -26.9421 36.7009 -20.9033 47.9152 25.9949 51.0602 -25.8292 30.8345 -30.159 -42.0793 -13.6201 21.8885 
-32.1086 -30.0942 39.6623 -51.7796 35.4107 31.9509 -56.7572 44.0604 30.1274 49.1174 -48.5013 49.419 -19.8241 35.2598 23.1708 -35.8495 -29.5894 -35.0852 -53.8165 24.238 65.4769 -38.6935 -20.9802 -39.119 35.7732 -49.6927 47.4806 -45.413 37.0147 -38.8182 -38.0479 38.1457 -15.1744 62.3843 
-46.2644 -46.2815 44.334 -58.8131 34.5869 36.109 -51.8613 38.6409 35.9945 50.1302 -64.002 40.0969 -29.7751 36.7653 29.9002 -49.956 -27.2632 -48.6995 -60.7026 33.0279 68.9701 -54.0565 -43.6892 -46.825 
-52.5489 -45.8065 41.5209 -64.037 40.1074 43.669 -56.3154 52.0209 31.0139 56.9553 -56.5157 54.6859 -53.305 30.0141 35.6006 -47.2717 -38.037 -56.1883 -65.921 43.8734 70.3964 -57.3046 -43.6848 
-63.8774 -49.7967 41.3564 -55.0348 67.1045 41.3903 -68.4376 51.0898 47.7573 73.7881 -62.3918 51.7362 -43.1685 54.66 40.7362 
-79.6738 -61.0086 59.9087 -77.0489 56.6786 47.5137 -85.3597 70.3891 59.0716 59.1587 -82.5551 68.1295 -48.0907 58.2871 52.1885 -55.6058 -49.3852 
-85.9941 -69.0546 50.1315 -93.0674 61.1595 62.6608 -84.0938 79.7605 62.1489 82.738 -90.6423 70.0989 -50.6035 54.8623 48.9632 -70.8386 
-100.301 -76.7028 89.2889 -81.6351 73.2524 75.8166 -106.668 89.6383 70.9094 72.3378 -109.458 81.4276 -55.5805 59.7584 68.5581 -87.8092 -64.3895 -104.682 
-104.015 -77.6177 76.7674 -101.893 87.6962 91.8503 -98.4117 91.6677 63.4009 93.246 -112.88 98.0619 -67.4669 69.2206 69.5657 -90.8141 -65.918 
-113.317 -81.9572 87.9411 -120.621 107.062 80.585 -105.289 115.086 93.3149 87.0761 -127.432 110.053 -68.007 66.9507 66.1298 
-135.842 -78.0889 67.9712 -119.428 121.292 88.3807 -118.655 119.356 110.245 84.9677 -140.059 116.462 -76.8882 
-147.542 -98.415 87.7956 -105.882 115.645 91.2558 -131.237 110.433 107.06 87.1437 -148.027 
-133.974 -103.699 115.346 -137.189 106.654 144.811 -126.937 83.4984 91.8858 94.1009 -146.007 108.573 
-141.049 -111.02 97.6793 -108.981 137.453 127.932 -146.584 138.71 110.524 100.281 
-132.39 -96.1093 116.495 -125.943 104.397 126.945 -106.412 
-145.817 -82.8021 85.2962 -117.653 126.203 106.028 -128.373 113.528 90.527 
