6.01987 15.2957 -15.2671 -4.33703 -12.9775 -5.03287 5.0289 4.09338 -7.81694 -9.03953 -2.76997 7.37341 -0.595807 8.9774 -4.41656 -6.31656 -8.16927 -8.93547 -13.2962 6.97141 -4.04113 4.28596 -3.7422 -4.30993 0.618672 0.437809 -5.58881 -22.2475 -5.89958 7.37753 6.40974 9.92171 -12.4145 10.9536 -10.3424 9.59007 3.53629 3.20946 -7.78059 -12.9304 -5.70585 11.5733 -9.7393 4.08947 -6.71847 10.6708 -15.2119 5.31375 -9.41219 -12.0966 4.01286 7.30213 -11.5928 7.76004 -0.96442 -0.509195 5.13455 5.52666 -2.56914 9.03429 -0.646924 -6.29341 0.195264 -6.50287 -3.43271 -6.78039 -6.66302 -9.72314 5.04757 5.95039 6.54994 -8.17166 2.29612 4.20863 -8.43708 4.19022 0.72845 -4.85744 
15.8867 15.336 -15.8365 -5.34681 -10.6238 -8.79027 14.5065 14.321 -14.6639 -18.171 -6.05474 12.4761 3.02103 11.219 -8.09818 -13.8915 -12.0364 -15.5152 -23.9717 17.3114 -12.7553 13.7837 -5.66516 -7.02325 -9.47684 9.33527 -10.8151 -27.1522 -4.78312 11.1173 11.3608 20.3968 -18.1412 14.9302 -14.237 20.9639 8.85129 13.1371 -18.9741 -23.6662 -16.7281 28.3175 -17.0041 13.295 -8.24353 22.7729 -24.2582 8.68417 -15.0316 -19.1956 5.17783 12.3144 -19.4915 13.8078 
18.2499 22.5952 -23.8744 -19.7231 -19.6801 -15.0169 22.6833 23.128 -18.7889 -24.2988 -16.1511 21.9468 8.69253 11.8316 -14.2217 -25.2737 -16.1413 -22.6852 -27.6005 32.0161 -13.874 16.8227 -12.2196 -12.1094 -13.7037 21.3366 -19.8712 -34.8578 -14.8697 23.6487 20.9077 33.6553 -20.6892 24.6748 -23.7166 32.7761 11.2858 28.0069 -22.8233 -36.8527 -23.8659 38.5368 -23.4287 18.0635 -25.7571 38.736 -34.7904 12.5405 -24.0289 -27.939 15.5125 17.6324 
21.0093 29.0063 -34.9973 -36.5023 -35.1653 -31.722 37.1135 28.0654 -28.0053 -39.1554 -24.7412 30.102 22.3407 19.5338 -26.5837 -44.8052 -18.1709 -33.8083 -38.9026 44.6791 -28.5364 21.0323 -16.859 -19.7312 -18.8186 30.4097 -22.211 -41.4772 -25.6806 36.2372 41.4643 46.5631 -29.2216 31.8661 -26.3535 35.6438 28.1662 
19.6101 35.9222 -43.3623 -50.3075 -45.336 -32.8045 50.1419 37.1422 -43.2745 -56.9727 -42.6086 32.8828 36.5494 25.1225 -37.856 -57.5873 -32.4081 -39.6135 -52.1004 59.4307 -34.8047 42.756 -16.4356 -18.4816 
28.1698 45.0006 -44.6761 -59.4785 -44.2793 -43.5673 58.3997 46.6038 -47.3087 -58.5385 -60.1249 42.6244 39.3547 40.2051 -49.3891 -60.2364 -53.6049 -57.3941 
30.9054 54.6285 -53.9763 -66.7833 -58.8816 -49.6933 68.0811 53.0805 -46.9485 -53.0807 -57.4056 65.9665 71.9567 
46.6878 61.8164 -71.2256 -76.0615 -63.9604 -61.4999 77.3182 78.8453 -57.4752 -63.369 -48.4865 83.1696 78.3119 64.0673 -55.9269 
68.7624 71.9136 -83.8411 -105.178 -72.9338 -68.127 101.697 83.2655 -78.2872 -85.6427 -47.3356 70.9869 75.5722 88.2094 -78.3793 -103.612 -86.239 
76.9598 91.0315 -109.508 -107.291 -81.7561 -82.9957 117.549 89.9679 -75.488 -93.0498 -61.1949 67.1181 88.5534 114.823 -95.801 
95.0689 109.852 -111.658 -123.253 -104.711 -98.2097 124.408 105.105 -94.6671 -105.44 -102.83 97.4799 97.114 139.91 -89.953 
115.54 123.021 -134.946 -160.783 -125.056 -126.344 137.378 124.872 -112.024 -117.187 -115.257 142.761 128.502 
125.562 141.123 -156.178 -177.93 -139.307 -148.941 156.62 160.602 -132.441 -150.049 -121.016 163.856 144.734 158.522 -154.545 
141.144 174.787 -153.692 -188.899 -167.338 -164.848 149.239 181.774 -165.7 -153.082 
178.696 188.717 -156.231 -215.233 -203.312 -165.77 193.554 202.131 -165.727 -154.224 
175.52 217.882 -187.23 -251.264 -200.553 -207.044 211.791 226.75 -198.039 -153.34 -203.629 
170.399 223.246 -183.35 -240.816 -218.703 -197.143 225.527 229.769 -241.45 -184.897 
196.418 236.087 -183.399 -3.00002e+07 -248.095 -216.324 238.952 
220.208 243.4 -185.373 -3.00002e+07 -3.00002e+07 
235.276 239.063 -195.883 -3.00002e+07 -252.9 
180.247 6.00001e+07 -182.882 -3.00002e+07 -245.003 
185.633 210.273 -3.00001e+07 -6.00002e+07 -3.00002e+07 -3.00002e+07 
138.386 237.743 -141.182 -6.00001e+07 -202.734 -3.00002e+07 
219.09 299.681 -161.427 -203.251 -3.00002e+07 -3.00001e+07 
3.00002e+07 210.198 -162.57 -179.927 -222.407 -3.00001e+07 201.665 191.255 -3.00001e+07 -197.668 -182.309 3.00002e+07 
202.661 149.595 -167.26 -159.448 -178.559 -69.6975 3.00001e+07 125.788 -126.949 -84.6699 -94.0736 
144.276 122.108 -131.403 -97.9977 -94.816 -144.715 3.00001e+07 135.832 -99.4251 -158.208 -46.642 123.167 136.147 110.343 -85.3711 -133.81 -3.00001e+07 -72.4898 -130.746 123.56 -148.115 162.597 -146.574 -129.472 -68.4014 183.241 -186.094 -205.922 -114.116 160.337 199.7 210.164 -190.335 145.598 -3e+07 
81.6981 95.4734 -87.3507 -109.698 -96.2684 -121.838 98.139 71.3356 -82.8382 -78.5139 -11.6605 109.174 63.8438 51.4719 -154.031 -99.8042 -160.555 -139.355 -140.539 135.563 -139.398 129.914 -52.1601 -85.1187 -103.677 139.465 -90.9415 -130.882 -151.34 95.1396 146.365 136.616 -125.62 119.679 -76.4466 97.1793 75.9383 111.341 
30.5949 80.7969 -93.8147 -106.76 -3.80822 -45.4099 112.325 32.6891 -69.3808 -48.9178 -31.2394 116.08 96.4168 66.3895 -73.9938 -41.8411 -80.303 -95.4655 -99.0719 25.3693 -60.5298 51.391 -75.0411 -14.9205 -56.4104 78.5158 -75.2066 -133.696 -139.183 124.177 50.6826 85.2327 -75.3298 93.6575 -91.8041 128.659 51.2976 79.0175 -102.384 -75.7058 -20.0799 65.1903 -105.263 62.0639 -91.7988 112.951 -98.3828 68.9636 -100.353 -50.375 23.2709 50.5752 -30.9715 80.1991 -30.207 49.8709 28.878 24.1928 -15.3339 14.987 -26.7603 -27.5573 27.2466 -11.8433 -44.5284 -41.2203 -8.82746 
41.4959 4.01656 -63.2506 -34.6192 -47.9273 -37.7812 34.2791 38.0523 -51.4325 -33.0877 -10.7944 12.322 71.8914 49.4745 -56.6721 -44.5124 14.469 -64.9061 -76.3715 84.6585 -32.7561 83.9246 -77.2792 -38.8317 -22.3967 32.8482 -34.5479 -67.6164 -17.3542 49.3677 61.813 36.1095 -28.5194 50.9775 -77.4783 23.4769 34.0291 25.5907 -32.3074 -59.7832 -34.3561 60.6582 -57.9956 32.6419 -36.2959 45.5128 -47.5879 7.39669 -15.8324 -55.9591 59.4073 57.7572 -29.7775 40.4242 -22.6631 -7.87982 12.3611 34.7184 -23.975 -0.864889 -33.8537 -40.7305 24.8722 -4.25602 -12.2002 -20.0431 -17.5191 -9.10728 23.0134 20.6995 -4.5548 -45.4739 -8.02368 -5.70501 -12.9256 30.1185 21.0386 -28.0689 -18.0447 3.28549 41.117 -38.12 36.0958 -20.8358 -43.4124 -15.9734 15.3672 -21.543 1.51746 41.5775 17.8734 8.82928 -15.1159 -1.31319 -9.82052 1.44673 -9.8579 -2.44608 12.4101 34.9184 -6.52293 -3.16964 -30.8075 15.1889 38.5699 22.3109 -26.7929 -25.5011 -18.0168 
25.0684 29.6311 -32.7425 -30.2517 -44.8786 2.4406 59.0999 20.0378 -30.6822 -22.4395 -55.6475 64.233 -5.97075 44.7511 -20.312 7.09943 2.61422 -10.6363 -19.5177 13.4854 3.93669 26.4624 -11.0257 -22.2078 -4.49698 17.552 -3.9469 -58.9934 -22.8302 2.71193 9.48178 33.1045 -19.6544 9.86253 -9.69957 43.447 8.72206 14.6859 -20.6099 -25.5734 -12.5039 40.7799 -5.00929 22.3859 -16.1615 20.0004 -30.1574 3.63212 -18.9629 -36.4775 26.0348 21.0226 -30.7139 20.4357 -6.67269 17.5913 41.9868 4.58982 -22.9812 15.6615 -3.00344 -23.1946 -0.079445 -6.07096 -13.0932 -18.7483 -9.11801 8.85396 33.1112 16.9499 9.97748 -21.7501 7.05065 -13.1064 3.42252 12.7685 16.1308 -5.75312 -14.9539 21.4934 12.5676 -16.0253 5.30204 -11.1372 -3.20243 -5.69373 21.0434 -0.544061 -31.4969 3.93149 6.13066 19.0912 -3.747 12.4371 -1.78066 -4.95648 -1.21615 -13.0857 5.03104 5.36321 -0.306372 -11.9736 -2.82882 20.241 13.5895 0.878573 1.53956 -25.5913 -1.69542 -10.047 -0.391137 -22.4825 7.52462 19.5905 16.2512 29.5225 -16.3247 8.44186 -19.6518 5.70792 13.188 0.718586 9.9694 22.3851 9.03676 -10.6349 15.8502 -9.24769 -15.2685 -13.3524 -19.2697 8.81138 10.7494 1.9243 -22.7638 12.017 13.6588 12.373 32.7612 11.8033 -18.776 9.55543 -3.62969 -13.862 -15.8111 -27.8091 -4.55706 -28.6307 -3.72255 14.7363 9.04461 -2.68274 8.02677 -15.9245 -9.70838 -16.8481 -2.38555 -8.69786 -0.814442 7.49182 5.08904 -33.206 -6.13618 -7.66431 13.1642 -12.8415 15.545 9.36308 -1.09485 3.46807 -1.74902 23.8647 -21.2184 -23.7057 17.9153 -12.6737 -13.3168 32.7993 -14.2513 13.8962 7.07565 0.434418 12.738 
8.41724 5.67571 5.41351 -11.5387 -3.27094 1.08581 24.7896 22.4916 -5.28124 -14.1954 -5.54969 14.663 6.99706 13.6256 -13.5317 -6.01736 6.00474 -17.8295 -24.8689 14.8318 -3.94224 20.059 4.78306 -19.874 5.72491 -9.39606 0.653114 -18.4923 -0.794591 23.4754 7.1258 20.3304 -9.31622 8.57444 -6.40707 20.2079 24.6118 17.636 -17.0632 -4.6094 -13.6467 4.76117 -16.258 0.844633 -25.9154 0.3861 3.92503 -1.37944 -19.8423 -10.2058 -12.3672 1.3867 -26.0002 22.8336 -0.664421 6.36572 5.11293 -5.75191 -13.6233 11.9173 -10.2559 -11.819 11.9037 3.2154 -5.5213 4.40135 7.07758 -11.4357 4.31439 9.88406 2.69054 -7.35227 0.313875 1.55862 -3.24678 4.25299 2.78638 -8.68448 -22.7681 13.5714 4.64097 -3.05783 6.49254 -12.6017 -5.18914 -1.74921 3.97578 -11.1383 -11.2043 9.80822 5.67535 5.39098 0.0831168 4.55675 -9.45795 6.97805 -9.2045 9.24927 12.3308 17.0365 -5.37074 -10.1126 -0.815386 16.0028 8.77782 6.13773 -8.59485 -11.6724 -16.2382 -4.92326 16.7097 -37.344 5.18361 1.35188 4.69786 9.6057 -1.18588 17.1012 -7.53243 13.2983 3.72074 4.9124 8.97637 0.701228 21.0299 -5.72021 21.6159 -0.931888 -10.0156 -17.1568 -3.27696 -0.267573 2.37302 2.31766 -8.40168 7.88125 -2.63685 7.87573 3.03645 -1.07216 -7.75243 8.67248 2.09585 -1.55256 -1.14832 -11.6556 -5.98253 -12.1739 10.9738 6.92457 0.734229 -2.73893 7.55575 -15.2632 3.89251 -2.07458 6.01622 -3.02707 -1.35953 4.38092 -5.19762 -15.6095 -4.48616 -4.95891 16.0991 -9.33107 15.2287 7.337 6.55793 1.44996 3.25162 -1.20948 0.766509 -16.2462 7.08731 -2.57131 -22.2366 19.0417 -3.07797 -4.91209 3.08614 -5.89992 8.12565 -10.7927 -10.3693 2.28201 2.42562 -4.49936 -0.748497 -1.49053 -13.298 0.677171 -8.31741 -15.3482 8.5996 5.76233 -2.38025 3.13477 -0.253295 -23.6337 -6.70892 6.29538 -5.45348 5.90146 
7.67906 12.7022 -8.22295 -15.8974 -11.1011 -1.30187 1.60209 -8.24169 -2.62718 -2.3876 -1.64115 5.05899 -0.0988361 2.41145 4.72381 -11.4745 -9.72478 0.6635 -10.5314 -3.86815 -10.1399 11.2832 -8.62166 -12.3584 -1.21493 -8.01944 -0.0284435 -18.6723 0.0764697 -0.064864 2.3992 11.682 -16.8504 12.3311 -0.466329 12.5734 -2.49738 -1.79424 -5.53874 -9.04825 -4.38139 9.23877 -5.62123 8.4192 -11.8907 5.2984 -21.8434 -2.58211 -10.9386 -1.1736 -4.12849 9.54848 -11.63 16.6783 -5.14624 -0.895379 5.02557 3.5128 0.615983 8.72265 4.7844 -8.55475 6.07697 -9.58135 -2.72447 -3.07025 -14.4605 -9.46229 -0.565999 3.19859 8.52621 -5.09206 -0.259002 6.58703 -2.57605 7.83132 4.03377 -8.76761 -8.09219 0.705081 4.72884 -1.40637 0.570204 -2.513 -11.6553 -3.32603 -3.25045 -6.23123 -9.82087 -2.85286 10.2767 4.86363 -9.41042 14.5989 0.75583 0.337701 -16.2577 3.6521 9.03731 8.55612 -10.0498 -4.86819 3.8066 9.35402 6.96587 0.974093 -11.3481 -10.7925 -7.65685 -2.16039 5.62016 -11.3318 8.0366 4.79557 13.7504 4.64624 1.65265 2.70972 -0.541517 4.93559 0.300528 3.02656 -5.04769 5.03404 15.6533 -0.628485 4.69981 -4.10091 -2.12115 -9.10758 0.348462 0.11952 6.55657 -1.24026 -5.64682 6.31354 11.3568 -0.496559 8.50975 -0.920728 -0.0879225 1.47904 -5.8845 -6.90876 -0.479988 -8.79647 -1.23854 -4.61055 5.26196 -3.07475 4.08214 -1.43052 2.04343 -8.09011 -4.98742 -10.3402 4.28767 -10.5885 -7.79711 1.11811 -7.28859 -10.3329 -7.313 -5.45778 0.514868 -0.000880465 3.29269 9.82981 3.42947 -5.92722 -2.80416 4.7747 -4.13425 -0.929319 10.7768 -2.54875 -2.38527 6.09389 -7.74424 2.04727 8.87855 -0.970301 6.23144 -8.41999 -0.642898 1.75574 -0.384589 -1.91657 -4.21089 6.19743 -7.68504 2.91047 2.25071 1.31502 14.6405 -4.00793 -0.335078 
-1.23232 9.40304 -12.5605 -0.532816 -12.6229 -11.8634 3.13966 11.9958 -7.955 -6.22762 -1.65589 -1.80116 3.98149 6.71189 -5.44703 -7.97298 -3.99558 -7.0301 -12.7417 12.2011 -17.7222 1.99092 -11.5527 -0.672057 -4.90569 1.04271 -5.06367 -9.98633 -7.17219 2.02763 4.05057 4.53814 -8.90245 11.7319 -2.25156 9.67654 2.42874 -1.74906 -7.28432 -1.05205 -3.26312 17.1252 -7.71715 -1.42613 -3.31632 7.64051 -5.58979 5.89214 -10.792 -5.94034 7.41439 3.56674 -9.87513 -0.946584 -3.44526 1.14535 -0.0880877 4.12931 -7.25678 6.2638 1.34863 -4.66454 0.625356 -8.13012 -0.222483 -6.68969 0.300707 -6.41574 5.9493 4.45721 8.16107 -6.15156 1.71819 5.2363 -8.50253 -1.37293 0.0366541 -3.1685 -4.64453 1.5576 3.23716 -3.35082 0.825425 -11.0778 -2.89332 -10.1785 4.40867 -13.0752 -4.11829 0.655231 10.8225 -2.83219 -7.6308 7.76362 -3.38531 -4.56975 -0.796483 1.70395 7.08358 4.25332 -3.11078 -2.12299 1.71423 4.98336 12.6737 6.44922 -8.74574 -9.33014 -9.2829 -8.57283 6.83074 -7.30759 3.14361 8.1136 5.61522 11.4219 -2.51768 1.05938 -6.66744 2.37112 0.870251 2.95929 4.13417 4.52387 8.95809 -1.5146 4.91104 0.331449 -1.25492 -4.32653 -4.65987 1.61521 6.55973 -5.74134 -1.90012 1.316 6.56453 -0.624032 4.58559 3.37751 -0.760271 4.5501 -2.03996 -10.4705 -3.81966 -11.6121 -5.69693 -5.3151 1.02377 0.245546 1.72544 -0.528058 -2.04213 -4.79815 -4.55195 
10.1711 5.53562 -12.1402 -7.94575 -7.5149 2.39212 9.23814 10.2327 -9.93832 -10.8326 -2.33907 9.87612 4.32683 12.9409 -7.5898 -8.42573 -4.19988 -11.1147 -11.3982 5.67142 -2.73374 -0.976856 -0.43443 -1.26677 -3.19265 3.71292 -4.85135 -25.4733 -5.60251 4.42192 3.63167 7.55428 -8.02781 13.3774 -7.71203 14.8825 10.2026 5.07727 -8.87474 -11.0426 -9.61268 10.3051 -6.21531 9.06454 -12.5762 3.79379 -14.3346 1.32664 -7.4586 -8.79087 12.4089 9.2189 -12.5946 7.44757 -2.39959 -2.29884 4.02059 4.31846 -5.28866 11.3964 -6.1983 -10.2531 5.15322 -5.94528 -3.33376 -2.25401 -9.66471 -8.41806 4.77811 9.2984 6.41078 -4.66062 2.74913 5.76909 -7.43267 2.99274 -4.37193 -6.96666 -8.8209 3.87011 4.3905 -5.60119 0.929268 -5.80766 -4.97635 -7.25921 2.22872 -9.01235 -8.15352 5.80561 7.1495 8.16979 -6.20774 12.432 -5.04359 -1.21431 -2.37543 -0.652676 6.2231 9.62503 -3.13066 -4.45147 -2.84241 12.4816 11.716 4.05865 -7.25428 -5.20963 -7.1903 
10.1866 14.8331 -17.6257 -3.4888 -12.1043 -6.44726 4.55671 4.58076 -10.7238 -13.2523 -7.62035 7.52532 3.28017 11.2949 -3.49777 -9.76909 -13.8515 -16.335 -15.0254 14.1325 -10.4421 10.5311 -9.68742 -4.62484 -6.29541 6.37193 -12.0709 -21.8478 -9.421 9.43499 21.0623 16.6186 -13.2291 7.95996 -9.46344 22.7498 6.87202 5.72458 -18.6371 -21.3731 -10.1422 12.5984 -17.6996 5.48085 -17.3926 21.7765 -19.976 8.48862 -15.8246 -15.9176 0.982975 9.43354 -15.3811 14.2328 -4.74988 5.18482 3.83606 7.13287 -5.11756 13.4002 -2.89106 -13.2265 5.40023 -12.8273 -5.96936 -6.4733 -4.13859 
17.9365 22.8558 -23.375 -19.9896 -19.1561 -12.284 18.5144 18.7161 -22.2705 -13.5141 -10.5646 14.5848 10.1851 11.0749 -14.1837 -23.6536 -16.7138 -14.227 -29.6732 26.0626 -4.55738 20.7583 -9.52396 -8.30646 -8.31021 21.1772 -18.9277 -30.299 -9.36524 20.2172 14.9418 30.5437 -22.6876 16.4879 -16.944 25.6993 16.418 6.81857 -17.2526 -28.8132 -19.0886 29.6193 -15.3699 17.8582 -22.1052 32.651 -32.2655 12.7826 -19.0714 -16.9801 3.49642 14.2355 
15.8895 31.5371 -26.7135 -25.4572 -23.5595 -26.1529 37.4457 24.9335 -19.5967 -30.5897 -20.6126 24.4806 13.7886 22.7471 -24.7866 -27.7702 -20.8902 -31.3053 -39.3345 45.8545 -23.2478 26.2513 -16.851 -13.9078 -23.3199 22.2917 -24.9461 -36.082 -23.9475 28.7133 30.558 40.8434 -28.0808 27.3154 -20.1066 32.3306 17.7984 28.8287 -32.0071 -43.3201 -26.5046 41.991 -30.5671 20.3109 -31.8231 41.4847 -35.2975 
19.366 36.1018 -44.6066 -37.3293 -36.0353 -34.5838 37.2922 30.7774 -31.2821 -41.2605 -29.4277 34.1184 30.1 26.7792 -29.5184 -51.2734 -25.6902 -38.6072 -47.3342 51.539 -38.7789 33.9346 -18.9716 -18.4668 -21.5955 37.1639 -33.4646 
22.6815 46.751 -45.0389 -56.886 -41.9936 -31.588 54.5405 38.5256 -47.5294 -55.0361 -48.9172 32.8613 32.1252 33.2964 -46.2147 -62.8311 -40.6138 -47.834 
24.2441 47.4855 -46.5483 -61.0431 -50.4829 -44.2373 61.7354 44.6716 -49.7511 -61.4476 -60.3297 56.5397 57.4602 36.3236 -50.5111 
38.6604 52.8353 -71.8864 -70.8831 -61.0868 -67.163 72.8834 60.6532 -56.8044 -46.7682 -53.5883 75.4125 81.3043 58.5827 
62.5339 64.0562 -76.0242 -83.3964 -68.8134 -62.8954 97.3212 87.5827 -64.0226 -77.0001 -55.5877 80.9459 69.8244 76.8206 
78.9476 90.6568 -105.461 -111.676 -78.3786 -68.7253 110.779 92.9599 -79.8756 -94.1248 -56.6207 84.0908 76.7315 101.263 -96.9923 
87.497 100.929 -108.743 -127.919 -90.0905 -103.773 123.156 105.257 -81.09 -106.886 -82.3917 84.1764 94.9524 118.119 -107.979 
111.115 114.678 -130.505 -149.504 -115.178 -125.592 129.153 126.467 -123.454 -124.503 -111.059 126.094 117.607 145.708 
124.371 133.105 -149.608 -158.929 -144.29 -130.26 144.837 142.879 -124.559 -139.491 -123.199 146.159 141.818 159.784 
132.535 152.339 -152.922 -191.78 -153.1 -160.644 173.112 168.119 -157.447 -152.244 -153.419 157.127 164.906 
164.886 193.418 -167.998 -209.555 -190.033 -172.494 190.218 201.191 -176.469 -147.482 
190.081 199.354 -173.811 -234.734 -202.064 -190.147 201.268 214.952 -179.754 -156.261 -200.403 202.07 
