13.7985 8.98876 2.88553 5.721 4.81123 3.57587 -13.3012 -16.523 6.62401 8.34375 -3.73332 -6.66812 -4.33231 -4.98461 2.688 9.71203 3.3029 -5.33062 -8.77317 -3.15901 -8.65044 0.215638 -9.10023 -9.33141 -6.77114 8.15464 4.89322 8.63667 3.52778 10.7011 -14.362 -6.37501 8.83623 8.66496 0.884068 -15.9233 3.56031 -1.22221 14.6749 7.89057 -3.49283 -5.46172 11.1472 2.549 7.13252 6.89031 -12.7265 -8.73431 -8.2987 14.6628 -8.17703 2.60834 11.5748 8.59363 4.4341 -2.16308 5.44579 -5.91893 -6.84085 5.31768 -6.89793 -4.24161 -7.44868 7.172 -1.19032 2.37781 5.88717 -5.80707 2.24653 0.361223 -8.06606 -4.95284 7.69966 8.827 2.09064 0.233675 11.9072 3.58683 5.56165 1.38286 8.60605 -1.21731 -7.11467 9.90989 -6.266 -11.5642 -3.54221 -6.01239 9.38304 3.22706 -9.60319 -4.11252 2.79778 -3.65157 -1.66309 7.05476 -4.54558 -4.9835 -9.60537 1.82272 -2.0613 -5.6493 6.97991 10.6723 0.396679 7.35043 -3.57746 3.386 4.35176 
19.3641 13.8636 2.15352 13.1856 1.36441 9.93746 -12.6909 -21.6851 9.8846 13.7755 -8.04036 -12.4209 -5.50658 -3.0461 0.146287 9.4536 4.67373 -7.30225 -8.93743 -0.873289 -11.3155 7.35048 -8.7381 -10.0482 -8.18097 13.4135 10.0424 15.2775 6.94733 17.5808 -18.4781 -5.97084 10.0221 6.38496 9.76364 -17.5609 11.9643 4.74723 20.3959 7.34827 2.22523 -6.21726 17.9405 5.04094 8.44604 12.0549 -17.1777 -10.786 -17.948 21.2564 -7.50621 6.86106 13.6018 13.0351 6.31284 -3.98187 10.6008 -10.9361 -9.84575 9.83071 -9.24067 -1.66015 -8.35377 4.9325 2.86232 5.68163 10.658 -4.6542 4.23548 1.00765 -9.43433 -5.48531 7.63477 7.79411 2.13433 3.11188 12.2779 1.30967 5.59754 -1.12175 12.2207 -2.21749 -9.12489 11.6803 -0.846961 -13.3685 -4.85568 -3.59406 11.4041 2.95185 -9.97106 -3.79592 -4.91743 -4.69855 -3.10467 8.79005 -6.46279 
21.0373 18.8967 7.77381 16.6071 2.58459 13.5704 -15.1251 -24.6813 7.67146 18.2009 -10.5828 -18.2804 -8.42539 -7.5796 -5.65656 13.1048 10.1541 -9.5118 -11.0445 6.52989 -16.4546 12.8294 -10.7306 -12.4115 -11.6638 12.7053 12.9418 14.1137 8.626 17.1871 -21.0511 -9.95855 11.8412 7.20787 10.8779 -21.6452 11.7918 6.41972 18.019 8.02321 3.57429 -12.4343 19.5586 6.42609 7.19194 14.5484 -19.9098 -12.3797 -22.8948 21.8245 -10.6529 9.56229 16.0588 15.766 4.19216 -6.53799 11.4195 -10.21 -7.06448 9.80882 -10.077 -0.421036 -10.5166 6.94235 2.53614 4.69124 10.3112 -11.8489 5.1985 1.67006 -15.3981 -7.55059 10.3032 6.46619 1.81942 5.77557 11.7403 0.261089 5.00014 
23.7862 19.8509 5.96612 21.1922 10.0938 12.6663 -18.1906 -30.9271 6.52153 17.7266 -9.94784 -18.4874 -18.7592 -10.862 -11.6651 15.3833 14.4679 -8.31818 -14.9914 8.7105 -14.4386 18.9862 -12.556 -15.424 -16.618 15.7201 19.22 12.9065 14.4611 20.1703 -21.0494 -8.70923 13.1311 12.374 16.0569 -29.5023 17.2552 9.19824 21.0568 8.18837 12.435 -17.1835 20.703 13.4638 9.94454 23.3377 -27.4796 -15.4264 -26.7119 15.0868 -14.407 15.8779 20.0155 12.0578 4.57615 -4.63376 8.84326 -10.6699 -8.6673 10.5035 -9.46596 -7.86156 -12.9374 11.878 
31.7348 25.5327 11.482 26.9415 11.3874 17.8646 -23.7992 -40.5798 8.18457 20.0038 -20.8409 -31.6572 -22.5598 -14.318 -18.1707 25.9234 18.3038 -11.2512 -22.3553 9.36598 -18.0403 24.2408 -22.5219 -20.5861 -24.8007 20.6424 29.9344 16.7578 16.9533 26.5299 -19.5663 -20.4485 18.5668 19.4766 19.8985 -31.9659 16.2998 13.662 26.351 11.2923 20.2321 -22.3829 25.6707 11.0997 23.8668 18.4281 -32.0508 -15.2794 -33.2536 26.0425 -16.5305 
40.426 31.9856 24.139 28.1341 20.3434 19.0756 -26.1827 -43.0792 13.7658 27.8146 -30.9312 -32.1783 -32.0096 -18.7102 -20.1773 28.5064 30.2558 -17.9651 -27.1764 8.06292 -22.7869 29.0739 -26.6065 -29.5956 -20.8967 26.2351 31.1321 21.9161 20.7089 29.1279 -33.2499 -27.4647 25.3443 31.0788 28.2867 -37.4969 23.7156 18.8004 27.2995 18.6827 26.5046 -27.7906 27.506 18.597 30.96 
44.5979 36.1332 29.2994 30.2697 29.2298 25.9104 -35.0507 -51.7277 15.6219 33.8224 -40.8751 -36.9174 -39.8809 -25.7364 -20.3531 30.2392 39.7529 -24.7277 -22.0057 14.7375 -13.638 31.836 -28.5062 -38.3866 -35.9545 29.8337 34.4565 31.8203 16.4885 35.6067 -37.4522 -32.622 33.584 
41.9872 36.02 39.0337 48.9029 31.2207 36.0881 -34.3797 -44.9495 19.4078 36.8354 -42.7998 -39.7657 -41.101 -27.9841 -25.5103 34.9331 34.5122 -28.3712 -27.6422 24.5914 -24.2841 32.5739 -32.408 -43.1754 -41.3583 33.2709 37.9301 34.3745 25.7273 38.3169 -36.5754 -29.6565 37.407 46.6789 42.4062 -48.1698 36.6682 31.748 
55.564 36.998 42.2315 49.062 41.0266 37.8527 -44.2614 -49.9232 33.7103 47.9064 -41.7532 -49.8632 -43.6609 -39.1434 -31.9365 50.0865 40.9457 -24.402 -28.5083 26.5162 -25.1954 38.1054 -32.8974 -40.5798 -43.2583 37.2473 35.8071 51.4804 28.4605 44.671 -46.9003 -35.1077 46.9579 
57.0039 37.4002 42.5408 48.8513 46.7776 35.2302 -33.8987 -58.1044 35.851 52.0167 -50.657 -62.1912 -50.9958 -39.829 -23.267 39.8747 43.8943 -30.6372 -40.6425 34.067 -34.3764 41.6856 -36.6016 -46.3645 -41.4776 35.6798 41.4231 48.2983 39.6658 47.9692 -49.6583 -34.4121 57.2613 52.9893 
61.4612 46.7365 45.9912 64.5717 57.6971 39.5628 -41.0396 -74.1165 32.9045 49.6192 -45.1624 -62.306 -64.5235 -54.1723 -23.8711 49.4742 60.1508 -36.5959 -39.4754 45.2888 -41.8762 52.3014 -41.0776 -50.6593 -62.4377 44.2639 45.3584 70.7362 40.6835 36.5958 -62.3206 -42.3761 60.8123 56.7522 
66.8206 58.6325 46.5474 60.581 58.5207 44.9411 -37.3328 -79.6516 51.7726 60.3513 -51.7334 -54.1319 -64.6073 -69.1847 -31.6841 57.5412 68.2437 -48.4747 -44.363 60.5043 -45.8989 56.6743 -45.3545 -53.8146 -65.7537 41.0715 54.0877 78.7333 50.6344 50.1846 -56.991 -47.906 62.6226 
70.9009 62.514 46.2289 50.3478 70.9244 44.0895 -44.3911 -89.4681 55.077 59.7449 -62.5599 -70.4423 -69.7728 -77.3505 -38.548 58.5383 71.3199 -37.0355 -57.4234 55.7585 -62.2321 56.9407 -53.3297 -68.5008 -74.8144 63.6269 71.4191 79.4468 51.5432 59.9474 -63.4745 
75.2093 77.5048 64.1364 56.7214 71.866 43.7721 -64.3247 -86.2611 56.7407 72.6161 -69.2136 -78.0089 -75.202 -86.4931 -34.668 60.7503 72.8782 -52.661 -66.4118 62.0529 -63.1836 59.6879 -55.5399 -80.1173 -82.2416 56.7741 59.621 86.3171 53.1557 50.6984 
65.7126 86.1572 56.2504 71.6483 60.2472 51.7914 -86.0063 -85.6761 72.7965 84.5524 -80.983 -78.5363 -81.7301 -96.7779 -51.257 65.6449 76.9737 -48.4142 -76.2703 68.94 -65.954 74.3809 -64.0251 -77.7383 -101.42 68.9012 
90.3402 90.4988 64.189 86.333 66.1367 46.6313 -69.6196 -88.8207 73.4176 91.5513 -85.7141 -87.6426 -99.8751 -102.186 -46.6465 78.4533 71.2539 -42.2258 -72.1006 76.8768 -65.4531 73.771 -74.8003 
85.8407 83.1078 72.2305 88.8922 85.3947 41.4146 -69.6016 -105.846 70.9388 83.9631 -96.0596 -107.391 -94.0342 -94.5726 -45.7935 65.324 86.7865 -44.8676 -78.0238 72.929 -96.2664 
71.3088 84.8907 73.4603 79.1393 91.7024 48.4995 -56.5719 -77.4152 64.3933 90.3594 -86.3398 -100.476 -112.449 -101.795 -57.2145 76.9572 92.2845 -65.4146 -59.4812 72.9602 -101.007 77.5551 -81.2767 -84.189 -87.7002 90.4806 88.7498 109.275 54.151 
107.267 77.0371 77.5003 72.4479 77.6645 49.6585 -60.2279 -67.2724 60.4168 103.801 -80.1861 -86.944 -115.218 -97.8957 -65.1148 85.485 85.24 -68.6309 -86.3272 85.4795 -91.0306 80.0895 -63.3918 -70.1436 -87.6588 72.1996 77.6013 100.418 81.9138 46.2578 -94.7253 -97.0769 98.6388 
105.131 61.0709 76.1042 77.4508 87.2139 58.1338 -52.9318 -69.6088 71.5619 89.5456 -76.7855 -79.0582 -119.081 -96.9065 -67.1123 66.7318 84.7009 -52.1376 -84.6719 66.479 -74.2397 61.8873 -62.2737 -85.4357 -72.234 62.1747 76.7855 100.981 78.9819 
96.2165 67.2577 57.5962 76.7881 69.389 41.7801 -67.8756 -78.8083 99.0848 94.7742 -77.2369 -90.7357 -104.579 -79.1441 -57.866 77.393 91.394 -46.7649 -69.4214 61.6116 -83.2261 58.8388 -86.0294 -110.542 -84.5748 55.7914 
101.03 78.7223 54.8971 72.7507 74.252 61.9925 -74.5266 -96.841 77.8772 76.1089 -81.7356 -90.4773 -78.6253 -82.4116 -58.239 78.9857 77.7466 -46.8624 -91.4744 70.0932 -73.3781 67.9284 -72.151 -90.212 -86.5898 77.7745 74.6648 
82.9447 77.2395 75.4592 66.102 81.5166 47.9398 -78.857 -101.808 85.7237 88.1025 -92.1495 -88.7471 -87.5043 -87.0182 -95.4807 63.6302 79.9271 -67.489 -77.6559 47.1941 -85.3769 
99.7309 101.596 73.9549 90.5473 102.914 80.1283 -108.277 -80.5064 74.0163 100.922 -99.0297 -83.3995 -96.2198 -65.3695 -81.43 56.1427 97.0833 -62.5388 -89.4701 47.1053 -82.9264 98.4026 
126.13 119.318 62.7695 97.3667 100.931 94.6633 -85.0687 -126.14 70.8476 83.1328 -109.94 -92.471 -89.1527 -96.2761 -66.4086 72.2189 77.6838 -90.5246 -83.2678 70.0838 -107.406 99.8006 -107.959 -86.0125 -91.7742 86.3337 
118.491 128.145 112.218 94.3177 113.567 52.9585 -101.7 -130.762 83.6982 95.7457 -89.5398 -113.29 -99.5486 -126.755 -71.078 113.121 117.103 -84.7671 -122.227 78.7645 
118.703 107.52 114.752 123.264 111.058 85.4077 -141.513 -114.669 103.647 126.116 -100.307 -118.686 -129.585 -127.101 -95.4763 86.2835 139.582 -81.5346 -129.538 98.5059 -120.84 114.583 -132.408 -121.112 -128.293 114.516 
133.931 119.097 115.879 125.705 127.275 82.9623 -157.227 -125.126 125.842 133.034 -107.972 -116.332 -135.312 -152.652 -103.488 89.6041 144.849 -106.918 -109.23 88.3588 -103.92 109.385 -148.414 
133.95 130.909 135.367 114.495 125.498 23.8928 -121.337 -124.437 123.556 132.39 -142.192 -142.037 -145.179 -130.652 -99.7577 120.807 167.785 -107.649 -158.353 63.2608 -120.302 128.297 -109.758 -117.866 
143.918 135.327 129.507 136.943 153.516 78.6374 -163.382 -131.573 132.804 130.307 -135.034 -144.09 -171.681 -129.571 -101.247 97.5762 148.725 -101.674 -131.268 76.7373 -128.974 129.498 -116.919 -115.719 -161.307 
148.212 129.759 131.516 119.057 131.014 87.7464 -148.922 -142.883 126.197 132.039 -133.841 -114.527 -174.782 -136.272 -69.4765 122.421 134.554 -89.2107 -135.908 48.8154 -137.077 116.562 -131.818 -142.545 -128.16 97.5786 131.642 
141.358 130.181 157.707 120.328 154.496 65.4445 -128.45 -104.115 135.981 138.1 -161.489 -118.377 -157.984 -124.717 -87.3683 114.589 137.574 -91.9408 -146.148 92.4837 -150.491 90.4993 -134.182 -123.414 -118.031 98.2901 92.5309 154.274 
118.21 121.696 132.509 85.6248 128.679 63.2023 -158.89 -109.784 94.7192 109.653 -157.802 -110.549 -100.694 -131.536 -87.0057 103.327 133.268 -81.6387 -94.0554 75.3013 -91.0067 130.154 -124.176 -125.523 -145.816 109.3 82.0505 149.123 
121.817 79.5751 115.098 97.0928 138.585 20.8197 -118.016 -102.327 107.565 95.9978 -140.045 -137.501 -108.024 -120.953 -42.6085 96.421 119.752 -74.2059 -99.5352 31.8675 -86.1245 105.346 -83.5149 -99.6473 -93.1561 109.991 56.9605 95.7326 119.166 116.742 -130.892 -95.6996 115.649 74.6686 108.983 
88.7146 93.4082 121.712 96.7521 94.0037 49.5412 -101.068 -42.467 84.2893 127.503 -119.553 -103.769 -68.6557 -72.7908 -75.63 66.0392 126.471 -49.3537 -115.399 77.8433 -87.1051 84.412 -84.5112 -59.063 -113.555 103.522 74.6037 79.6505 69.3903 101.543 -122.651 -68.2785 119.061 53.5141 88.4517 -78.4145 89.8555 71.4097 100.583 75.4257 36.1044 -65.0895 105.685 33.1475 109.987 1.91388 -84.5887 -55.6994 -74.2874 
35.5575 66.2198 60.2116 78.2423 72.9559 43.558 -74.2601 -91.2731 43.3574 95.5004 -113.601 -77.7635 -83.7219 -33.6951 -27.0821 56.4597 77.2655 -46.5109 -53.7222 26.8047 -84.7334 57.1936 -40.2754 -60.9697 -88.8384 53.994 76.803 58.8801 105.455 74.3336 -100.562 -35.5083 68.6527 66.3224 29.3382 -118.792 31.711 57.1421 41.2231 41.1657 71.1295 -55.5255 66.277 27.3988 93.3712 11.0835 -84.9963 -60.1279 -64.7603 24.1502 -48.0592 27.6543 69.0584 71.1539 9.56583 -26.9697 12.5098 -26.3 -20.9606 32.8997 -20.0684 -26.5755 -4.26005 
77.5286 11.2317 46.0028 32.6022 63.2668 -3.69199 -31.7079 -46.4745 29.7165 36.3398 -18.1981 -29.1025 0.420054 -44.7206 -9.80057 37.6958 53.4017 -38.4709 -49.4037 43.4408 -38.3198 32.4166 -32.0742 -61.9382 -51.6993 43.6812 43.3646 42.4243 34.4976 27.7901 -50.6219 -42.6993 57.4606 16.8044 39.3918 -10.5894 22.7477 36.254 56.2474 29.3425 -2.80007 -31.9639 44.6804 30.3333 54.51 38.2008 -53.4154 -16.2221 -23.4508 64.3172 -41.6001 8.53406 21.2563 62.6411 19.3328 9.55656 9.58007 -18.8939 -25.6047 14.8872 -1.10705 -26.9514 -3.98264 6.24503 9.79106 -6.24614 16.8991 -4.38647 18.4971 -13.7939 -11.5292 -8.09576 22.7735 7.90222 8.22257 27.3492 38.5756 -19.6731 12.5094 -13.1165 27.3386 -27.5313 -25.1189 5.26562 -24.4606 -42.5051 -20.9947 5.70699 13.4186 16.551 -35.1881 -2.11099 -9.40549 2.21263 -18.2287 5.81906 -28.4202 -6.25119 -13.5888 -7.23176 -19.2405 -35.2024 18.2073 5.19773 11.8314 12.9714 -38.6157 13.4544 20.011 9.31562 -19.143 15.1658 35.9319 -13.0253 -26.4371 32.8395 10.4957 -37.0874 26.2117 -16.9774 
50.5237 13.8282 -0.719109 -2.59254 29.2578 5.13451 -23.8783 -31.5926 2.66127 -6.9686 -22.885 -59.4715 -28.3938 -10.9062 -12.0034 8.94334 22.6055 -12.915 -13.0412 13.7399 -28.7223 3.70217 -23.37 -16.0085 -37.931 53.4351 20.1667 4.74136 11.7984 26.9885 -34.5529 -24.8071 0.731761 8.91259 18.9707 -38.7927 13.7891 11.2665 17.4946 20.0997 16.9307 -14.9774 12.6183 38.9051 21.6838 9.74293 -24.9023 -13.6549 -11.7585 20.9099 -24.0788 18.2208 12.8075 16.0922 -0.328202 1.12463 8.53189 -6.08334 -2.05674 8.96918 -5.25101 -9.33376 -18.2232 20.6658 4.07902 -4.87017 18.4696 -16.8375 3.98207 10.5396 -12.759 4.46014 18.3881 17.1154 6.10038 -1.29817 18.9333 -6.97722 18.3054 -12.5915 5.20639 -5.59888 -5.48261 13.6796 -18.7923 -23.413 -8.29643 -2.75036 14.933 10.7003 -4.61255 8.16013 -2.68855 -18.0546 -13.9221 15.7379 -22.8951 -8.43066 -13.6139 -8.88068 -9.2996 -15.014 11.7051 14.0784 13.105 7.63621 -12.7893 0.352481 19.3773 0.922098 -17.0916 10.2458 6.18742 7.26835 -2.29258 10.5908 11.8648 -9.60265 6.64268 -20.0602 -19.0785 -14.6611 -11.3221 6.7512 -13.6936 -4.38801 -9.53255 -3.15456 10.4107 9.73232 -10.5059 -0.89284 10.4042 16.2859 -33.9187 17.4238 -3.00003 2.2806 -7.85565 -8.97439 5.0955 -32.376 -6.27609 -13.4591 18.9529 2.98679 -8.35146 3.14879 -8.47675 -5.45168 -0.233087 7.54284 -3.21818 13.1074 -3.95104 9.52728 2.60318 -1.73194 15.4468 19.2905 -0.103311 3.53642 12.0371 24.3303 -6.48549 8.4608 11.117 -5.02464 -8.84869 11.0768 -4.07108 7.43481 2.61228 -3.22324 -5.72267 -8.9845 -1.71075 -2.11621 19.139 -13.1053 3.84574 8.42164 3.72849 21.4295 13.1489 -15.7769 -10.0627 10.0802 13.8518 2.40423 -17.3264 0.908164 -7.67959 -12.1219 -18.8516 5.78068 0.713137 21.7004 -1.31282 3.99924 -6.23438 7.54664 
0.103768 11.1014 -1.71029 7.26183 10.5358 -8.2676 -20.6243 -22.6028 8.40532 12.7119 -7.08801 -5.40309 -1.07562 6.98392 -0.554371 15.2774 5.31993 -3.76548 0.766204 -4.15844 -5.48549 -0.803837 -13.565 1.76322 -11.9308 22.6383 -0.0714496 -2.91981 15.5705 27.2703 1.87886 10.6116 6.25355 14.1375 21.3194 -14.5279 7.93065 12.0816 2.05009 16.0505 1.34884 -19.5412 7.96785 -4.42757 -3.49863 7.34612 -12.5289 -10.485 -9.11076 0.235007 -1.13031 5.21365 -1.29065 9.53911 9.14564 -3.61599 16.1246 -1.45564 -2.46481 10.3904 -11.8697 -2.95444 -0.589444 8.21558 14.2468 -0.687382 9.69942 -6.16814 -2.76008 2.21402 -15.1677 -1.48285 0.0743866 -1.07585 0.278024 -6.33994 13.9256 5.97158 3.16247 -0.310629 6.40822 2.30733 -4.4499 3.86498 -3.89352 -6.7403 -1.98257 -5.87641 7.26785 7.62165 -5.49908 -4.653 -9.92833 -8.17447 -19.4661 -3.10667 -11.5488 0.730855 -6.25681 10.2025 -12.598 -19.0514 5.14775 5.21957 2.38184 5.72756 -11.399 0.478672 6.62256 6.75063 -5.01453 1.75916 3.90796 -5.59878 -8.64955 18.0672 10.565 -3.55921 7.27182 3.70664 -10.9772 1.04379 0.688756 6.37966 3.382 -12.706 -6.87607 4.83907 2.30564 5.61289 -2.22572 2.91386 3.16234 14.4675 -4.60264 5.15796 5.38166 -2.70403 -1.60607 3.64695 -1.10639 2.01479 -1.87719 3.3262 3.37216 7.49693 5.73908 -1.18987 3.17471 -3.99838 0.0791117 8.12534 2.80757 2.88137 -5.80171 13.4278 3.52161 -4.87938 5.43993 10.1792 -1.61997 -5.74199 10.7883 8.54677 -4.95993 3.94765 4.81653 -5.79159 10.3962 -0.0296233 -12.2408 3.42875 -6.7608 -8.16378 -2.92645 -6.37578 0.872973 4.37004 5.86408 -4.4311 12.4521 3.84407 3.30332 1.76332 3.02122 -9.86978 8.49302 12.0289 12.6102 3.60677 1.72991 -2.31976 -9.43772 -5.90757 -23.8084 5.21148 -8.6239 9.14529 -6.18517 2.34783 1.55444 4.43809 11.1099 -0.172877 -4.98209 -2.39529 15.3815 1.16284 9.45501 -0.306911 6.17693 2.20068 -3.21411 -12.7324 -8.67709 -0.941296 1.18835 6.76735 9.69419 -4.73237 9.19127 4.1838 10.2238 1.34091 -13.6357 -3.26497 -23.0523 -5.68793 0.402912 22.5806 -11.4584 17.0456 2.7922 4.29495 -13.7984 -10.6199 -5.50957 19.5124 -15.5903 -17.1674 7.93017 -10.12 15.671 -6.86597 5.75779 -1.65513 -5.67482 -19.8522 -13.6881 10.6674 -8.72905 7.08093 -2.1901 -2.61181 12.5354 -22.5499 -8.36847 6.8692 -9.17818 -16.4366 6.95578 6.06227 -0.85732 -4.33202 8.32003 -15.7303 -3.33819 -0.776627 
4.70843 3.34594 3.23149 10.3213 4.94741 0.170126 -6.16398 -7.54748 6.34121 2.10275 -2.34333 -2.48344 -7.97812 -2.44752 7.45765 4.30359 -0.895292 2.48981 -3.36178 7.65824 -11.9347 -3.70514 -9.61946 -8.60701 -1.07256 3.11605 -0.303112 12.3999 7.83391 8.11216 -15.5273 2.92855 7.20657 8.33948 -0.199579 -19.1713 -3.02503 6.7109 5.87482 0.325906 9.05288 -0.247872 8.99647 -3.56534 2.89161 -1.7069 -9.74852 -11.5555 -0.315645 9.8492 -4.28496 9.17594 7.56425 4.42414 3.53528 -5.55748 1.84039 -4.49181 -12.1588 4.06908 -3.30521 -5.6128 -6.30512 2.75369 -0.564413 0.310191 0.0321984 -5.62046 1.16592 2.84844 -5.53002 0.921665 6.89612 2.64538 4.32741 1.98696 7.20675 6.22159 5.89087 -3.01337 8.56728 -2.11161 -4.93038 8.09529 -6.71661 -5.98782 -0.370348 -8.94304 8.16584 3.18862 -11.0137 -5.94537 -0.977191 4.05275 -6.2015 5.04002 -3.99352 -2.86159 -11.759 2.67047 1.54893 3.08118 9.48968 11.7277 0.865511 8.19468 -7.5756 2.44267 5.23804 1.69182 -0.51059 11.5391 3.86808 -6.66578 -6.70302 13.5494 5.90946 -5.268 -2.74965 -2.54064 -5.40802 -6.87933 0.551395 7.80861 -2.80363 -3.37591 0.817945 -5.77803 -5.02367 2.85808 -4.25036 -3.00922 2.09747 4.5168 1.10878 2.3554 2.14574 1.83269 -1.99445 0.653896 -1.93874 -5.22057 -6.07844 -8.47263 5.09189 1.76377 -5.07105 -5.45066 0.647243 -7.42971 -2.47043 7.81708 1.5571 -5.36025 -3.90152 3.59837 -2.5718 -5.5741 -4.55422 5.93029 -0.94138 -0.936439 3.14794 6.93206 -6.55489 4.73631 6.68712 -1.19663 1.55595 -2.99041 -9.55044 10.7758 -2.9792 -0.318052 -3.6137 -3.16764 2.58647 8.42638 5.38403 -9.47899 0.0214867 3.23546 0.258576 1.87622 -0.250354 -2.43427 2.30495 1.12016 9.31521 7.31709 -6.94144 4.55663 -4.20264 -3.28823 -9.31227 10.0154 -3.02229 3.58656 5.37703 3.45462 2.7408 6.90881 5.94042 2.0698 -8.44828 -0.304846 
13.2543 5.4143 2.43007 4.11175 4.22114 7.70246 -13.492 -12.7244 5.75546 10.2954 3.91855 -2.35662 -4.11746 -8.619 -4.27091 3.92533 5.73574 -3.84381 -9.28558 -3.04705 -4.91851 1.83356 -11.823 -9.68276 -2.70727 12.3863 4.91732 0.46411 5.72574 5.53999 -11.7538 0.376433 6.37101 4.74159 -2.10658 -15.9487 1.79966 0.745828 9.4642 5.60268 -4.06208 -3.75852 8.14304 7.15001 4.90119 0.90971 -8.8882 -6.07496 -5.28525 1.10066 -1.07387 1.4844 3.98255 1.25488 5.4399 -0.33609 2.22972 -5.22869 -9.90033 7.03825 -1.32731 -4.28274 -6.32552 5.7345 0.9839 0.957721 0.957906 1.817 3.92771 2.7133 -1.62671 -5.94579 10.7619 5.79672 -1.44131 0.181787 8.44879 4.20171 5.6847 1.86133 11.0544 3.2143 -7.76725 8.24545 -9.63848 -12.5252 -4.12977 -5.834 7.80144 3.04115 -10.8051 -0.976953 -4.15486 -3.37547 -3.96834 10.176 -6.31523 -4.6817 -8.6616 4.56739 -0.733768 -5.8287 3.40842 10.6062 1.06147 7.44643 -6.37442 2.68486 4.7677 1.14229 -0.0809071 8.81151 2.73983 -6.44027 -7.1749 9.52906 7.00152 -2.23744 7.92606 -0.815267 -4.45685 -6.92102 5.22449 5.33808 -1.91991 -0.149122 -4.91458 -0.5078 -3.06995 7.36398 -7.78205 -0.717937 5.05178 3.09875 -1.8508 7.13181 6.88909 6.24379 -5.90047 -2.51822 -1.80915 -5.8083 -2.34849 -8.75119 2.43979 5.63338 -0.36201 4.50743 4.7479 -5.1458 -1.11242 7.82593 2.26842 -1.14302 -4.15298 7.7443 -3.00741 -7.28474 -3.45358 6.3496 -1.69674 -2.39984 3.80012 12.572 
20.3885 10.097 3.43662 7.99734 7.94209 5.74073 -9.56824 -16.4379 2.71757 7.42067 -3.91672 -5.12344 -9.3327 1.13378 0.853476 9.91096 -0.987781 -4.77288 -5.82953 -9.11066 -10.7543 -1.34501 -7.41564 -13.1349 -4.01912 7.9527 5.95863 10.4332 3.33001 13.5978 -9.79949 -8.40732 8.78167 4.32118 8.02134 -19.8597 -2.19193 3.71237 14.274 10.7502 -0.329501 -8.67545 9.59563 2.96289 7.04709 5.3205 -13.5641 -8.29996 -7.89104 14.0472 -8.34664 1.29373 8.68351 5.71248 3.99641 -4.27301 6.05465 -9.49584 -9.43576 5.16952 -4.87896 0.0523082 -6.7202 3.00875 -0.432958 3.62779 10.3142 0.91114 1.61436 0.16035 -10.3823 -3.58506 11.2607 4.39315 2.75457 -0.263817 11.5402 -2.3608 7.26932 -3.5267 12.024 -0.0722355 -6.63988 6.34502 -4.26474 -10.3254 1.11547 -3.02323 8.69799 2.86613 -9.63377 -5.67951 5.85684 -1.60949 -1.5594 5.60049 -1.86644 -3.34628 -10.3085 1.36614 -5.928 -6.9466 9.79677 12.8068 -0.30488 8.02237 -4.93093 4.44321 4.53113 3.63702 3.41443 8.59168 0.822673 -6.13571 -6.57292 13.2452 6.09245 -3.76501 10.5722 -5.33457 -5.84855 -7.70057 3.58492 6.30161 -4.97976 -2.52466 -6.23469 -1.70398 0.920848 7.16125 -8.92885 0.291422 6.3056 5.08594 -3.64082 5.74552 5.08288 4.5066 -6.49091 -4.20237 -1.07863 -4.92088 
18.3047 18.2553 1.18422 13.3833 5.32043 9.70963 -18.6779 -22.0587 8.21121 16.0716 -3.47265 -15.9306 -12.0917 -4.85387 -1.8949 7.30777 3.60825 -5.01682 -10.9522 0.393903 -8.5569 9.90943 -12.0554 -3.93676 -6.38845 10.1087 8.76426 8.77777 3.4866 15.5556 -19.9821 -8.31086 11.9474 4.79894 8.97413 -17.2501 7.66628 3.21666 11.0515 3.73424 2.6068 -5.67857 14.6968 3.38411 2.36021 14.3479 -13.473 -5.59131 -14.6691 13.9438 -8.12612 4.47743 12.5076 10.8129 6.49455 -5.20259 9.7761 -8.25613 -7.07373 7.98614 -10.1398 -2.64808 -5.76708 7.42977 3.64628 4.53329 10.994 -9.17378 4.02467 0.413566 -10.8982 -5.83616 11.1107 5.15709 2.22151 0.885567 13.4254 -0.945377 3.98175 -1.7923 7.59732 -0.458191 -7.30234 11.2063 0.379363 -11.2975 -2.9148 -3.91789 7.49809 4.46136 -8.64497 -4.78132 -4.71307 -5.28448 -1.15203 7.29602 -4.25234 -3.86573 -8.5014 2.04736 -5.12641 -4.44763 7.83634 14.2188 0.25123 7.02944 -11.5068 6.11862 
25.7969 15.7049 3.98977 19.2482 4.88209 10.7001 -14.7649 -22.528 8.13567 11.4536 -8.54676 -22.0607 -12.4125 -7.82549 -3.62163 13.8084 10.2229 -8.84004 -10.9112 -1.88254 -16.3926 10.6019 -8.52534 -12.3922 -12.3769 14.09 8.66887 13.0708 5.31316 19.1938 -19.2988 -10.6293 11.2922 4.84614 9.48039 -18.7748 10.4657 6.58675 18.8072 13.3727 1.14371 -14.0793 17.919 2.87386 7.97417 12.0874 -18.2817 -10.2434 -16.349 21.144 -10.1092 8.2825 21.4943 15.5415 4.73787 -7.45082 8.55016 -11.1076 -8.3186 9.16413 -8.56081 -0.217544 -8.30201 8.49719 4.21036 5.5083 11.3726 -2.64256 5.06079 -0.00150131 -15.2093 -9.91041 9.58993 4.54534 0.643512 3.96646 14.8706 0.0606421 5.14441 -2.33723 15.2499 -2.0506 -9.77027 
26.7868 18.806 7.89383 19.5683 10.2157 14.3826 -18.3545 -28.5571 8.47563 19.6333 -4.8713 -24.6825 -16.1867 -8.1557 -10.4996 14.0685 9.56496 -9.37862 -18.6134 6.63021 -15.3278 16.8912 -15.4768 -15.9732 -10.8367 15.3805 21.6742 14.8085 12.7158 20.1452 -19.8887 -15.7114 12.6793 10.0826 16.7654 -33.173 15.7165 6.1155 21.1604 12.9261 12.5456 -13.8472 14.5347 11.6971 12.2558 20.3969 -30.0595 -13.2014 -23.205 20.1876 -13.7358 9.52391 26.4794 14.7328 5.12882 -7.41975 6.74394 -11.1087 -8.83511 9.09381 
30.7951 22.8386 13.6333 24.0189 13.2053 16.8005 -22.3563 -41.1849 8.74752 17.1163 -16.7136 -27.1934 -24.5082 -14.8735 -16.5819 23.3819 13.9668 -18.0548 -20.575 4.63256 -15.6504 26.3696 -16.2939 -19.9102 -14.05 24.8732 22.5774 14.6757 9.77972 28.2896 -20.8476 -14.411 18.2693 11.4774 22.663 -28.8613 17.9939 14.7466 19.897 18.2595 19.3643 -23.6753 29.2847 12.3594 19.6699 18.3759 -32.393 -14.0953 -34.7114 33.1572 -19.0534 19.892 16.3684 
38.08 29.5078 19.5439 24.7753 16.7886 16.3485 -22.0308 -44.2103 12.9895 27.4422 -28.1684 -37.5039 -28.5008 -15.6895 -18.5615 29.9764 22.365 -14.2699 -26.5857 12.4328 -19.2497 23.0053 -20.5728 -18.4635 -26.4191 25.5002 29.3197 21.8452 21.2502 24.1266 -25.3328 -23.7811 26.7776 27.4969 26.8036 -37.4594 18.6132 18.5965 27.6461 21.5691 27.5597 -27.0168 27.9246 16.3536 27.4107 27.3243 -40.9042 -25.0355 
42.6314 35.8144 22.9475 32.3251 26.7312 23.1661 -32.8461 -44.3616 8.89912 31.7425 -30.8266 -34.2562 -31.9978 -22.0325 -21.7782 30.196 33.4531 -26.1896 -28.4915 19.7369 -15.8821 28.9201 -28.0459 -38.2389 -27.2885 32.509 34.1617 33.9907 17.062 34.2686 -32.4361 -29.2704 28.0889 30.1752 28.8013 -36.3823 32.3203 22.7207 
39.3855 30.8128 33.8175 43.4824 23.861 30.7904 -38.2527 -47.9366 17.1061 40.2209 -36.2016 -30.443 -42.7365 -23.9905 -20.2276 33.5227 31.4198 -24.8079 -25.6889 22.8688 -19.6515 33.5343 -27.7577 -36.7594 -32.0772 38.4805 32.6078 40.5732 22.4128 38.6284 -34.0823 -27.6259 33.8502 
51.7502 24.71 39.5254 40.5959 29.5107 36.2049 -32.2561 -47.2212 26.1006 41.5182 -38.0792 -39.9691 -45.4915 -43.6595 -29.762 42.1496 39.5278 -24.5509 -20.4332 21.2871 -21.9988 27.1035 -23.3772 -39.0566 -42.0654 38.6686 43.2188 45.4836 31.1322 42.8869 -44.0759 
