-19.0308 12.3074 -9.86777 8.34166 -8.48146 -13.375 13.0474 5.66756 5.83313 7.02336 5.74439 15.6737 4.11591 3.96526 -5.2058 4.27008 -0.807372 -6.86505 5.93326 -6.67883 8.67281 -1.7521 -12.5175 4.29533 8.68701 -6.88164 -11.6215 -12.4842 10.7934 13.7984 -7.62485 -7.99728 11.4125 4.40634 11.0672 -7.87418 0.802096 -9.18398 -17.3231 10.4201 4.78976 13.6324 3.31442 15.9922 10.136 -2.11934 4.41388 9.51287 -9.44941 -12.8924 -5.37773 6.91249 -9.28391 6.70799 -10.903 -3.81271 -10.09 -3.76064 2.50447 4.17303 -4.85716 10.613 3.4563 1.83461 7.51432 -5.55425 0.661902 7.614 5.05766 8.19958 3.93265 -8.27419 -8.46501 3.80775 
-22.0418 19.6668 -18.6283 12.79 -10.5003 -20.7101 20.3184 11.0562 10.6411 15.5888 12.8599 25.1709 13.1707 12.677 -18.3951 13.5977 -3.16486 -11.7495 11.2711 -17.148 9.33207 -8.67452 -18.0667 10.1314 14.2977 -20.0496 -23.2304 -18.919 11.4651 19.1126 -17.4979 -11.1542 19.3957 13.4868 19.6487 -15.23 8.11459 -19.7328 -20.327 19.472 13.5365 18.9159 11.327 25.2729 
-27.0346 41.8811 -22.0927 21.6975 -21.7742 -30.9563 26.3016 21.7346 20.4353 26.0559 14.2369 29.6824 22.548 32.16 -22.7397 21.9341 8.5423 -20.754 22.3854 -28.9393 17.61 -28.944 -26.8679 14.7377 27.0626 -25.6024 -38.6765 
-45.3346 51.0193 -26.3638 28.3848 -34.9741 -43.7844 34.7028 30.1696 42.5449 41.2766 21.501 41.7123 35.9187 48.1791 -38.7709 
-66.1423 68.3392 -35.562 44.9913 -37.6771 -55.4628 55.8319 43.5335 47.5698 59.3619 47.9062 52.3906 51.5772 57.662 -49.6415 
-85.5439 79.406 -53.4303 56.7178 -50.9458 -68.8952 69.1143 55.8803 63.7872 63.2655 66.1371 70.1883 64.2044 70.633 
-92.9704 98.6721 -76.1668 67.9135 -66.267 -85.026 90.3804 80.3131 88.1741 78.2657 78.9287 90.5735 96.0163 83.771 -92.8213 
-105.852 118.366 -84.4104 87.2088 -91.8139 -103.551 110.9 104.782 114.111 83.5599 101.213 121.262 117.579 101.264 -103.162 95.1907 94.4528 
-125.815 133.065 -115.791 118.205 -111.656 -121.756 125.307 133.206 144.464 114.842 121.363 140.734 
-153.623 149.937 -139.732 151.295 -124.388 -139.409 147.569 157.936 155.874 136.731 
-168.37 167.387 -163.367 169.642 -144.032 -152.176 164.062 181.202 188.739 
-180.836 187.324 -195.046 193.574 -164.144 -178.016 185.812 215.166 214.783 186 168.929 210.833 
-192.814 202.434 -201.581 212.046 -201.313 -200.322 208.628 238.177 227.398 222.554 202.622 
-235.253 232.988 -225.273 247.006 -226.596 -209.953 229.835 277.214 257.112 252.712 
-265.629 297.151 -238.811 275.368 -245.303 -228.374 278.767 306.613 315.404 
-3.00002e+07 330.723 -269.277 3.00003e+07 -256.504 -3.00002e+07 
-9.00002e+07 6.00003e+07 -6.00002e+07 3.00002e+07 -267.434 
-9.00002e+07 
-1.2e+08 1.5e+08 
-1.5e+08 1.5e+08 
-1.2e+08 1.5e+08 -9.00002e+07 1.2e+08 -1.5e+08 -1.5e+08 2.1e+08 2.1e+08 
-1.5e+08 1.2e+08 -6.00002e+07 1.2e+08 -9.00001e+07 -1.8e+08 2.1e+08 2.1e+08 1.2e+08 6.00002e+07 1.8e+08 1.8e+08 2.1e+08 1.2e+08 -2.1e+08 1.8e+08 2.1e+08 -2.1e+08 2.1e+08 -2.1e+08 1.8e+08 
-1.2e+08 1.8e+08 -1.2e+08 9.00001e+07 -3.00002e+07 -1.2e+08 9.00001e+07 3.00001e+07 1.2e+08 92.0926 9.00001e+07 9.00002e+07 9.00001e+07 9.00002e+07 -1.2e+08 1.5e+08 1.8e+08 -2.1e+08 1.2e+08 -1.2e+08 1.5e+08 -3.00001e+07 -1.8e+08 9.00001e+07 1.8e+08 -2.1e+08 -3.00001e+07 -1.2e+08 1.5e+08 1.8e+08 -6e+07 -6.00002e+07 6.00002e+07 1.2e+08 1.2e+08 -1.2e+08 6.00001e+07 -6.00002e+07 -6.00001e+07 3.00001e+07 9.00001e+07 1.8e+08 9.00001e+07 1.5e+08 -5.99999e+07 -3.00001e+07 127.553 1.2e+08 -9.00001e+07 -1.2e+08 -1.2e+08 9.00001e+07 -6.00001e+07 1.5e+08 -3.00001e+07 -54.6352 -3e+07 -41.1225 73.2787 6e+07 -3.00001e+07 3e+07 42.9322 
-3.00001e+07 137.95 -123.996 1.2e+08 -3.00001e+07 -1.2e+08 6.00001e+07 1.2e+08 3.00001e+07 9.00001e+07 9.00001e+07 9e+07 9e+07 3e+07 -3.00001e+07 3.00002e+07 -5.23671 -9e+07 1.2e+08 -83.2692 6e+07 -10.4761 -3e+07 3e+07 3.00002e+07 -6.00001e+07 -3.00001e+07 -3.00001e+07 3.00001e+07 6e+07 -134.681 -3.00001e+07 -2.99999e+07 6e+07 -9e+07 -9.00002e+07 1.2e+08 -138.991 -3.00001e+07 6.00001e+07 6.00002e+07 6.00002e+07 -3e+07 6.00002e+07 56.0538 -3e+07 6e+07 3.00001e+07 -6.00001e+07 -9.00001e+07 -71.5844 9e+07 -65.8479 1.5e+08 -3e+07 -3e+07 -44.9425 -3.00001e+07 -13.6403 89.1357 -1.60913 6e+07 32.0816 65.545 6.00001e+07 -3e+07 -3e+07 -2.99999e+07 -3e+07 6e+07 3e+07 -3e+07 -6e+07 3e+07 -9e+07 -3e+07 -31.7401 7.46654 -3e+07 6e+07 -52.6492 -3e+07 3e+07 63.2578 -25.2118 9e+07 3e+07 3e+07 -3e+07 3e+07 -58.3226 20.9237 -2.99999e+07 -58.8982 33.626 3e+07 6e+07 6e+07 2.99999e+07 -3e+07 6.00001e+07 3e+07 -62.8376 -4.22525 -2.99999e+07 -3.00001e+07 -3e+07 -3e+07 3e+07 3e+07 6e+07 18.5193 -3.00001e+07 -3e+07 -6e+07 6e+07 -6e+07 6e+07 -3e+07 35.1139 -3e+07 -3e+07 6e+07 3e+07 19.9343 -16.4407 3e+07 -3e+07 24.6882 -8.89766 3e+07 -3e+07 13.6219 -68.876 3e+07 58.4452 -69.4465 -3e+07 -3e+07 -46.6998 -3e+07 -8.67456 -3e+07 3e+07 30.5458 6e+07 3e+07 3e+07 -3e+07 2.99999e+07 -3e+07 3e+07 -3e+07 -3e+07 6e+07 29.1173 -3e+07 -6e+07 66.5036 -6e+07 3e+07 3e+07 -6e+07 -3e+07 -29.0465 -37.0109 3.00001e+07 51.4931 33.3819 3e+07 -3e+07 26.9288 3.00001e+07 -48.4658 -45.2082 3e+07 -3.00001e+07 -53.8767 6e+07 -3e+07 3e+07 3e+07 3e+07 -3e+07 3e+07 8.90427 3e+07 -53.0324 3.00001e+07 6e+07 -37.2055 -41.5692 3e+07 -3e+07 -3e+07 3.00001e+07 23.7209 -24.766 16.9337 3e+07 -3e+07 -3e+07 -3e+07 3.59273 3e+07 6e+07 -3.00001e+07 14.2268 18.7604 -3e+07 -46.0376 10.7399 6e+07 -65.7885 3.00001e+07 -3e+07 131.338 5.99999e+07 -8.99998e+07 1.2e+08 2.99999e+07 -36.5636 -149.557 
2.84473 3e+07 -26.2871 3e+07 -74.2362 3e+07 6e+07 -36.096 78.6736 -66.6609 90.7568 -58.1739 110.742 17.3273 35.0477 -2.99999e+07 3e+07 3e+07 3e+07 34.3596 -6e+07 -3e+07 3.00001e+07 -3e+07 3e+07 2.70206 -90.7847 40.8767 -41.2654 -73.767 -3e+07 -23.0882 -3e+07 3.00001e+07 36.8466 -39.2919 -3e+07 3e+07 -3e+07 -24.1815 127.402 90.3892 -2.99999e+07 -3e+07 -3e+07 3e+07 3e+07 -2.99999e+07 -8.21667 3e+07 3.00001e+07 -16.1617 70.4109 3e+07 -52.7321 3e+07 32.4263 0.537339 -1.3386 3e+07 -26.7262 -3e+07 25.5666 -1.96954 3e+07 -23.0886 12.3958 48.8 41.7969 1.78239 -11.4864 -3e+07 -3e+07 3e+07 -63.4692 -16.8946 51.4865 -0.914459 -27.7471 -31.2957 -3e+07 -53.3251 37.7066 89.0788 -3e+07 3e+07 38.9292 75.4949 -36.3352 -3e+07 -38.9811 -33.4279 -11.228 -1.23074 3e+07 22.8932 -21.4546 -51.931 -3e+07 -3.82185 -3e+07 12.798 -22.6304 36.1218 -19.3685 -3e+07 -3.00001e+07 -24.2578 -6.42768 -2.99999e+07 3e+07 3e+07 3e+07 -19.5511 22.6463 47.9149 3e+07 -6e+07 23.9143 45.6914 -3e+07 3e+07 11.2107 42.3879 3e+07 19.9728 -9.42601 -3e+07 -27.5191 3e+07 -20.4697 -73.6176 -3e+07 9.51796 45.7325 -3e+07 -2.8383 28.0128 -9.81279 3.64019 3e+07 -22.9104 -3e+07 19.2019 2.99999e+07 3e+07 66.6992 31.1257 12.4057 24.4965 71.8863 42.7708 -3e+07 2.99999e+07 -3e+07 -16.5104 -16.6162 21.8115 23.2792 18.0617 14.4245 3e+07 -51.0293 2.51725 8.50655 3e+07 -42.9242 45.6824 -47.2684 11.7011 -3e+07 3e+07 -3e+07 -3e+07 -43.4764 24.6463 -26.5486 27.3558 -6e+07 -31.1541 -3e+07 -23.0662 -3e+07 3e+07 41.1648 -3e+07 -39.1778 -3e+07 -12.2089 -0.7957 -59.9217 18.6848 -3e+07 -10.9965 21.9147 -63.591 -3e+07 -12.2089 72.0678 29.9206 8.18581 -49.9572 -3.68726 35.7352 3e+07 -4.39162 23.5381 -16.1091 12.9682 -19.1797 -4.98792 9.26122 -3e+07 -61.2442 -11.3351 -3e+07 -3.60698 -56.6066 3.00001e+07 3e+07 -3e+07 3.00001e+07 3.00001e+07 40.3814 -52.2274 6e+07 -3e+07 -3e+07 2.99999e+07 3.00001e+07 6.05826 3e+07 3e+07 6e+07 -3e+07 23.2448 -3e+07 -3e+07 -60.5317 -39.0855 -3e+07 5.99999e+07 -6e+07 -3.00001e+07 -3e+07 62.91 -6.00001e+07 -3e+07 6e+07 3e+07 3e+07 -42.1916 43.1683 3.00001e+07 3e+07 27.4444 -25.0657 -149.944 3e+07 -53.9188 -32.6695 7.10339 -55.2916 -42.4592 -97.7673 6e+07 -94.9521 -3e+07 6e+07 -86.2436 13.595 3e+07 31.6654 36.5531 -9.47737 -0.267345 3e+07 -3e+07 -32.0203 -10.2883 30.576 3e+07 -7.01266 -3.43386 -0.343587 3e+07 -31.9999 -3.30057 -27.8435 -49.7567 -1.82639 16.5592 33.3917 28.901 3e+07 -3e+07 3e+07 -16.2067 -25.6958 1.28413 3.9189 -3e+07 -71.3417 50.7614 56.931 -18.3916 3e+07 -31.2097 -3.32822 -58.2995 21.0291 -25.3305 -1.51404 33.4237 13.7813 9.72747 13.6671 29.8517 3e+07 -3e+07 -20.5389 -28.8231 -7.94226 10.3693 12.6325 3e+07 3e+07 3e+07 -3.00001e+07 14.7536 -50.0454 -3e+07 -3.00001e+07 3e+07 3e+07 -7.67015 -9.02719 -24.3123 10.92 -3e+07 -3e+07 21.0821 -9.92554 -3e+07 27.5918 -34.7148 3e+07 -3e+07 -4.3625 -8.27511 -30.9731 -31.3686 -3e+07 3e+07 7.76858 -25.4901 -27.1882 -7.33972 -5.98074 -5.95043 3e+07 -30.6945 -3e+07 19.3393 49.178 37.8395 -33.3795 3e+07 -3.47703 -28.0143 -25.5728 3e+07 -7.34268 -3e+07 -3e+07 -10.587 -34.2084 -18.7202 6.64484 -46.1294 29.927 20.1844 13.5334 3e+07 39.1676 -49.9311 3e+07 -3e+07 -17.9795 44.4918 -10.3312 -32.0193 -37.6434 -47.8428 -12.3862 6e+07 -5.28165 3e+07 27.9323 6e+07 29.6079 -24.8268 61.5395 29.9057 -5.86982 -30.148 -3e+07 65.9873 -3e+07 -3e+07 -3e+07 2.9832 23.5257 -19.84 -3e+07 -3.60187 -3e+07 -4.4657 12.9441 10.0357 -3e+07 -3e+07 -9.88259 6.65631 3.00001e+07 56.9616 -25.0945 6e+07 3e+07 -21.8634 -35.8144 -59.6449 33.4587 -24.6005 25.031 -2.99999e+07 -3e+07 3e+07 -19.707 3e+07 -3e+07 6e+07 6e+07 66.1219 3e+07 3e+07 2.99999e+07 -32.4881 -6.00001e+07 55.3545 -47.0813 3e+07 -3e+07 -3e+07 -3e+07 -3e+07 -3.8646 3e+07 9e+07 3e+07 74.1502 115.26 -3e+07 -3e+07 95.5414 -3e+07 3e+07 -3e+07 -3.00001e+07 9.94312 -6e+07 -3e+07 -66.5514 9e+07 -84.3627 -24.5583 2.79327 -0.637889 -3e+07 -13.2516 3.00001e+07 81.4494 2.3939 6.00001e+07 3e+07 -3e+07 63.4529 -29.0641 -0.312916 34.3833 50.8669 3e+07 -33.0299 -20.4784 -7.56649 -39.7349 8.15015 -33.5436 1.69156 -46.9438 -12.7223 -6e+07 3e+07 -3e+07 13.7554 3e+07 -68.7344 -3e+07 3e+07 17.4144 -6e+07 21.22 -3e+07 3e+07 17.7861 3.00001e+07 0.33857 -3e+07 -6.10344 48.5279 27.3805 3e+07 29.7287 3e+07 -3e+07 14.8692 11.4927 -28.0887 1.01958 34.4757 3e+07 -3.54102 -3.00001e+07 25.8001 -53.1197 21.969 -2.59072 -56.7723 -71.3098 -12.7953 -3e+07 28.3005 27.3973 -42.37 -6.24241 9.37713 3.00001e+07 9.91388 1.64655 3e+07 3e+07 21.0195 -7.05777 3e+07 72.4854 11.8264 -4.87778 -33.4543 
3e+07 -30.2077 28.7732 -30.0831 -19.8289 0.137444 8.20196 -27.768 18.7959 -12.3241 -19.3663 -6.90781 45.559 24.0391 -87.4943 37.7432 -4.54828 -28.6642 33.2139 8.18563 46.9588 -3.59807 -3.93556 -31.5672 -50.4312 42.616 6.8363 11.911 -15.9954 31.4888 -28.1792 -4.2916 12.3066 38.7112 2.37501 2.61406 -40.4151 27.1653 4.83236 2.46052 23.3149 -9.18497 33.483 45.9663 -51.1753 8.53924 36.1386 43.2592 -26.3712 -4.32982 10.8764 -3.52269 -15.6219 -37.5143 24.3554 6.08878 -12.0185 19.0181 2.63328 -4.21951 -3.70548 18.2805 15.6261 16.9407 16.2416 -14.6073 -0.614656 -2.18803 2.17729 -7.56071 10.6186 -43.199 8.11178 -10.1654 14.8553 -2.26334 -15.2082 -2.37478 -9.39097 25.4189 -3.26127 -34.0245 6.93203 16.974 -46.4373 17.3207 -17.5414 10.5869 -7.33883 9.06211 -10.5203 9.04144 -0.27086 11.8685 -5.42453 3.11837 -23.2796 -7.96266 -18.8225 6.45939 -7.48841 6.85777 -20.6354 10.3876 -3.9089 -5.65372 -16.3638 4.18552 19.2734 -21.0188 9.287 2.94238 0.2781 -11.2465 -13.1199 9.04259 -15.3174 0.340955 -4.85121 -7.74311 -16.5146 0.572761 -3e+07 13.682 21.2509 5.34953 13.308 59.6754 14.104 -17.0171 -28.9438 9.85691 23.2558 -19.1467 15.9081 8.13528 -21.8517 15.2744 -3.58232 13.4295 22.9373 38.1565 -9.05856 3.24546 7.06245 22.3868 12.9133 6.96296 7.14361 -2.52527 -18.5859 21.192 5.55041 -2.56905 -1.98054 -3e+07 -23.5353 -13.8879 -29.1405 9.39343 -1.95903 22.8786 11.6214 -4.05869 0.548949 -0.170324 -1.0206 16.723 -6.86052 -6.37629 -9.80914 20.6506 2.91353 6.00441 10.5955 -9.2415 -9.23877 -49.0673 12.1299 -9.24345 26.8886 15.8021 27.4568 -27.6791 5.0713 38.5408 -14.7289 1.08425 0.923263 -23.8663 3.92454 3.22974 17.4092 2.99024 21.8395 -2.31782 -14.8799 2.6562 -11.3584 -0.8901 43.6673 -0.277408 -3e+07 7.4322 13.6398 0.11146 -20.2618 -23.9437 20.9498 24.2389 -4.88748 42.0103 34.6448 -42.8436 17.3429 -45.3562 31.56 -34.0487 -19.9102 1.63473 2.6746 -39.693 -33.747 15.9578 38.6534 11.3166 -48.1955 -28.1487 7.30762 10.5791 -42.7599 -2.51127 32.5813 7.66422 -53.3436 -17.5694 -54.1547 17.1386 -9.79351 49.1664 -7.37429 -14.302 23.4289 -1.61599 0.719224 -2.70068 11.2926 24.7566 10.9257 -14.4559 3.30692 -29.0106 11.4544 -32.5792 26.9333 22.1127 7.02581 -13.8533 -6.35666 -5.5963 -26.1006 16.1881 66.2342 25.7524 38.6685 25.5113 -7.4158 50.792 -11.1144 -45.2835 -18.8327 0.0238487 -0.399182 9.11384 11.3542 -3.11545 12.2839 -58.1506 26.2893 -8.99519 -6.33895 1.45005 -13.1983 14.4292 -6.35173 7.00653 -2.2664 -3.1192 3.15431 7.23565 4.48052 9.48 7.77209 2.64113 4.44538 -17.64 16.6618 16.2549 7.28623 14.1942 -21.7131 -11.1183 -35.6765 2.9438 5.11628 -5.93474 11.0451 -0.989248 -24.6037 0.437464 -18.5299 22.061 12.0516 4.71727 -10.5844 -12.7572 -13.287 1.21361 2.59731 -5.51918 7.35532 -25.1675 -38.788 19.1408 11.0254 4.7687 -13.5296 2.68664 2.82376 7.1043 9.20387 -3.82347 31.3516 -38.4985 -24.7038 -6.82224 7.4118 -4.64837 6.45588 -31.9256 1.19393 9.20439 12.5842 21.758 -6.63944 10.6529 -7.9314 13.653 12.9436 -3.44653 -9.52613 -10.1058 -4.99773 2.3741 9.36608 40.3629 8.12723 1.60849 2.93188 -11.3286 23.4221 -0.698877 -0.348682 -6.96019 -1.73926 -19.4591 -1.74415 -14.7778 -15.7877 -3e+07 3.01095 9.95302 4.42474 -20.4966 -3.54891 -18.9263 -8.46256 18.0251 -25.5403 -0.231053 12.0868 22.1181 0.48414 18.7981 7.54418 7.36304 9.01887 -15.0228 -5.49322 -1.60225 -12.18 -0.774941 3e+07 27.2749 -7.90256 29.6594 -9.96607 21.966 10.3395 -9.79501 20.8246 5.49884 7.72648 4.77807 0.160092 -32.8291 -21.366 33.3082 22.0371 15.0614 -7.20411 -6.56985 18.4452 1.91628 55.8462 15.4063 3.25383 -0.164389 -6.51376 -29.824 1.82463 32.5607 5.78642 15.4392 9.40037 -36.3095 -2.57937 -11.3171 16.3333 -28.5148 19.2576 -6.99762 60.2296 -13.968 -8.73337 -40.6369 41.8554 -8.70124 30.2383 -44.2394 29.3078 -50.0469 12.059 -27.9406 -23.985 -14.7321 8.46579 37.291 -17.8836 -49.4592 32.2765 15.4498 -35.174 -14.0714 -35.6441 0.216463 -18.2263 -21.2152 16.0202 13.9612 -42.0194 54.4632 11.502 -29.7854 53.4455 -31.9331 23.5823 4.22138 0.0357106 18.986 -2.20496 -40.5204 52.5889 -9.51575 -21.0872 -24.4991 35.3462 24.7186 52.0468 -52.3141 32.7059 28.4857 6.5689 28.7547 44.1103 0.747425 28.2048 -5.51163 -0.824704 -5.31736 35.5274 -1.58673 17.663 -2.59622 34.4088 15.6029 16.6652 31.7861 -9.20824 7.59057 13.6724 -0.608709 14.2433 2.76728 4.85322 14.3579 -12.1151 -18.3731 14.5371 -21.6711 1.83385 -3.98867 -5.70317 19.2092 2.43332 0.439117 37.8064 -5.88633 3.83888 2.2369 10.1755 -7.21725 -3e+07 -5.89165 -3.4079 6.13575 
-2.22087 18.1867 -13.9449 -8.09409 -0.677902 -7.00733 -8.86655 15.1273 3.0914 0.384355 -11.2301 1.00619 -8.21184 17.0166 6.48642 22.2891 15.5859 -3.38638 18.0133 -14.6901 12.1543 15.5793 9.92497 -5.01743 -1.04151 9.4333 15.2869 0.968688 9.75339 43.7712 -11.3774 -18.9628 -19.0398 2.65319 -21.7219 -7.01847 -18.1635 -7.41054 -6.29379 -3.20652 -6.05381 14.3576 -13.2763 6.50955 5.94546 10.5904 10.3109 2.26287 -3.76536 -23.1585 -21.898 26.343 -1.18677 10.6655 -4.80649 -2.39616 -3.15607 -13.5524 2.36173 -3.62132 -12.2159 4.44088 3.78604 1.29254 -0.916288 -2.08699 -0.528982 -6.91479 10.4726 -4.83808 0.541138 -0.910787 -6.52558 12.7054 4.9743 -6.94298 -5.32019 2.07652 -12.6804 4.54757 -1.03388 -8.35482 2.11978 -8.96648 -3.83231 3.39103 1.07315 15.0107 -2.30897 13.1198 6.42622 3.52475 -3.14392 -24.5568 2.9664 5.02024 -0.147277 0.572592 -4.46308 3.18799 5.70761 0.99526 -12.808 6.24737 -0.346329 -1.47392 -3.07752 -0.153582 -6.69521 -3.0117 -3.22036 -5.27471 -4.05557 -0.424152 9.9414 0.597683 2.24843 2.34906 0.150256 1.50904 1.01696 -4.52297 -2.78379 19.1189 1.40065 -7.07916 3.03111 -17.5387 6.69892 3.35852 8.2359 -6.28242 6.15642 2.14325 4.70242 -1.742 3.96728 7.43267 -6.5023 -2.94518 -0.946846 -2.04729 -7.30341 -2.27281 2.82277 6.03978 7.24311 8.09437 -2.06037 -2.06771 -3.31051 -4.04393 -4.76258 -18.9262 -4.29216 -3.77527 -10.8276 -24.0102 1.80679 3.91709 4.00879 14.2856 9.90714 -5.50153 -7.05402 -22.8253 6.2082 7.10952 2.39461 6.98404 2.54086 -5.4787 1.91468 7.64007 -13.1347 7.1586 -19.848 17.1721 2.91361 12.9174 -4.95662 4.77891 -3.143 -15.3266 -2.56703 1.62871 -3.01409 0.380092 23.1528 -4.44075 -5.73086 -3.36757 22.9254 6.3399 -7.99824 9.98889 -7.8381 -10.0914 -5.25924 1.28175 -1.27177 -7.40175 -5.4029 0.152844 3.70581 -0.211342 -10.6496 -8.46964 6.25362 -2.01015 5.91853 -12.7431 7.25766 0.438713 5.66554 -1.49173 0.246266 -18.378 13.5474 15.713 -3.44593 21.3395 -21.9915 5.93921 -9.91803 -10.6919 -17.1336 2.34114 -18.8003 0.337565 -2.11558 -3.53068 -3.01454 -8.5093 -36.6312 8.89791 -6.77412 6.70232 -13.5699 9.03266 -2.49195 17.3921 31.0151 -5.24632 -0.207536 7.82726 19.9811 -0.878727 8.02118 6.5881 -9.06574 -12.8707 1.50805 -12.5842 -1.15853 8.94618 11.1631 4.53302 10.2873 11.1815 5.68644 -22.2177 8.33363 5.80042 24.3177 8.24578 -10.7944 -23.8146 19.4632 -22.5805 -6.30386 -3.65925 7.35616 9.31652 -6.40215 9.52337 1.80488 -12.5029 1.2422 6.18531 6.36421 2.33882 3.22312 14.976 2.35277 14.733 -0.0374046 -1.31486 6.8045 -6.89353 -3.13541 0.961394 3.4631 2.86537 -8.92498 -2.85726 -1.25777 -10.3413 12.9722 8.83621 4.02835 -6.084 -1.93109 -2.52829 4.73233 9.43252 2.82002 7.13118 6.51331 2.69617 -7.22734 -6.00019 3.94191 11.8093 -7.1631 -8.44795 -3.20094 0.745455 -0.54855 -8.24361 2.25791 12.5477 1.0124 4.93134 4.08053 3.43774 0.734035 -9.24319 3.24031 1.10472 -3.72746 6.50236 -8.85885 -16.3404 9.22619 -8.05443 8.10799 13.8324 6.38653 -25.8764 -9.26471 4.47377 -8.93036 -7.75284 -3.43531 -13.6974 -0.262232 -5.03798 -15.2293 2.48832 8.42591 -12.4649 10.5788 6.97305 -4.54693 -7.64415 -10.0227 12.6318 8.92863 -8.12844 1.58972 7.40204 -5.0228 -2.1908 10.4858 -0.546422 12.8725 -4.37071 -2.14978 -2.38613 -1.96903 3.284 8.54905 -5.2967 11.7904 
-6.8472 3.93597 5.31818 -3.00591 -5.6498 -5.53881 5.36601 -1.64402 7.7501 8.42973 8.50668 2.08624 5.6946 -5.62535 -7.64391 2.32492 -9.51178 -4.5956 0.844377 -2.19911 11.0526 -7.2737 -3.38174 11.1597 11.1095 1.65383 -4.13551 -0.320799 -1.80207 6.79212 0.357041 -1.92169 6.25912 8.66459 6.0755 -2.38741 -2.39582 -9.80029 -12.333 0.511743 3.13101 9.72725 -1.01603 9.51262 -0.954869 -1.23897 7.37897 3.25097 -11.2994 -15.8489 -8.8102 3.9212 -7.85389 1.37065 -7.30637 -6.84222 -5.49078 -1.48883 3.84447 5.12642 -1.67115 7.52154 3.31911 3.96069 3.95878 -5.2763 -1.9716 6.18798 11.8145 9.96746 2.79484 4.39596 -7.26467 5.13219 -5.0685 -5.96147 0.191868 1.15563 -7.2976 1.05263 -8.6992 -3.40868 3.59835 0.377654 -3.2531 2.92904 -3.5051 1.00441 1.02126 9.17482 -0.0317664 3.85696 -3.8195 -12.9949 6.21301 -1.67292 3.17413 0.236447 -3.86207 3.25675 9.58213 -10.8641 -11.3537 6.37159 6.6153 -1.72956 0.605489 5.83536 5.87379 5.74052 -3.46419 1.71606 -0.724226 -8.75528 -1.30676 7.88961 1.03276 4.31403 -3.46747 11.0452 6.60204 -13.0895 -7.04164 4.87282 9.19783 -5.95107 -5.69881 -6.62369 10.1872 11.9947 16.0719 6.08663 5.26288 -1.49017 -1.08549 4.503 -3.67598 -2.56202 -9.07169 -1.05446 -0.0163775 -5.20383 -0.0485377 1.59744 0.182385 7.85919 4.58762 5.50878 1.72955 1.52037 -6.31372 1.8666 -4.60248 -2.307 1.60034 4.44017 -8.41054 -1.73024 1.8346 -7.48308 10.374 11.6743 -8.27156 -6.85795 -4.92841 -6.02686 -0.804785 1.81057 4.40752 -6.6017 -2.81396 -9.51868 8.01739 4.59916 -7.01675 -1.5058 -5.79923 -1.28247 -1.72039 -3.32499 1.87556 7.67363 -1.20633 -3.36464 2.12466 2.20282 -3.78398 -3.5688 11.5377 -2.57961 -2.26884 -6.01688 0.492422 -2.35579 3.51085 0.347574 -4.91522 -5.12607 6.9901 3.66644 2.73943 -8.72363 -7.4275 -1.38179 4.40272 -2.98605 -9.63507 0.0925705 7.40723 -6.86914 0.698036 -5.2155 1.97213 -3.92661 0.923836 -6.19332 5.40912 -4.19711 8.99321 0.959208 -2.61706 
-4.77061 6.56399 -1.93461 9.64005 -8.01668 -7.15432 19.8087 -0.599846 4.89369 10.7889 -1.97145 9.04708 3.13838 4.6296 -5.36449 3.94815 0.353112 -2.09897 9.8094 -8.79653 5.65995 0.614977 -7.86285 -1.18211 6.27699 -9.84866 -4.66572 -1.27424 6.65128 14.1092 0.587328 -6.97866 7.88808 1.45722 7.79914 -9.67257 -2.19518 -4.64805 -15.11 8.48386 3.64725 2.50996 2.60741 5.94103 8.52248 0.707823 5.16225 6.79511 1.28275 -10.5869 -9.71981 8.05168 -5.99743 3.89906 -5.61523 1.34936 -9.8466 2.91212 0.321084 -1.63014 -3.96918 9.61508 0.104215 2.32152 5.76745 -0.966789 0.881553 4.07517 8.18737 8.22165 3.46069 -5.08333 -7.31269 4.5599 -1.43768 -6.03289 1.61945 1.65098 -15.1377 6.32755 -3.9984 -9.8362 5.45965 2.57454 -3.86893 4.65896 4.97695 8.11727 3.5345 10.1791 -3.37093 5.25577 -3.99556 -12.3854 2.97448 2.22853 2.04725 6.83521 -6.4358 2.04584 7.02189 -6.40273 -7.4083 1.64368 6.48683 -9.60897 -2.93383 4.20041 1.3373 1.36619 -1.46455 3.32797 -3.5237 -6.06685 -2.43224 9.11367 -3.29111 6.49958 -3.14226 5.45731 -2.13045 -9.44568 -1.76236 11.6913 7.31442 -1.12321 -7.01781 -8.07987 4.83319 3.21243 5.78327 -0.980713 5.48877 -0.823055 3.67399 2.7827 -8.96129 -1.67266 -10.2917 -3.0696 0.189579 -3.49076 -2.75167 1.17685 -0.199822 4.74001 5.92735 7.72464 -1.59146 -1.57762 
-15.445 14.8546 -6.98368 6.34134 -6.50823 -8.91871 11.9508 7.4248 6.69816 0.0178898 0.96351 15.2475 7.76981 10.4365 -8.87596 8.35537 4.0756 -1.23812 4.28128 -8.4181 7.524 -4.32161 -8.13776 -1.61284 8.09459 -6.67458 -21.2799 -7.14065 9.76746 9.96513 -7.86755 -11.4131 9.47089 6.55741 10.1938 -9.67826 0.257181 -10.7569 -8.88246 2.68779 10.0675 16.1072 4.38702 18.739 7.0026 -4.64742 10.3482 12.0045 -10.1878 -12.0196 -6.1401 10.763 -3.72217 11.8545 -7.13505 -6.64534 -5.91116 -6.20981 1.35697 1.56795 -6.40958 14.5388 4.59434 2.96887 8.07663 -1.76975 2.70183 5.74759 0.511173 6.05988 2.15036 -7.95808 -8.1671 5.68311 3.60971 -4.75467 -5.53548 1.53722 -9.0534 6.81485 -6.97671 -6.48754 8.73973 4.83897 -6.64811 9.76275 9.29929 10.835 3.42195 8.65265 -2.60658 
-19.4944 15.8051 -19.7664 11.717 -10.2681 -13.6125 20.5368 13.236 10.8309 17.4309 7.82445 19.4426 14.2176 14.6993 -16.5863 10.7492 4.82596 -14.9078 11.3398 -14.1396 10.8297 -6.07691 -22.1535 9.08254 14.639 -16.5909 -20.5142 -20.3136 10.9397 23.8202 -13.2782 -14.4946 12.9598 10.3799 19.3292 -17.2882 9.91936 -13.0845 -23.6727 17.0283 10.1589 17.2916 6.90887 21.0391 12.0219 -5.49519 8.25519 17.4344 -10.8633 -13.9587 -13.2572 18.9236 -16.3372 7.66206 -9.25043 -9.25684 -18.734 -9.58204 6.18066 8.02838 -10.8361 18.0568 4.43773 
-23.5725 33.4311 -18.634 17.0477 -19.2918 -26.8736 24.9977 17.399 11.6056 22.7062 11.7493 26.6452 23.2572 22.8573 -21.0079 14.4192 5.17004 -22.0113 15.5529 -20.1268 17.624 -21.2835 -24.3117 6.88918 26.6992 -21.781 -29.5586 -22.6076 18.0257 31.5641 -22.3526 -12.0184 18.3726 27.55 24.4146 -22.0541 
-41.3726 49.1831 -25.6541 21.3395 -27.0544 -40.0979 29.7278 24.839 26.0062 32.7311 25.4694 38.5238 35.7711 37.104 -27.4564 30.4436 17.0283 -22.9678 27.5886 -30.3822 
-55.899 57.0942 -30.7674 37.3404 -33.895 -48.4285 48.7262 39.7974 45.6966 56.1256 37.6911 48.6821 53.4938 49.2508 
-66.7505 67.0029 -49.4625 53.6803 -46.4186 -61.1758 59.8006 46.8926 60.7391 55.6144 64.4594 59.0656 67.7151 
-90.2977 85.3463 -69.5533 70.4002 -65.0826 -79.3462 82.1274 76.929 82.5537 72.5008 77.9616 94.4406 84.5686 73.4835 -87.304 65.9802 
-105.849 110.014 -86.8723 80.9336 -77.2165 -93.5092 102.723 96.3512 98.0028 85.4989 92.7846 115.108 102.964 100.412 
-123.381 132.741 -107.374 108.522 -94.7489 -113.847 123.665 113.823 134.095 109.651 116.076 128.598 127.458 127.945 
-139.931 146.202 -132.824 129.967 -118.547 -126.569 150.666 145.546 157.683 132.349 130.797 
-144.589 167.753 -151.046 157.603 -138.795 -148.787 159.743 175.887 180.245 141.151 164.491 
-179.238 181.877 -192.407 181.623 -157.223 -182.587 184.657 212.107 199.912 163.153 
-206.076 200.207 -201.532 211.163 -185.614 -186.983 198.187 234.926 221.31 206.965 
-221.727 240.029 -209.961 248.863 -220.668 -211.096 235.972 271.856 259.552 221.176 
-257.591 249.911 -240.558 256.543 -245.228 
-3.00002e+07 313.778 -264.99 278.498 -250.682 -256.682 
-6.00002e+07 6.00003e+07 -276.045 3.00002e+07 -267.411 -3.00003e+07 
-9.00002e+07 9.00002e+07 -6.00002e+07 



