13.364 -15.145 -8.49088 -10.7246 18.8762 -7.87494 9.24922 6.0406 7.07529 7.29007 8.29206 9.8477 -5.63783 10.5493 -6.41163 -3.42562 -4.66502 -0.636143 20.6279 4.82733 -4.91616 11.1108 -8.74012 15.945 8.97319 -13.5151 -0.323026 -9.0967 2.49067 4.80337 -1.27946 6.86868 -10.0201 5.77656 -12.8321 10.358 13.0916 -9.66177 4.41451 -8.91373 8.6697 3.04773 -4.12912 17.4809 -7.93714 8.08504 8.97622 6.78928 6.82685 -7.96695 -5.75451 16.5992 9.44175 5.46937 4.47252 -10.8117 2.63598 -1.10619 -3.44847 -4.24522 -0.710139 4.63327 3.74806 6.67034 8.37297 -6.28021 5.91812 -6.01652 -2.61495 8.72079 -3.26571 -6.11134 11.6674 -3.84284 -4.77335 -2.3261 -5.06366 -11.1033 -7.3266 -2.59824 4.78067 1.01913 -3.20645 3.21691 6.13962 -5.18273 0.191446 5.22023 -0.726867 9.89489 -10.7416 -1.77874 -2.04973 -12.6818 7.86451 1.80652 0.581532 
15.0162 -17.3354 -18.2915 -20.0661 26.8581 -8.47751 15.1209 11.0229 13.0721 6.57945 10.5202 10.2035 -17.3322 11.4683 -8.29813 -8.48258 -8.37477 -12.7992 24.8594 5.49684 -4.61482 13.2303 -15.6833 20.8247 17.5552 -19.1971 -3.46486 -5.27697 7.24856 9.16511 -2.37716 19.3546 -12.7048 11.6243 -13.6008 13.1913 27.8524 -13.5723 13.1506 -13.2465 17.0334 10.3548 -7.76931 28.5556 -10.641 4.93128 10.3127 13.9493 11.8549 -16.0321 
25.2269 -22.1028 -21.6696 -28.3631 34.5084 -12.1478 18.9446 11.5983 20.9633 11.3904 17.5313 14.9292 -30.2046 20.0904 -13.4009 -17.3636 -12.4875 -15.0639 28.1905 4.49357 -10.35 26.0503 -20.6817 28.6689 19.9713 -26.0964 -9.54972 -12.6484 18.492 19.3543 -17.0998 18.9264 
27.9493 -35.3948 -31.1501 -32.7633 48.3758 -17.4053 34.948 19.9074 30.8069 18.8874 22.0056 21.7583 -38.6345 29.2432 -15.657 -19.9541 -20.2432 -22.4438 35.3734 4.94534 -19.3692 35.9084 -18.7654 37.389 25.479 
39.8883 -52.599 -36.8221 -40.6405 54.7861 -25.4433 36.803 31.9038 40.1254 26.4951 29.6679 26.0394 -48.6045 38.3972 -31.6883 -35.9179 -33.5653 -28.4251 47.1179 7.41744 -23.0795 43.5738 
50.2098 -57.7508 -42.0201 -44.3569 63.5352 -27.7704 41.6427 46.3963 54.142 36.6037 40.9233 27.4527 -57.4386 48.8151 -45.3806 -49.2254 
54.1696 -65.4094 -49.5334 -61.4092 69.4248 -51.237 63.758 57.2404 67.7628 66.7384 57.8665 31.4487 -71.9652 59.6389 -72.7602 
75.1951 -79.3018 -71.5453 -72.1008 79.2962 -58.3547 78.1861 64.9579 85.3616 86.6509 70.8718 50.9653 -82.4077 84.8761 -90.3243 -71.3498 -66.3554 -69.97 
90.0129 -104.003 -84.4545 -106.225 101.091 -71.4791 85.9739 79.7165 92.9831 101.42 81.0885 80.8276 -101.438 94.4651 -93.9621 -95.2419 -88.5373 -81.9405 
108.892 -101.863 -103.655 -125.903 118.717 -76.9682 96.4079 96.7091 94.9621 127.37 103.362 105.81 -110.093 115.897 -103.962 -120.038 -111.517 -97.9461 
127.95 -121.612 -118.826 -142.748 140.336 -95.1197 111.959 130.348 97.537 123.448 119.036 121.248 -125.443 148.479 -114.507 
135.267 -156.502 -127.322 -157.151 140.149 -109.631 121.77 151.472 135.4 142.646 120.314 138.73 -144.827 177.641 
136.321 -163.667 -143.744 -164.278 141.589 -142.558 128.488 167.992 158.756 171.635 139.354 143.515 -144.045 
152.495 -183.617 -150.343 -185.415 133.763 -155.048 150.625 167.875 156.282 183.033 141.274 
165.491 -186.643 -172.255 -184.734 132.567 -131.049 162.842 175.083 161.791 206.33 136.98 
163.696 -191.673 -176.325 -184.73 120.805 -121.775 167.223 175.038 179.868 201.813 
151.896 -187.751 -153.539 -202.216 114.155 -112.04 160.492 167.257 
139.95 -165.769 -150.55 -195.167 104.295 -74.2584 156.335 173.13 
128.965 -161.071 -118.735 -192.827 108.162 -104.707 135.495 162.764 117.438 126.505 
100.522 -151.418 -79.4349 -177.139 76.0841 -80.807 101.377 73.8247 77.741 117.736 109.498 123.281 -128.251 180.842 
106.461 -105.363 -88.5814 -152.608 68.777 -67.2856 100.229 98.268 94.1023 109.301 107.178 99.5682 -59.8199 133.484 -118.184 -95.7636 -54.7284 -108.365 93.8393 82.2878 -67.2563 114.895 -72.3517 110.762 131.621 -134.93 -66.2766 -86.901 94.5251 
92.9857 -42.1602 -59.7081 -127.816 93.8626 -54.3285 100.78 69.8301 64.9831 31.966 63.3572 60.5533 -63.3727 70.3045 -72.1299 -92.0947 -55.5277 -75.3319 33.882 45.7784 -37.1897 94.6964 -28.112 118.308 94.5879 -65.0702 -77.4454 -38.6162 70.8641 85.94 -45.0974 78.3154 -66.7755 96.4863 -35.2091 74.5215 54.72 -57.7905 74.4174 -47.4282 55.0153 62.1886 -35.2818 61.0616 -50.4912 76.3945 31.5757 70.0253 35.8427 -88.0864 -39.3933 114.188 72.7382 75.9341 4.33555 -30.7207 53.6566 -37.7149 -36.4359 7.38762 0.799998 20.883 13.9446 37.5728 10.3455 0.958279 14.2702 -30.2588 
38.4734 -35.0609 -36.7471 -62.0845 71.7641 -48.8655 85.738 46.2366 48.4944 17.925 52.7014 33.3057 -72.3218 84.5836 -7.88886 -22.9694 -30.2608 -44.0434 32.5537 17.2674 -18.1226 55.232 -2.02652 89.2774 59.6071 -76.6312 -32.3124 -69.4341 41.5761 70.6093 -15.4438 34.4155 -41.4852 64.0396 40.1092 44.6316 18.4922 -25.1479 59.3923 -40.373 46.2126 72.3812 -29.0409 73.065 -25.1774 62.639 -4.27715 59.7898 47.9275 -53.4255 -7.66977 11.4454 44.7834 48.3216 -3.2233 -13.922 32.2945 -17.0758 -22.6914 -37.3444 13.5302 17.4589 -4.0637 25.2579 19.7511 -5.94617 6.61218 -24.2154 -7.2116 20.3904 0.292702 -26.2403 29.3624 -14.8416 -15.1644 19.9863 -23.2023 -45.3227 -37.052 8.65593 13.6262 11.5206 1.70535 25.4298 13.755 -21.8603 13.2684 7.88304 -39.6672 20.3998 2.31691 10.3096 -31.7728 -1.89592 7.00618 17.5141 -24.964 -20.3521 -33.9402 -13.1487 23.1204 -1.16163 27.9598 25.0254 34.5939 -16.7249 26.413 -36.9348 8.08694 -27.0283 -4.11056 17.4594 -18.443 -10.985 -35.6053 2.58652 13.8134 -14.8722 2.92629 
44.2817 -49.1957 -21.6473 -14.8981 27.8662 -44.9286 27.135 10.4027 25.9073 42.5155 30.9412 18.1626 -36.7252 39.6957 -29.8427 -6.63744 -10.5566 -9.23523 29.3872 31.5137 -20.4835 32.3663 -20.1863 37.7606 27.0632 -42.7646 -11.3808 -40.2876 26.3247 22.2037 -13.9691 24.499 -37.0437 53.6637 -7.40678 -1.83657 24.5738 -47.109 23.6815 -33.4253 11.0692 47.8157 -12.1829 39.2712 -22.4087 33.274 34.216 41.3873 2.90899 -31.6679 -5.36845 24.1582 32.89 18.4236 4.3413 -29.3841 13.6384 -14.4613 -18.1828 -10.308 -1.23191 2.63318 -3.47273 24.6854 20.6919 7.21987 -9.41847 -8.81633 -9.1109 16.862 -7.43789 -9.21849 30.5399 -10.1861 2.7236 8.12912 -29.7026 -16.4273 -14.1458 -5.29004 9.40906 -7.84101 -7.35489 9.71889 18.3603 -9.3649 12.2731 0.619912 -10.3569 10.4279 -9.76466 4.77046 -13.8953 -14.7304 25.1511 25.9569 -12.0602 -7.07453 -20.4086 -6.50472 14.7646 -2.24853 8.27106 14.797 21.139 -1.60612 4.15599 -10.1163 8.71382 -13.626 -3.0957 17.1301 -20.5055 -26.0152 -17.0626 -9.70598 7.55372 -16.1472 4.56278 11.7164 4.44354 22.2956 0.508626 -17.1764 4.16779 12.6326 3.8253 3.19468 11.5551 14.7522 -1.38433 -22.9338 2.47224 13.4441 22.5799 -5.67913 5.90121 25.4265 -3.92578 -6.58528 -9.18289 -17.2327 11.9114 -9.65247 6.70549 4.81356 5.78446 -5.65674 -0.822909 -11.2998 -0.233213 -23.192 -11.1601 16.8262 4.18996 
24.5908 -8.97343 -2.29942 -13.1823 36.2828 -23.6667 18.4586 6.57421 16.9098 16.3519 21.5234 1.19375 -17.6445 6.50328 -12.7672 -8.71707 -20.6158 -17.2162 22.7505 -0.131011 5.07105 33.161 -7.36036 36.4353 16.1392 -20.8321 6.99144 -20.5205 4.56732 5.54067 -14.2874 -2.88558 -23.8668 7.71513 -6.22138 34.0836 19.441 -21.2901 2.67311 -21.3742 2.13596 26.8045 -2.75102 38.8506 -10.2886 9.82894 16.2783 27.2074 18.5678 -7.04562 -8.2931 40.2642 22.7385 12.7722 1.93003 -15.5833 19.8062 -2.42998 -17.5814 -8.01303 -1.9457 2.97583 6.83326 13.7649 2.6155 -7.05112 3.03274 -5.47132 -11.5014 8.07056 1.03846 -9.25382 28.6066 -8.41672 -1.60966 1.68981 -6.92522 -9.27738 -19.1171 -2.68729 8.8071 -1.05315 -4.60244 5.50542 7.89293 -11.0883 17.2903 8.63982 -6.534 14.0471 -10.591 -9.15575 6.08166 -7.06999 12.569 11.2212 -2.86879 7.54836 -5.66315 2.41471 10.6421 5.46959 8.96218 12.8092 11.9175 -11.2325 14.1921 -4.12546 7.34863 -8.92926 -3.73638 20.439 -15.297 -7.64427 -5.84803 0.108481 12.9277 -23.3774 6.02467 2.39241 -6.29235 12.8097 -8.29646 -15.0977 -0.227297 5.20377 5.61982 18.2117 17.5026 12.0764 -8.71986 -12.8916 -1.67517 10.7865 6.68978 2.72773 5.47039 6.35906 -23.9792 -13.3937 7.95095 -8.86958 14.3049 -10.6904 6.29664 2.45623 3.197 -11.6813 6.39035 -0.278724 2.63252 -15.4857 -9.94073 23.2386 -12.2074 -11.3839 -13.3354 -19.678 10.5672 10.7332 -6.29117 -7.7209 3.07875 -11.8982 -10.0761 
3.05578 -6.18824 -12.5276 -8.4125 14.8822 -15.5847 17.2974 13.0433 18.9381 3.95772 16.0105 7.41553 -20.1375 19.3206 5.48525 -19.0593 -10.1411 -6.56514 13.9188 5.89013 -10.0454 -4.80718 -10.5656 23.0178 14.7634 -16.9671 -5.03598 -20.9105 12.5744 12.451 -10.6429 11.614 -8.28704 11.2568 -8.11879 1.07849 13.327 -6.98345 8.33289 -1.46297 8.08068 -3.42888 -15.925 18.7997 -12.0022 -6.99109 12.7481 9.98447 11.5477 -4.78943 -9.16861 26.7624 11.2485 9.14667 6.07694 -7.08588 4.32333 -3.31914 -3.22979 -8.55767 4.44083 9.08729 10.2315 -0.520241 17.2299 -7.42512 3.78206 -2.95022 -6.33409 4.02908 -3.68227 -4.906 16.2821 -3.94295 -15.3595 -2.54313 -11.2857 -12.2051 -8.78727 -6.94832 15.3606 3.50219 -6.68026 5.59043 6.44995 -9.67858 -6.34325 -2.14104 1.83637 9.28014 -11.3754 -4.90128 -3.46378 -8.1801 5.43513 7.71308 4.34901 -3.71234 -5.6915 1.2453 8.60508 -1.80986 4.9117 4.87126 6.06814 -6.59931 2.19044 -5.27926 6.77315 -5.74937 0.0248909 5.91288 -10.3949 -3.89538 -9.74415 -2.66894 14.2884 -3.79833 3.33315 4.26619 -6.97278 8.90282 -9.41129 -0.214675 6.69692 10.0435 -1.65172 13.2232 -1.58896 12.3504 -12.4244 -9.50289 5.17661 6.12693 15.7377 9.48663 3.13373 -5.23665 -11.8162 -1.99802 7.89842 -4.30917 5.08836 -15.5116 -3.77089 4.13463 -2.11865 -1.1961 -0.133539 -4.07954 5.97346 -13.2909 -0.325537 16.6256 -1.7102 -2.48688 
16.2087 -21.1751 -9.25779 -15.747 33.23 -10.6192 12.5999 3.24381 9.11265 4.49856 6.8113 10.5797 -18.0871 12.9913 -13.9616 1.67066 -12.3586 -8.85296 17.7313 -0.506016 -14.735 12.5053 -10.1386 14.9034 8.60929 -14.4854 3.68395 -17.8657 2.84204 8.32041 -2.51015 14.1919 -13.5784 3.93332 -10.0113 5.54632 13.4566 -10.2866 12.9233 -17.7313 10.8046 5.49385 -4.05198 20.3491 -23.0671 4.42672 5.46691 7.31824 7.98243 -9.95379 -13.2364 26.424 14.8402 6.77416 8.44968 -10.5677 17.9262 -0.186871 -4.26754 -10.5251 -0.436197 1.26663 0.835854 10.2813 9.28512 -6.20683 -0.326766 -8.12057 -5.39794 6.56183 -1.54841 -3.87923 5.8451 -4.57834 -2.41924 0.704559 -10.3587 -10.927 -5.06465 0.6539 5.17346 -0.776561 -3.65533 3.22874 8.19665 -7.94906 -3.41443 6.0368 0.0228467 8.40796 -11.5362 -0.178624 -6.53287 -14.2415 7.25535 1.94944 -1.94262 -5.22422 -3.19239 0.0786855 5.12414 6.47273 9.51136 11.3001 13.0619 -3.25671 2.38072 -8.89163 5.2338 -10.2513 -1.09557 7.49847 -7.40092 -0.61643 -8.00774 -2.28241 10.451 -5.30418 
25.8707 -8.05524 -15.7921 -8.4708 27.5297 -10.3406 9.00258 9.22642 6.81355 -0.713273 13.2686 11.2758 -7.23535 7.28482 -2.88399 -4.12366 -1.91599 -1.8619 20.9081 4.80584 -3.7046 9.91242 -11.7425 19.5032 20.6483 -6.01736 -7.55474 -14.7006 10.8775 11.0881 -9.25558 19.4319 -15.0914 18.5628 -10.7003 1.22185 20.4157 -8.491 6.67527 -19.0556 9.60367 3.76321 -2.50295 19.803 -7.75196 7.66166 14.3052 7.82722 15.893 -14.8491 -7.07423 21.0587 8.93406 5.05356 8.64565 -9.52808 6.04252 -4.55925 -1.5091 -9.40121 3.80856 6.32883 2.17621 5.47406 6.73355 -1.67483 2.19019 -9.29898 -1.29542 13.5021 -3.95456 -1.96816 9.60409 -0.837649 -2.38713 -1.38616 -6.86309 -12.3473 -12.8794 -2.958 5.73103 3.66639 1.4046 -0.00172237 2.76353 -8.4062 2.82669 3.5838 0.290636 10.9565 -9.95452 -2.60139 -5.36654 -15.1237 14.8406 
19.7885 -22.5504 -17.3738 -18.0291 16.5227 -5.77766 21.2553 10.0637 13.1068 8.58625 10.8604 6.02146 -23.4421 16.1399 -9.24298 -13.7604 -6.43816 -15.0739 22.2259 4.74979 -1.61216 21.5979 -12.4315 26.6624 15.699 -16.6478 -9.34898 -14.8955 10.9795 19.9078 -4.64958 20.1563 -17.427 22.8804 -10.7387 18.0734 25.8364 -14.857 13.4996 -17.4349 11.9556 19.373 -1.4684 26.753 -23.1909 13.6284 23.0933 8.89394 14.9619 -18.5068 -11.1916 28.8982 21.0758 11.749 4.68703 -17.4875 8.24292 -4.94696 -7.62831 -9.56924 2.07205 4.58539 5.58378 15.7036 10.9995 -7.21764 10.0347 
21.3197 -25.8913 -27.0185 -21.5955 31.2763 -6.88598 25.2155 10.9862 23.5222 13.2742 16.2387 17.5376 -28.9414 9.39478 -16.2376 -16.4466 -8.04223 -14.5258 36.5501 1.49254 -14.0783 29.0983 -19.0601 26.5731 17.3298 -27.8027 -13.2912 -12.2419 14.2224 17.9502 -16.6917 21.2463 -20.3559 21.9971 -15.7635 21.0033 31.2486 -17.2982 20.9194 
29.1231 -31.3178 -27.1981 -34.0529 45.6848 -15.2344 31.4651 22.3825 31.4556 21.9474 26.7499 19.8789 -30.0038 17.5954 -13.9831 -24.09 -23.6871 -22.1293 36.7629 3.92017 -22.7604 29.8395 
42.6074 -43.7042 -37.8521 -33.5398 47.6227 -28.4311 31.0603 25.2355 40.9517 26.3668 31.3242 30.1813 -45.459 36.8065 -34.9045 -34.6961 -29.091 -21.8495 41.8969 
44.5854 -54.5326 -42.1517 -40.9525 60.2057 -36.5075 40.8469 39.6318 55.37 44.208 44.7699 32.6245 -51.4462 48.9375 -48.403 
53.3089 -62.7176 -47.2839 -53.4457 67.1597 -43.9449 58.0096 55.6016 58.5871 60.4759 49.7479 48.352 -68.4707 57.3726 -58.1524 -54.3877 -53.785 -51.9707 64.588 
76.2737 -85.032 -63.9013 -83.5953 68.1588 -64.4868 67.8388 61.3309 76.3867 72.9473 64.4235 57.5582 -84.1841 81.553 -72.6957 
90.3368 -98.6606 -85.313 -96.4379 103.561 -72.9651 84.7403 82.9413 94.4632 97.6969 79.1035 82.2651 -94.1348 101.122 -99.1659 -93.8975 
109.152 -118.295 -99.3123 -127.61 119.046 -94.773 100.936 117.639 109.538 125.981 103.494 104.744 -115.615 120.773 -100.134 -123.386 
137.79 -138.393 -129.128 -150.614 131.289 -101.511 109.23 129.364 114.957 126.536 117.867 118.836 -123.158 156.013 -120.395 
147.661 -152.966 -142.228 -168.341 148.207 -119.37 137.952 181.548 148.933 157.888 132.142 138.917 -142.754 
156.917 -175.532 -161.613 -191.755 147.805 -145.846 141.956 177.199 174.496 197.22 142.367 156.798 
160.788 -200.523 -162.826 -204.315 166.958 -153.261 157.791 206.517 186.714 204.801 145.821 159.225 
170.005 -227.741 -176.193 -222.077 135.627 -167.241 183.443 203.407 197.311 219.492 
171.457 -223.827 -184.47 -216.316 161.524 -147.709 
167.613 
167.482 
127.522 -206.124 
147.936 -164.456 -150.39 -226.045 108.405 -138.945 137.009 173.039 
92.6285 -147.001 -88.32 -191.413 144.364 -80.4707 155.526 105.595 114.453 45.7252 89.009 118.998 -132.31 115.328 
130.051 -102.791 -55.2668 -141.434 108.305 -97.1719 125.149 85.5353 117.037 87.1338 97.2452 114.72 -81.4325 131.14 -45.3686 -103.092 -112.188 -81.0286 60.0153 82.346 -65.0815 129.39 -28.4388 126.388 116.655 -115.475 -66.8088 -118.91 104.254 144.088 -74.7707 51.8331 -85.4071 168.542 -59.1491 61.1283 129.119 -105.377 110.915 
82.3114 -40.9626 -115.91 -78.0305 62.0899 -86.141 76.5518 118.262 37.7044 75.0989 98.2969 85.168 -61.9963 72.6812 -60.0868 -22.8613 -48.5219 -77.8191 98.3146 69.7174 -58.9407 84.8215 -55.759 55.9797 46.8696 -79.3538 -72.503 -102.648 85.4641 68.5258 -60.3647 80.5173 -43.1397 89.9622 -40.9421 63.1593 73.4366 -54.7603 61.0356 -109.787 86.9094 120.803 -51.6909 87.9531 -86.5806 72.4758 99.8476 83.3175 55.3218 -72.7244 -47.3825 
