12.0282 -15.5243 10.7028 -6.16103 6.42187 -7.09778 -8.24182 -8.96096 -4.09178 8.18002 11.9543 3.09243 4.03815 4.1336 -10.6564 1.43612 -13.857 -5.26759 -8.16528 6.40659 -7.39612 8.46805 7.27583 15.7958 -15.5985 -5.34393 14.1053 3.14146 -10.7386 2.84025 -13.1474 -9.13566 -0.340557 -15.4161 1.55742 1.6793 10.1974 12.0711 2.15878 -10.1855 -10.0723 9.30631 -11.285 -6.50091 -4.89396 -8.94416 0.961263 -9.29302 -8.99908 8.07758 0.405279 0.806199 -2.65657 -2.09689 3.66192 -7.89235 -1.30636 3.55945 10.2782 11.0193 -6.17521 -5.18665 5.88405 -3.73141 7.59444 -0.356935 -8.39122 -5.29371 4.74561 -4.68118 -6.19611 7.32103 9.13838 -4.23552 4.56391 -4.23284 -2.78066 3.63709 3.40532 -0.991223 1.65522 5.10576 -2.20923 -5.39021 5.96815 3.86179 -2.78283 5.01955 13.1273 8.18543 -3.0996 1.51829 5.00965 5.23299 3.02045 -5.40335 4.34819 -4.72886 -10.8883 1.76753 7.0509 -2.84223 -6.00109 -8.25739 8.54213 -6.63664 -3.51647 
16.3912 -20.2864 17.5342 -11.5951 11.9969 -8.75816 -13.5277 -8.14341 -4.90012 14.442 16.2175 8.76442 14.0844 8.78155 -18.7654 0.872024 -15.5807 -9.55989 -12.7042 5.98214 -1.74208 12.9678 14.389 19.6413 -16.109 -10.8466 26.5645 3.21351 -13.235 5.35472 -19.875 -12.1141 -2.80112 -20.9373 1.22411 1.73194 16.2412 15.0707 5.19243 -16.0407 -10.7503 11.4469 -10.9285 -9.45801 -6.52586 -15.3242 -0.908136 -15.1705 -11.4644 7.43338 2.39436 -5.19674 -7.75982 1.64094 5.44399 -9.34857 4.17044 4.87599 15.45 12.3822 -6.76847 -7.36393 5.41178 -8.92289 7.53295 1.08449 -7.73687 -10.4378 5.87423 -4.84567 -7.07755 11.5631 10.1463 -5.4728 5.7598 -7.73357 -3.54562 6.31057 3.64159 -0.854555 
21.4718 -25.3758 22.6617 -19.8185 17.1298 -9.62574 -12.6031 -15.0496 -8.43818 18.328 17.4878 12.353 24.0768 10.1146 -20.5753 0.566706 -23.5288 -7.52105 -9.22803 15.1477 -9.34698 23.5492 19.9172 22.6227 -25.436 -17.4844 31.9144 9.75071 -16.4116 10.5249 -27.5572 -17.9639 -7.98521 -23.7641 -0.491543 8.78379 16.5619 21.8113 12.7289 -23.8369 -13.152 15.5954 -16.3824 -9.88972 -12.566 -21.0158 3.09242 -19.0033 -16.7558 7.20327 7.61743 1.76913 -9.91161 -3.31016 5.60022 -12.1824 1.90829 6.26219 11.844 15.1492 -7.95779 -6.19561 7.47986 -6.13163 11.202 3.3678 -17.496 -9.0604 7.08897 -3.37651 -8.86867 13.012 13.0748 -4.40078 6.29922 -6.4436 -5.28633 7.78006 
17.6505 -33.2419 27.8328 -23.2042 13.0233 -13.6544 -17.5869 -13.0174 -13.0015 19.9052 17.3043 12.5981 24.4903 15.3896 -24.5168 3.08086 -25.368 -10.9805 -18.3009 22.5857 -12.9232 24.6932 19.8794 31.5879 -23.3303 -16.2292 35.1348 10.7848 -20.7508 15.3898 -36.2805 -25.6601 -13.0736 -34.3978 -6.59383 17.1192 16.9563 30.8965 5.90914 -33.7669 -12.2996 22.6532 -18.8731 -18.321 -17.2906 -20.2431 5.0705 -18.8355 -19.98 12.5418 14.1038 5.11491 -13.6085 0.74345 10.3005 -14.0009 1.81786 8.27795 14.5859 16.2809 -10.2022 
20.5685 -29.2942 34.4674 -19.3044 16.4137 -19.0885 -18.9976 -23.926 -18.9546 20.6305 15.369 14.5567 29.4918 17.7583 -28.8152 13.7051 -29.6241 -10.955 -23.3907 29.8403 -15.9933 34.508 22.8213 31.5882 -35.3177 -33.0176 47.6211 16.904 -20.8658 27.8416 -34.5507 -21.4308 -17.6141 -36.7866 -13.5614 23.2771 
27.291 -35.4077 29.9087 -27.3535 19.6526 -25.4053 -16.0603 -33.4515 -21.6909 25.8508 19.2345 17.1045 35.4395 19.3346 -33.9319 16.7377 -34.651 -19.0664 -27.309 31.8442 -23.0706 45.2347 25.631 34.2937 -40.3513 -32.3126 49.4747 
32.8829 -39.3486 38.8041 -39.5804 32.8908 -30.8456 -28.3129 -43.6535 -30.3809 26.8767 35.3215 28.4141 43.5971 31.1041 -44.186 21.9952 -48.5693 -31.2563 -50.2595 42.6381 -30.8095 42.2594 38.2585 37.0007 
49.1015 -42.4833 53.3818 -40.223 50.7418 -40.8247 -30.085 -53.8103 -38.6652 34.4332 46.1665 42.4877 50.5006 44.2941 -56.2932 27.9078 -58.3114 
58.4115 -65.7973 69.0482 -56.1993 59.8965 -53.2966 -36.7254 -64.5502 -52.9848 55.2478 65.8763 55.2086 61.9609 49.1793 -74.9822 27.6384 
79.8334 -85.4768 80.3788 -75.0775 65.2933 -67.3636 -63.5907 -83.1262 -59.9637 58.3927 77.863 73.5565 82.1899 71.8635 -91.9844 39.9426 
85.7669 -101.283 110.956 -97.0602 72.4109 -90.4133 -78.74 -100.047 -81.867 70.2811 80.2169 94.4608 107.71 84.1958 -101.609 48.8121 -95.6186 
97.9982 -105.521 136.958 -126.427 89.8072 -96.723 -88.8187 -106.799 -96.1919 85.4562 98.3547 103.052 121.71 99.9498 -120.015 56.8077 -100.37 
120.932 -110.239 143.671 -137.997 107.792 -111.845 -92.5553 -121.81 -106.347 107.206 105.516 111.035 148.367 119.159 -140.662 
142.863 -112.329 172.935 -165.211 118.852 -114.749 -102.817 -140.857 -119.323 113.981 139.824 118.745 176.133 130.8 -154.086 
149.82 -121.287 175.755 -173.311 126.261 -116.616 -121.978 -156.253 -135.241 115.467 150.806 133.56 198.852 135.794 
155.75 -123.431 202.671 -168.909 137.605 -116.649 -133.475 -149.979 -132.662 113.568 135.917 150.667 211.046 132.604 
159.895 -119.672 177.924 -167.985 160.196 -112.533 -132.158 -137.106 -117.991 122.072 133.028 142.042 216.45 129.239 -164.386 65.6194 
153.725 -115.387 136.507 -167.319 148.269 -114.556 -117.312 -130.467 -87.3975 105.642 124.918 129.601 209.789 105.186 -165.322 49.5692 -122.062 
119.811 -87.6444 118.441 -155.398 112.381 -124.729 -92.4029 -115.751 -80.2228 95.1336 131.585 129.26 185.798 106.811 -161.296 64.6733 
108.848 -76.3864 90.1303 -130.298 83.5804 -76.6485 -91.5784 -101.357 -48.3193 97.3244 111.969 107.972 139.487 95.8848 -123.809 51.6317 -114.591 -101.069 -100.442 105.702 -109.897 179.763 97.7964 141.443 
64.4401 -57.7107 59.3536 -98.958 79.8839 -32.5338 -56.5447 -64.9227 -20.691 79.417 75.2381 68.0677 118.149 52.981 -113.506 46.2336 -74.4838 -88.0061 -73.6622 81.188 -98.6436 131.599 78.883 136.413 -123.408 -84.1587 141.748 68.4235 -135.889 90.201 -134.779 -130.31 -100.145 -137.248 -111.876 110.6 101.302 145.139 140.519 -127.649 -182.833 81.0502 -131.601 
33.0944 -13.018 26.6113 -71.3196 29.6696 -23.8113 -57.2981 -45.8414 -1.94392 51.2529 38.7741 41.6027 34.1232 49.8849 -50.1145 9.13495 -57.6957 -61.8805 -53.8125 17.2691 -71.013 75.3694 53.4529 104.19 -71.2768 -64.3801 82.75 30.2685 -102.754 65.3659 -93.2137 -69.0964 -64.6893 -84.5356 -45.4262 82.3277 64.5888 108.181 102.095 -72.7668 -127.443 48.0215 -51.5496 -54.8345 -78.5042 -72.4173 26.814 -84.3401 -79.4254 69.4853 38.2374 55.23 -45.4836 32.9373 30.6799 -51.2725 40.9583 24.5573 36.1787 22.2473 -39.8696 -8.95728 21.3961 -40.9937 31.3148 -20.8227 -26.5961 -29.1943 -12.508 -22.9383 -24.7488 30.9691 8.72158 -6.69531 29.6385 -30.8088 -27.5071 8.93725 -1.04061 -33.0563 -25.5221 58.7409 9.93083 -16.9322 44.8832 27.0929 57.0868 25.0182 
19.0436 -5.38404 24.9122 -38.7828 -2.96691 -29.0425 -29.5979 -23.9249 15.4494 24.8201 -1.7672 7.51039 32.4255 8.92815 -7.61581 0.257877 -21.9227 3.51548 -23.2674 10.4606 -43.6755 30.2078 24.8111 33.4669 -46.4843 -32.7035 73.7929 30.089 -43.8726 7.31178 -52.7724 -20.5698 -41.1378 -51.2018 -33.1999 46.9746 32.9119 48.5031 43.0407 -22.7292 -72.0852 39.061 -40.3552 -41.6664 -37.9282 -42.3148 25.5811 -30.2235 -67.7104 58.0004 4.22943 56.8924 -15.2011 18.8745 23.7366 -53.9548 16.124 -1.35726 34.0833 13.7145 -12.5397 -21.2209 27.7024 -11.9754 36.3338 -20.0687 -30.7046 -16.3225 -1.17903 -10.2931 -7.07086 28.5543 12.7357 -5.97712 24.3486 -3.91607 -26.1893 1.30056 4.07436 -17.792 -3.45902 25.0567 3.21469 -15.9534 15.4062 1.95366 26.4022 26.5104 26.8636 28.3762 -6.6433 23.8806 20.7784 16.4448 9.51299 -18.6027 -1.81166 -27.8564 -5.15549 -4.20204 2.60324 -0.117697 -15.3106 -15.3229 19.4098 -12.6556 -4.62296 34.6396 -7.34061 -8.45455 17.2022 11.2963 11.5794 -16.9781 23.6615 -25.6426 9.87208 20.7467 21.213 5.76458 5.2454 27.9347 27.2183 -8.38702 -20.2654 -27.9952 29.7941 15.8312 25.473 -22.2419 -19.6284 13.1771 4.40722 -25.2202 4.98223 -28.3196 -1.12985 -44.1891 -6.9907 -5.87535 19.6952 1.12415 -0.0426805 0.307035 -14.6339 -5.757 4.04419 4.04956 4.39934 1.32322 13.2101 -1.93585 -15.1914 -4.6433 -6.35671 -2.7729 -19.8835 4.33911 -22.8866 20.8962 22.1124 -5.18543 -13.417 -9.67228 9.97539 1.32651 -14.8075 13.6973 -13.2304 -9.66309 -9.95554 -3.49726 
3.92503 -22.3679 7.22299 -22.0822 -14.1367 -6.14973 -11.5328 -15.978 -5.73842 11.5705 19.2236 4.33362 10.287 -6.14795 -17.4529 -1.90099 -18.9361 -8.36232 -28.8977 -9.85329 9.18645 5.7886 -0.156357 -8.59421 24.552 -9.07869 0.917811 25.9535 -26.1455 17.4603 -24.8598 -26.9996 -6.60111 -20.6657 -8.91445 -3.60067 12.671 25.9732 -3.01036 -1.60136 -25.4946 8.56881 -29.7138 -5.96144 12.2739 -20.3001 15.5197 -21.6534 -27.264 20.2406 11.8213 8.86051 -19.9029 16.2614 19.8717 -14.0816 14.0762 25.7705 29.2978 7.00268 -5.1601 -9.51022 6.70004 -22.3539 19.1481 -20.6407 0.151554 -9.35276 -6.26123 -6.21575 -14.381 10.1143 7.34335 -1.20574 7.95633 -0.964926 -5.19204 7.21566 -2.02911 0.215533 -6.30458 0.992112 -3.73385 8.94699 0.739775 -4.57367 19.9551 -7.67345 9.10304 10.5434 -8.88005 7.65177 19.0943 5.42132 -6.75657 1.99004 14.0624 -4.70383 -1.67483 -3.81498 20.5045 -6.88469 -0.594991 -12.3822 21.0664 2.03618 -2.26648 1.03536 -5.42426 -2.83087 5.37561 9.17473 -0.228094 -1.70205 11.9069 -13.3721 2.11679 9.05485 11.3602 -3.26463 -13.4285 13.7812 17.7898 -16.3459 -2.21012 -11.9638 9.09827 5.97833 19.5493 -20.108 -0.765499 15.4349 20.6256 -3.32697 13.311 -4.06278 3.80559 -21.6342 8.10591 -4.82989 2.19282 3.36178 0.0234252 -3.86073 2.78704 2.234 -5.4177 9.66646 7.86821 -13.0895 2.44731 -5.439 -12.8729 2.14979 -10.9361 -10.384 -17.9805 -3.46459 -3.8189 6.57641 -3.1991 -4.20629 -1.93549 0.524392 12.3497 14.6646 -2.62444 -6.73242 -2.04799 -6.36525 -1.6286 -12.4503 -1.03366 4.99123 3.27473 0.426093 4.64545 1.68398 10.2304 12.9448 2.59766 17.4873 3.56284 -5.44775 -4.57385 1.76241 -5.83812 1.57483 -10.514 -5.99092 -5.85791 -2.65183 -6.58396 -0.108747 -12.4411 -11.022 0.190109 2.62046 5.49331 7.56011 28.5729 -6.97903 12.91 -1.8792 -7.25433 16.9676 1.93395 -12.6579 -9.45892 0.674332 4.50873 -4.15061 -7.66468 -7.14984 -6.08454 2.89718 -33.4297 13.6879 5.52656 -18.4965 -1.50401 -2.40353 4.8655 -11.4512 -6.56121 -17.4798 -15.5368 12.0799 15.9741 5.72845 18.5393 9.21381 -18.9321 5.41096 15.2803 9.25688 -5.28736 -7.71225 -6.88597 4.75124 12.722 -32.404 -2.05562 -34.7235 29.4389 10.8699 -22.3052 -10.0512 -15.3743 -13.9891 -7.86206 -17.9795 9.40342 -25.5277 -9.81602 -16.3566 22.3877 4.01651 -5.23764 7.16971 -1.54897 -15.8688 -10.3529 -7.30658 6.44532 -31.3323 7.56327 5.14781 -0.146164 6.72331 -8.99255 -4.62788 3.48395 -8.61474 6.44082 10.2038 11.8564 -17.327 -3.36947 -13.053 -9.25148 -3.36243 -10.469 -0.331275 -11.4399 -14.7976 -8.5118 17.8745 9.16325 10.9776 0.658337 9.95802 14.8697 
3.93675 -9.03513 -0.870523 -6.41531 5.60837 -3.93569 6.9891 -3.65595 -4.08248 7.73623 -7.80963 6.65166 -5.45211 10.8009 1.56056 -2.94042 -15.9503 3.93018 -11.5181 4.17533 -4.73823 -12.0224 -1.03043 17.7184 4.92435 0.604916 10.7162 -3.41444 -2.70221 -0.869843 -17.4761 -3.56773 0.3533 -16.9277 8.96125 7.97759 11.1469 8.76506 -2.06412 -8.1631 -12.4208 8.96432 -10.7478 2.9141 -1.30704 -1.86142 1.8345 -10.6229 -10.8264 8.79686 10.0412 3.63624 3.6054 9.47753 5.44403 -6.55755 6.74527 -1.44561 15.4176 15.0502 -7.4344 -6.67882 6.68076 -7.15654 4.99758 -3.11021 -14.4204 -5.29065 1.18422 -3.30742 -6.51379 1.41456 4.50123 -5.89687 3.50365 -2.72624 -3.28784 4.31596 5.94942 0.842062 -0.817174 4.47076 1.05878 -0.597191 3.60914 2.43669 1.63644 7.57704 12.8291 6.57915 -1.32135 -2.25306 5.83758 -1.92944 -1.42483 -0.774328 6.82302 -11.8082 -8.87936 1.29012 3.39848 2.81326 -5.76549 -8.32084 8.71516 -7.43279 2.67668 11.9317 0.254024 1.91786 2.37098 9.47195 5.24008 1.19871 4.67516 -7.21578 5.26287 6.0275 1.62757 6.38508 0.675649 3.14966 -0.312611 -2.59309 -0.115421 0.827743 10.9724 4.63338 3.18538 -9.35726 -2.4595 0.961156 2.15959 -3.35003 5.23567 -4.71897 -3.67042 -7.30662 -0.508609 -7.12827 3.36223 3.79206 12.6142 8.53385 -6.331 2.33436 -1.37116 1.74338 -4.53384 -13.019 2.41285 -1.11588 -10.4009 4.84004 -11.4084 2.31569 -2.2013 3.77189 -7.36828 9.39205 2.11789 -3.80536 2.32448 0.374389 2.05168 3.22038 6.7541 1.93146 -4.44511 3.32726 -0.280839 -5.20003 2.67808 -5.43532 -1.10745 -4.90873 8.43447 -10.1481 4.23894 -3.52378 2.71312 8.81343 0.900443 2.91937 2.2057 0.910183 -1.14392 3.04116 -0.133346 -4.61917 -7.16489 5.7587 4.38668 5.9319 -4.02473 -6.74367 8.70391 -2.57119 2.81055 -1.06468 12.2935 8.06039 2.04835 3.70886 -5.06491 0.899766 5.52222 -5.38727 -7.22278 1.81376 -3.21591 -0.945319 -4.32939 -1.92837 -1.89294 -1.54217 -12.9223 9.70649 11.4211 -1.38586 -13.9789 -2.13593 -6.13702 2.92303 6.15399 -6.49267 2.35576 -8.40285 3.68816 1.52332 3.40552 19.8042 -6.42357 -0.823169 12.3929 3.83282 0.186661 4.30703 -2.3791 3.8442 1.11216 -10.1288 7.81357 -9.04503 18.6336 5.22345 -1.26743 0.3729 -0.43327 -11.8073 -2.75685 -0.090616 
10.7082 -11.2217 16.0732 -4.03383 5.98998 -7.20632 -8.70406 -12.773 1.01892 7.34458 5.20556 4.29506 -2.38265 4.08833 -7.61957 -5.26176 -8.77502 0.00456701 -3.85338 9.69577 3.71697 3.20615 -0.525636 15.2669 -14.6327 -5.74401 2.02813 -3.40373 -10.9181 3.39023 -9.20772 -3.44079 -5.73761 -14.5439 0.756829 -3.01908 9.01009 5.02495 2.2069 -17.9485 -10.8756 7.63733 -3.56853 -7.24998 -5.24085 -12.5291 0.365724 -9.78052 -6.96721 6.51415 1.97639 0.832637 -3.32965 -3.6484 3.86442 -5.90756 3.88257 4.85834 12.5995 7.66926 -5.49326 -4.07803 3.452 -3.29475 8.82026 1.46736 -5.32728 -6.13043 5.81015 -4.04237 -4.94149 10.4008 10.9029 -1.44539 -2.52869 0.610358 -8.15648 2.21387 0.081202 -1.61371 3.79694 2.15296 0.786715 -0.600204 6.31643 3.34795 -3.76076 2.13521 10.6286 7.02944 -0.367917 0.103126 6.22008 3.47242 -0.541075 -4.76414 2.02867 -5.08312 -4.37424 3.13075 7.14687 -4.59151 -3.90013 -9.4068 9.66101 -3.14426 -2.355 0.873737 -5.18435 -4.47828 0.805563 4.87488 2.13544 -3.54222 4.45412 -5.07644 4.98462 9.52573 9.45483 4.42409 -0.92204 8.3895 1.68289 -8.17009 -1.36844 -4.26293 4.0455 0.850664 2.12148 -7.71482 -3.72846 7.99909 5.01712 3.43639 8.38488 -8.82447 -9.55846 -9.95706 0.530898 -5.59535 0.520643 2.91274 3.96229 3.24609 -3.4655 5.2257 -0.161718 2.36398 1.86377 -6.80033 2.68183 -1.70461 -9.19913 0.755958 -9.91725 -7.86158 -5.74429 4.35474 -7.12637 2.83672 -3.33907 -7.02637 2.81516 -3.18513 -0.199309 -1.24586 5.4886 10.0975 -4.31993 -2.44466 2.63099 -7.55781 -0.295772 4.32175 -0.174498 -5.89429 4.1897 -5.63828 8.90103 0.820768 5.15233 2.70146 -1.57944 -0.969991 4.08405 -1.66164 
10.7608 -10.9488 11.5917 -7.03801 6.34146 -0.366451 -4.9434 -8.25491 -3.92195 10.1407 8.75211 7.64663 3.7756 2.34059 -13.6019 -0.674031 -16.8031 -5.70666 -9.28992 8.21733 -2.69283 2.75017 8.96845 10.3224 -11.4844 -3.4556 18.551 6.46761 -8.71123 1.67407 -8.01457 -5.84102 -2.85219 -15.5502 0.460203 3.09688 8.62256 9.80201 0.778794 -18.7031 -10.9756 3.58551 -7.77416 -6.9264 1.21744 -7.96241 -2.26539 -6.23502 -9.66525 2.81884 -0.460619 -1.17376 -2.69901 0.510179 2.69939 -4.64226 -1.59454 2.93946 8.21848 8.61991 -6.47306 -4.68365 2.34459 -8.16293 8.51372 -0.49296 -10.6822 -3.23022 5.81069 -6.11043 -6.48274 4.33425 7.25922 -4.86972 -2.04805 -7.28485 -4.15078 3.9647 3.37866 -4.50076 1.10779 0.99984 -1.20288 -1.60088 5.12549 3.24114 -1.94402 3.71145 12.3895 8.33298 -4.99751 -3.19073 3.57831 8.87586 3.34476 -3.90206 3.75221 -8.97487 -12.8565 2.77366 4.41846 -2.84646 -5.55686 -6.32303 9.11359 -7.18792 1.34924 -3.53564 -3.41169 -0.928571 2.24148 3.38195 0.491481 -0.359584 4.57656 -5.38099 6.09222 6.40911 5.98753 6.39246 1.74939 6.71524 4.29791 -6.14953 -2.55272 -3.07355 2.61927 -1.92294 4.88767 -2.93396 -4.97247 2.91304 8.5767 -2.7513 7.134 -8.53993 -7.97547 -11.8411 0.946286 
10.7027 -15.8369 14.5552 -9.67553 8.03658 -5.63827 -10.0193 -5.21706 -4.63104 10.6977 12.5967 0.237996 12.1595 10.588 -10.1156 1.59578 -15.229 -10.4073 -9.07675 5.71258 -7.06086 6.16192 10.7005 16.1085 -5.74238 -7.82569 21.9335 4.40735 -16.4835 7.63867 -10.7948 -9.09058 -4.76563 -16.709 -1.87939 2.88493 15.2732 12.6433 4.51126 -16.0298 -12.9617 14.7305 -10.8083 -9.7455 -6.9157 -11.218 -0.458015 -10.7394 -12.3677 9.48477 3.27584 -2.71015 -2.03782 2.65788 6.1504 -6.93391 -1.72694 4.75041 12.9269 10.6298 -3.37976 -5.89809 3.6164 -8.10578 9.82337 0.530203 -5.65133 -8.46624 6.44137 -5.13951 -7.30572 11.3836 6.7029 -3.64561 3.99723 -8.03305 -6.73643 2.12159 3.15271 -0.293261 -2.65474 6.21621 -1.20798 -5.89043 3.97478 6.43171 -1.45506 5.78067 14.6919 9.04285 -1.75604 3.21038 6.72512 4.11296 1.98428 -1.50805 2.27924 -6.17884 -11.019 5.30779 8.36431 -2.3283 -7.77294 -9.48718 
15.7999 -18.0884 15.1486 -14.74 14.1161 -3.22495 -8.76101 -13.8697 -2.27139 14.0068 15.9127 8.50391 16.9725 5.72221 -12.4554 -2.3733 -24.4017 -12.7005 -10.1917 7.61287 -5.02884 19.8204 16.137 19.8416 -18.9734 -8.57784 25.45 4.71464 -15.4111 5.25621 -28.5607 -15.5098 -5.24667 -19.2666 1.53444 6.44387 13.3814 17.5145 -0.018788 -17.788 -4.67176 15.4827 -10.955 -10.7219 -8.37565 -14.8454 2.95301 -15.0897 -13.9445 9.18622 8.37353 -4.77931 -5.21834 1.87585 1.66866 -12.565 2.23319 3.62749 10.4964 15.5891 -2.21243 -9.03654 8.09922 -9.26821 9.76872 2.11195 -13.1565 -11.2077 6.05928 -8.31581 -5.05295 10.2957 10.2789 -5.71385 5.15139 -7.60838 -3.05518 5.54049 3.38033 -3.90499 -0.509239 
19.8649 -24.8632 21.6405 -16.7865 15.4768 -10.0195 -12.4546 -13.7222 -10.3595 16.3238 22.1666 12.1656 21.9546 9.94579 -27.8435 3.43184 -20.0923 -5.33082 -10.3887 18.3024 -1.13074 20.1481 18.5865 26.5811 -21.754 -12.7962 24.9875 8.04438 -15.5763 14.7152 -32.1575 -10.8116 -15.3285 -26.823 -1.00298 10.5475 13.9403 21.9142 8.21865 -22.0161 -15.8921 18.7134 -15.4841 -12.12 -18.4455 -17.9083 7.32862 -18.3977 -18.1022 4.29267 14.9128 4.07595 -11.5559 2.00919 12.1938 -11.1906 4.57825 6.45457 13.825 14.2734 -6.16091 -7.33111 8.85944 -6.98918 10.141 
17.3816 -24.7917 25.0608 -22.7567 18.2121 -12.9808 -21.3462 -12.0434 -14.5952 13.619 19.9514 12.9741 24.8635 15.3332 -28.8075 4.94738 -25.7133 -5.25334 -15.309 21.1642 -11.5904 19.346 19.2045 23.9894 -26.3457 -18.3322 33.9569 10.2678 -18.9045 22.4663 -34.1053 -17.1682 -8.1294 -30.7209 -13.0167 21.1091 28.8909 32.8491 9.58673 -28.4097 -13.594 17.7818 -16.1988 -13.94 -11.5869 -19.7352 2.93129 -14.4519 -24.1223 6.44551 
23.561 -26.8057 33.228 -25.619 13.0719 -18.5089 -20.7218 -31.0399 -13.3453 24.9237 23.1253 14.4096 22.8031 14.0974 -31.8007 12.5828 -27.4568 -10.8237 -18.4901 26.309 -11.7338 27.6784 28.3012 29.7154 -34.4199 -27.9175 44.1856 14.3348 -20.7046 
24.2379 -36.9881 35.2371 -33.5326 22.1956 -24.1744 -24.7278 -35.6061 -25.8289 21.2309 17.4827 21.926 36.7158 31.2577 -45.1175 12.591 -37.5851 -25.0892 -26.1773 35.5046 -16.6654 39.5481 
48.4122 -38.4252 43.0611 -35.5933 41.8322 -39.6905 -33.244 -33.5251 -26.1432 26.6973 42.5176 39.6359 51.1099 32.6724 -44.262 22.5546 -43.3458 -28.6614 -53.0836 37.2122 
52.9375 -52.2505 58.2394 -43.9989 47.0659 -42.2246 -35.0408 -63.1904 -39.8968 42.6668 49.1792 48.9754 58.3844 50.6777 -59.8349 
71.6319 -75.6826 66.1618 -64.4818 67.9178 -54.4119 -62.534 -74.9778 -51.02 47.068 65.8411 64.2288 71.3491 61.5128 -81.1795 
75.361 -99.0647 96.5389 -87.593 65.3132 -84.9888 -69.435 -94.857 -74.4571 69.3349 81.1212 83.913 104.397 71.709 -99.8895 55.9879 -89.0353 
106.727 -106.719 121.391 -109.196 82.166 -92.4074 -80.4689 -107.594 -90.9971 82.9501 83.3001 91.8063 112.299 88.003 -111.521 52.1379 -100.991 
101.6 -110.999 137.265 -131.006 94.2827 -109.627 -89.9127 -115.358 -101.181 97.7463 100.344 107.456 142.047 106.501 -135.665 65.3814 
136.205 -115.809 163.994 -149.148 106.121 -116.669 -103.893 -125.388 -115.497 112.415 124.699 114.708 163.975 118.461 -132.002 
161.609 -120.929 168.676 -168.056 123.558 -121.87 -113.29 -150.317 -127.46 116.839 141.595 125.109 177.435 125.733 -154.4 
152.132 -114.726 189.65 -170.315 132.915 -114.921 -117.004 -162.902 -125.018 120.449 141.146 135.711 202.712 
148.148 -109.151 182.741 -163.911 131.853 -126.814 -133.094 -140.42 -108.579 102.819 126.88 154.402 196.553 108.874 
135.219 -108.393 142.581 -158.878 121.128 -93.0315 -115.541 -143.061 -105.376 99.7451 133.065 126.061 192.745 107.422 -175.902 
111.925 -94.3507 115.075 -151.324 112.273 -113.345 -99.8019 -112.869 -83.2344 105.737 130.198 114.243 193.947 120.599 -141.669 46.8596 -110.049 -88.4094 
98.3752 -77.9683 88.6734 -135.531 98.1414 -90.9816 -79.7244 -76.5679 -29.5398 90.351 108.376 100.323 146.313 82.9137 -119.546 47.3039 -94.9838 -109.384 -103.105 94.9306 -121.169 155.114 95.2074 117.819 -136.628 
72.4422 -65.7659 63.7751 -97.2697 57.0904 -25.2872 -73.848 -69.7284 -33.1035 77.2466 101.59 59.4881 104.463 69.291 -125.146 28.3785 -89.2132 -85.4433 -84.1659 86.0806 -81.9307 117.86 76.2165 120.123 -129.61 -83.6708 137.797 86.0066 -129.549 96.5807 -143.127 -133.704 -128.661 -145.492 -122.853 129.566 97.2207 134.011 143.573 
54.6004 -43.2906 15.9513 -58.3658 28.87 -27.7369 -52.9947 -40.5895 -16.3128 47.5184 31.7323 51.7923 74.1772 58.0105 -55.3392 21.0481 -70.1577 -46.4177 -45.7422 28.2949 -83.0815 83.6418 47.8604 74.5283 -97.6007 -62.6174 82.8377 29.179 -79.1466 67.6863 -99.0235 -86.9341 -73.7209 -84.6357 -50.6726 90.9766 75.2881 77.3718 95.1366 -56.6428 -117.759 89.9526 -98.2088 -73.1674 -80.621 -93.599 12.6283 -51.7836 -75.5915 108.02 50.4231 73.3406 -48.7079 22.9422 36.2675 -52.9629 42.6288 17.7274 49.4621 35.7703 -41.2386 -0.889422 27.3128 -31.8988 23.6605 -6.93816 -19.1215 -19.3884 0.929992 -33.1714 -30.6959 36.8995 6.09939 4.40044 14.9759 -25.0236 -20.6159 22.0391 21.8012 
15.9223 0.208882 -8.6237 -23.7793 -10.585 -18.7474 -36.5237 -32.6497 -2.7086 24.5142 15.7706 10.6461 21.3771 23.9653 -25.6875 -29.5043 -20.6958 -16.8439 -25.1085 27.9837 -43.503 34.0997 14.5462 60.1634 -61.4169 -26.9002 63.4825 42.828 -58.2067 35.5134 -42.6553 -39.8155 -3.25066 -55.7042 -29.9341 47.8975 55.0894 60.3577 38.0807 -29.9068 -72.3101 22.1034 -47.4073 4.43204 -45.9415 -20.6813 27.1201 -47.4224 -30.8627 29.9833 2.79448 26.464 -16.2525 7.111 26.4535 -37.0159 28.9641 5.73296 23.7482 15.8864 -27.8009 -8.62787 14.3405 -14.8351 25.0392 -25.8293 -16.9339 -15.0627 -17.6972 -14.1053 -5.78828 15.2585 2.15194 -16.4835 7.43406 4.2738 -8.49736 -8.28463 -1.64775 -23.5526 -4.53346 30.2243 10.5512 -15.9246 19.0019 9.5275 30.7139 7.71438 41.6844 38.4726 2.29987 8.05924 26.4043 10.9832 23.3506 -3.28474 9.29939 -18.3689 -11.4296 5.44633 23.8785 -8.35481 -0.76554 -22.9846 20.089 -3.40124 -4.33399 37.9894 -17.5728 -21.6188 4.71275 19.4209 20.2601 -5.25529 12.1512 -17.1643 39.4508 13.5494 21.0351 14.8915 8.92341 32.6623 12.4861 -15.5072 -12.2715 -23.4448 1.00399 7.68232 25.7418 -7.56756 -14.5679 7.4866 2.79695 -16.397 3.93079 -25.204 -6.76648 -34.8895 -1.90052 -13.4249 15.3726 4.27349 17.7543 12.57 -4.34093 -8.10756 5.39512 21.2854 1.72818 -29.9974 11.4115 
-3.36932 15.3444 -9.51192 9.72746 10.6396 29.0621 -4.27877 -11.2859 11.8371 36.8035 -13.1626 2.51222 0.996316 -6.6162 2.25673 1.80864 -22.6434 9.25914 -12.404 24.621 -11.9772 13.5349 14.3204 9.72401 -21.516 -19.139 23.5004 12.0065 1.24421 14.5574 -9.15126 -23.9434 -28.1967 -26.043 17.1444 41.7938 1.39767 22.2616 -6.08524 8.29021 -2.07959 -1.23674 -5.91481 -5.60301 4.27613 -34.4417 19.1218 -11.8792 -27.3677 -16.5162 19.6417 -7.58239 -8.51368 -1.54806 10.2524 -18.3708 8.22382 8.97508 19.8687 25.351 -6.0682 -14.1945 6.59196 -16.3034 22.8715 -8.53994 -6.94283 -11.2914 -2.56206 -0.314402 -5.40559 6.36003 15.884 -8.40146 -9.12137 -2.08185 10.4427 7.93812 -0.950592 -3.57244 4.98872 21.7775 5.23249 1.31576 10.8631 5.25585 14.6072 3.39896 16.5649 3.37798 -9.37915 8.01279 6.31886 7.37845 10.3948 5.27392 15.4413 -26.3659 -5.18145 -3.35043 3.56302 1.61432 -0.781792 0.588246 5.98111 -2.79664 7.88002 -6.51747 4.12884 -17.4748 -4.02298 18.0701 4.78224 -12.5567 -2.69869 -18.8245 0.876965 11.1497 8.91068 8.35174 -13.0348 3.4702 7.25188 -4.89739 5.84084 -3.84568 14.9006 3.54291 2.90567 -2.10636 -14.7395 -5.51309 3.13266 -5.89849 -0.418145 -4.9361 -9.87229 -5.60303 -2.66902 -0.238738 -4.81187 6.47159 3.11679 0.754403 -5.99184 11.2933 -0.470192 -3.2922 2.22079 -8.31125 -10.3415 -2.28583 -14.2216 7.06101 -9.15339 -15.147 -10.2206 -1.40486 -1.00298 16.404 21.0694 -4.81721 -9.74479 -2.07661 11.3186 -0.625541 -2.13851 6.09956 -13.1123 -0.0447238 -6.0579 -1.91963 9.90363 5.53576 -15.3521 -10.0379 -9.11884 7.60591 1.96611 26.1151 -7.77827 15.6966 -0.720803 -0.366887 -2.98922 -10.599 -20.4535 12.1765 -8.10137 -10.6573 10.6026 -7.56681 7.13393 15.4561 -24.2322 -0.755742 0.89631 0.788079 4.11555 -6.6294 27.0297 -1.41657 4.86867 -9.82755 -5.35503 14.6768 -4.18019 -7.90559 -10.5614 -0.402423 8.32878 -9.71432 2.98417 1.65907 6.67244 4.8769 -17.1697 4.76092 0.28819 9.24966 4.48776 -16.6379 -3.89664 -21.9938 -8.27886 -10.801 -7.9485 11.6592 -2.20634 19.5098 23.1794 4.02419 -27.6103 -5.27166 1.77078 -11.3213 -19.3121 12.6046 -14.8478 3.57282 2.26121 -24.6693 34.4512 -4.58954 6.60096 11.0808 -18.1484 -16.7656 4.61413 -11.1568 -4.70561 17.0312 -22.0814 1.93783 -45.1288 10.2922 10.0053 4.78914 -2.78043 -14.2655 0.0404471 -2.56851 -16.7509 -14.6094 -12.1223 -1.40339 -7.51805 -15.8367 -10.6239 7.6897 5.19619 2.98257 12.9696 1.10152 -3.9148 8.69699 -8.45221 -15.3342 -4.36355 -4.88064 -8.42509 1.27548 -10.7976 -5.27753 -1.25828 -19.9573 -3.73208 13.1582 8.18695 3.86135 5.8583 0.121531 13.9288 8.4555 9.08421 
