17.3834 -5.92146 10.2773 10.3256 -9.55255 -6.63663 8.70674 -4.72966 -8.38322 -8.61505 11.8122 -8.67045 -1.36127 10.5189 10.7485 14.4722 -4.6675 -9.04075 10.4594 -3.11498 1.12536 -11.5279 13.8771 14.5443 2.94299 -2.39319 -11.7312 -6.93036 7.5079 -9.87511 8.09251 7.30879 -5.39846 9.49747 5.29146 7.93114 -9.03292 -8.36565 -5.02988 -2.8461 6.34665 -6.96006 -4.50578 -12.3907 -2.75213 11.7222 -11.0824 -13.2489 2.14367 -5.6822 14.2029 7.7399 -16.6398 4.86864 8.00731 -0.678643 11.7001 8.64861 1.98024 -2.18733 9.38674 6.40259 -4.22049 -2.18587 -3.02647 -5.3188 -7.34004 -2.50899 -7.92508 -2.22066 5.00561 5.62141 13.6923 8.89977 -5.37127 -10.8835 -8.94514 -4.18818 -12.3087 2.66273 -3.37228 6.92608 6.70594 -0.903529 4.7822 -6.36647 
22.5666 -7.87535 19.7579 20.4485 -14.2894 -16.3508 10.9415 -11.9743 -13.4238 -16.6289 19.0467 -15.5188 -7.54309 18.4742 20.0947 18.6695 -8.62139 -16.0663 13.3924 -3.27293 8.54641 -16.2489 22.3369 24.0555 5.25156 2.54523 -19.8191 -12.8285 13.6281 -14.2156 8.57749 13.8829 -10.99 13.816 12.0347 20.8395 -16.7322 -8.49774 -2.78638 -16.4068 7.75895 -6.10318 -10.3285 -12.5026 -10.0911 22.2248 -20.7504 -17.4087 3.6041 -9.74977 17.2087 22.9482 -21.2676 11.2905 10.0682 2.53271 17.7283 10.1119 0.664001 -1.03343 7.24123 12.0336 -8.48942 -2.65111 -6.56977 -1.43097 -10.2465 -3.12396 -8.58045 
27.6436 -20.5434 21.5357 30.5537 -24.115 -24.3915 15.7102 -14.6688 -19.311 -28.9008 25.6183 -27.162 -14.2373 28.5854 26.4952 29.1114 -13.6671 -26.9575 17.3776 -9.23023 12.0552 -19.7689 30.5904 30.3506 15.5595 9.3052 -27.4534 -21.1131 13.6255 -20.8345 10.1555 17.1544 -18.0022 15.0084 -0.546126 25.9215 -24.866 -11.7727 -5.18408 -20.2305 8.39425 -14.3433 -13.1783 -24.6566 -14.1098 33.1028 -29.6105 -22.8941 -7.7858 
39.754 -29.0049 25.3803 38.953 -37.3166 -31.4047 25.0469 -18.2095 -17.1879 -29.5055 27.1716 -32.0184 -21.359 36.3102 31.023 24.5148 -21.7453 -30.0875 35.3129 -21.5359 16.1773 -37.7599 42.9605 41.7251 28.4537 12.541 -33.1545 -28.5161 16.143 -24.9712 12.9976 22.2633 -22.0941 23.4684 10.6773 
48.3857 -27.2364 28.2056 43.3064 -27.5467 -45.7142 34.5631 -33.8647 -28.1382 -49.1001 39.7177 -33.3402 -23.5025 53.0749 36.9348 32.5643 -34.1183 -47.9909 40.3344 -37.1351 18.2852 -40.3595 47.4481 
62.5066 -46.9207 34.3635 47.7363 -45.4531 -57.934 53.3532 -47.5319 -38.9802 -61.2447 45.232 -54.0934 -46.0366 59.2658 42.4473 37.7062 -32.6234 -62.5909 
79.7036 -52.424 45.5435 63.6687 -56.1165 -73.2971 71.9158 -66.5275 -53.1879 -72.1734 61.2845 -61.8058 -50.0432 72.9355 61.0988 46.585 -49.194 
83.4261 -69.091 57.7107 76.344 -72.4718 -93.4161 87.336 -77.55 -81.1761 -90.3357 79.768 -85.0898 -63.4319 91.9975 73.4072 71.7724 -68.0489 -87.2757 84.1994 -73.6128 
99.9637 -75.7574 59.882 111.888 -83.2854 -101.422 107.093 -83.9928 -85.9094 -97.7309 102.38 -103.215 -84.3469 94.5027 90.5021 94.8437 -81.7111 -101.759 89.7788 -91.9747 59.527 -93.5097 99.4983 
117.216 -103.655 89.3971 125.018 -94.0189 -137.297 108.546 -106.784 -97.1838 -122.833 118.955 -115.197 -99.4366 114.467 99.9239 117.354 -100.515 -129.232 95.2435 -108.702 67.2477 -96.6593 111.253 108.476 
135.53 -135.22 96.8062 156.509 -113.852 -150.084 134.094 -117.911 -110.254 -143.444 133.734 -125.661 -133.592 147.342 103.472 138.724 -117.471 -145.738 105.743 -129.893 84.4156 -142.264 123.965 132.438 118.247 
146.4 -163.071 103.272 176.345 -135.26 -158.209 150.363 -145.671 -130.151 -155.992 148.469 -161.116 -172.875 166.342 134.574 150.43 -117.777 -165.765 111.948 -147.303 105.554 -154.184 124.541 153.247 
160.499 -188.261 129.388 201.515 -151.465 -180.28 163.174 -160.362 -136.861 -158.251 165.046 -161.406 -189.072 196.517 141.81 167.456 -131.958 -190.953 123.067 -170.409 102.108 -154.274 154.685 
175.605 -200.574 136.337 216.116 -161.047 -189.93 176.72 -161.962 -168.295 -185.143 175.467 -187.827 -187.211 213.975 146.358 177.937 -132.886 -204.848 123.047 -173.29 133.969 -185.942 162.885 184.392 168.101 
193.207 -197.852 126.907 213.148 -159.713 -209.847 174.604 -174.954 -170.255 -189.432 178.936 -183.448 -199.987 226.556 144.416 189.135 -144.075 -229.049 121.112 -180.566 146.617 -175.85 181.042 174.086 169.283 132.885 
189.507 -190.793 114.297 216.991 -144.751 -203.411 168.486 -185.828 -162.924 -185.776 199.442 -161.273 -177.027 227.3 165.607 207.38 -136.889 -210.191 128.9 -180.06 143.543 -175.754 198.924 188.016 173.945 99.7703 -175.58 -195.914 156.269 -181.995 
192.847 -183.991 85.3314 201.934 -136.209 -185.272 178.713 -3.00001e+07 -186.855 -158.795 204.751 -140.846 -192.488 3.00002e+07 155.464 180.461 -122.047 -188.77 120.898 -166.432 140.788 -180.527 190.408 183.747 182.609 101.261 -158.877 -196.675 127.868 -155.355 148.598 
175.599 -150.131 63.3576 176.573 -113.619 -147.599 142.9 -164.692 -160.663 -137.878 189.137 -118.408 -137.448 195.201 140.182 172.308 -89.3903 -205.741 136.035 -144.493 129.839 -157.672 172.689 159.655 154.914 92.5486 -118.75 -162.062 114.242 -160.577 
161.67 -124.082 71.8497 182.199 -101.696 -150.983 141.603 -3.00001e+07 -140.673 -135.752 154.022 -77.4219 -78.2747 161.697 106.467 128.683 -59.6137 -146.519 118.314 -97.7328 91.2007 -128.486 139.891 118.799 102.738 75.3442 -101.171 -136.569 86.0544 -143.72 87.9414 172.006 -161.839 115.065 92.1485 136.702 
129.652 -83.2612 29.9359 130.066 -48.4927 -120.194 106.769 -91.3408 -128.248 -94.6299 98.543 -114.947 -80.0158 108.739 116.041 93.4325 -49.8934 -144.586 84.8578 -74.9478 49.1147 -120.791 87.7492 101.988 86.7329 43.4585 -53.7286 -69.9205 80.2088 -115.067 24.1868 120.359 -148.977 94.2393 99.3217 125.028 -108.773 -159.558 -65.291 -123.407 125.602 -185.756 -134.166 
104.294 -61.6446 26.2122 101.791 -17.1429 -71.4498 84.7523 -90.3246 -32.3118 -118.479 64.7872 -55.8841 -65.9039 117.035 60.3025 81.2148 -28.5666 -74.5076 55.8498 -56.0928 35.5425 -75.0119 83.3279 59.959 42.0199 43.702 -49.9157 -93.2806 30.5966 -94.2283 31.7695 107.651 -85.8867 73.6179 101.924 76.1049 -106.712 -104.673 -74.3392 -102.359 70.3594 -119.202 -113.09 -119.772 -56.4679 119.336 -68.887 -79.3432 -56.3137 -74.5377 111.367 93.683 -95.5928 51.9743 42.5871 
83.5319 -58.1168 30.5705 77.4799 -30.4473 -62.4802 38.133 -64.9827 -26.825 -50.3092 46.0436 -29.4502 -43.5521 86.9599 34.2511 84.1408 -27.9293 -71.4454 29.1112 -14.1588 16.471 -77.0263 55.8888 43.6445 56.1266 27.077 -57.5646 -56.5436 19.387 -51.8833 -13.1778 50.4053 -68.0405 48.5413 58.7156 53.2704 -87.9474 -68.5968 -29.8285 -60.3354 63.0743 -98.5613 -28.4232 -53.7922 -5.73884 90.9571 -72.2903 -74.453 -50.2569 -67.7998 74.344 58.5365 -58.5931 32.0477 42.8728 7.01264 65.2015 19.2834 18.2196 -40.888 30.4945 29.3552 -19.1056 -30.868 -13.9362 -17.8576 -7.40288 -23.0714 -49.9616 6.28408 32.5413 14.7559 40.9573 7.83673 -17.9618 -24.8695 -16.3294 -31.2814 -35.5455 6.62889 -35.388 28.842 
50.086 -23.9118 33.149 47.7162 -8.99478 -28.5329 37.2389 -24.1591 -51.8089 -45.4364 52.5104 -0.405558 -1.56943 58.5458 40.8741 37.0538 -10.8396 -53.7981 36.8404 -48.5302 2.941 -62.8151 39.4445 43.5974 36.453 4.38463 -38.4381 -38.1868 30.4318 -25.9563 7.60824 58.9421 -44.3714 25.1246 24.8925 -3.65994 -34.0656 -46.4559 -26.3716 -46.008 34.8687 -32.16 -31.1377 -64.1694 -15.6616 44.3804 -15.9545 -74.7345 -44.8824 -16.3164 20.9345 15.976 -14.9789 29.0392 25.7213 18.0394 25.305 6.85822 14.5652 -26.0998 13.4501 32.1397 -19.9062 5.89853 -2.68161 -16.0111 -26.2938 -15.1327 -24.2299 -20.483 15.7535 4.0722 34.0177 25.6893 -12.423 -16.4072 -0.942869 -14.1494 -26.3962 -8.03002 -7.75436 32.7961 19.174 -6.68196 14.6455 -27.3769 20.7657 3.32113 28.5069 14.838 -1.18184 27.1927 -14.5381 -28.8073 -8.03819 -6.39345 23.7195 -7.7911 22.8427 -8.90871 -22.523 -11.7327 -4.79891 -0.196267 -25.0428 12.0727 -13.2384 13.2891 8.26483 -2.86772 -4.77412 -7.38683 -16.2718 23.9788 -17.1241 35.6205 19.8339 23.994 2.93967 22.9037 2.79966 24.2898 3.73726 28.5733 13.4626 -1.59492 -14.7957 1.46447 -8.20626 21.7314 
12.4982 -11.735 13.987 25.8571 -7.64254 -32.642 11.6036 -10.7771 -39.6812 -4.45623 41.9016 -34.1224 -20.0727 53.0968 21.37 43.7967 -16.1239 -13.1537 18.8494 -23.5438 -11.688 -19.3382 15.4288 22.3177 7.03182 5.84165 -39.8521 -23.5037 14.1367 -20.6151 6.22536 26.5794 2.35058 10.3732 26.3597 9.52436 -30.0443 -0.173006 -28.8007 -9.3513 -4.68914 -5.13772 -3.22572 -25.9583 0.236893 40.6096 -28.5039 -32.3849 -22.5329 6.13612 39.1482 41.4808 -23.2672 24.1406 10.8297 -2.52747 33.7223 13.8114 6.97578 -8.96585 15.1349 16.7093 -9.60676 -17.3869 -9.68365 -13.0232 -20.7523 -8.4145 3.02021 0.946664 6.93357 16.618 15.9748 16.7281 -13.3475 -18.1409 -18.8233 -10.8526 -25.9187 0.421741 -3.25652 17.403 18.553 4.02843 -0.756905 -16.0928 4.51566 0.260448 3.43602 -6.24672 4.60186 12.9627 1.7498 -21.0476 7.39143 -17.9689 12.7699 -10.9249 21.2383 -4.11763 0.999508 -9.70357 3.17934 -2.26283 -5.90895 4.85376 -10.2535 8.72658 -1.28863 -16.4237 -13.6202 4.3728 -7.99214 13.575 -5.89173 13.1792 0.424026 8.26546 4.4984 12.5151 10.1855 22.0218 10.6528 20.4966 17.3581 -5.61924 -5.14171 -8.75925 -4.15145 6.35655 10.8212 9.5362 -10.7659 9.49528 -11.1756 5.50862 7.15337 -11.9426 -17.2334 -0.41193 -6.31134 -20.046 -2.16235 11.5523 -8.55441 2.87868 -3.68555 7.57129 -10.3529 11.6851 0.116265 -8.87415 -3.9048 2.12875 -9.22872 2.40208 8.26208 11.6548 7.13971 6.68748 3.30815 11.6457 -7.91663 13.9648 8.82524 16.4688 -10.7888 -0.272959 -6.75511 -20.0552 8.90839 -5.05522 6.10715 -19.6644 -12.4275 -9.80667 -9.17061 20.2083 -7.97696 0.482912 16.7927 8.2838 24.103 0.348195 
21.3262 10.9608 12.1135 -4.72704 -24.0892 -22.0159 2.94667 -24.3616 -10.1023 -5.98502 10.695 -10.7065 -19.1797 13.2888 9.58555 18.062 5.45315 -5.6178 14.9874 -2.60982 -5.11513 -26.1594 7.01204 10.058 9.3994 11.0334 -3.29686 -0.0122926 20.0268 -17.8416 4.40007 9.17265 -13.5849 4.72406 10.9783 8.60152 -25.0461 -14.3486 1.58266 4.50764 -5.70976 -6.24921 1.7874 -7.81804 -7.16048 19.0533 -8.31093 4.92253 -10.0185 -9.42331 12.2894 24.8369 -9.71049 9.02387 11.7464 -1.95236 18.4283 6.47084 3.77971 -7.36094 3.02972 15.3811 -16.8736 -6.36371 -7.85721 -4.44862 -6.98644 -3.4074 -19.412 -0.463145 8.62841 11.9324 21.2794 10.5478 -0.590474 -8.12816 -4.70818 -4.28469 -12.5099 -4.98664 0.204876 2.46035 13.8619 -1.31527 14.0358 -7.94098 5.5453 12.8729 7.18955 -3.3425 3.54813 3.91956 -7.32578 -18.8714 -12.2288 1.16448 5.92033 2.62986 15.7192 -5.69718 -6.20086 -10.0759 -0.784691 -16.3097 -4.42447 17.4596 -7.19396 7.64478 -5.53707 -10.3681 -3.95852 -0.811776 -6.43478 -1.9615 -4.44521 3.51321 10.6628 6.95331 -1.37638 11.613 4.49457 5.6784 9.05154 7.35293 11.1049 0.501735 -2.84256 -7.1378 -3.68204 -1.47147 -3.09912 10.8284 -4.55989 -0.496525 -18.1616 6.93903 -0.788836 -5.71714 -12.5891 -2.06264 -7.74333 -7.96843 -3.66954 0.13034 -1.04123 3.08007 -4.39141 7.55143 -3.54822 -0.541149 -14.2817 -4.87124 4.60508 5.84 -6.22028 0.938687 10.4863 16.9819 3.6901 10.5623 5.02198 8.86373 -6.27968 4.13404 -3.20268 8.22997 -7.33063 -2.80018 -3.42592 -8.07089 7.42547 -9.20998 10.325 -2.86525 -6.71358 -11.4941 -12.3922 7.75528 -6.23191 6.19154 -2.78091 3.89816 17.9243 -5.48365 7.66875 11.4218 -11.0319 -12.7827 -13.0637 7.13274 5.87562 -8.77612 -9.08447 5.29911 -5.15822 4.6811 -3.12952 -2.97946 4.55302 1.6112 -9.77158 6.88095 -13.2294 -11.0447 -6.88851 1.77457 
19.4595 -15.8085 15.0897 11.7035 -8.90255 -1.02297 8.7861 -9.03137 2.79077 -11.2931 13.3154 -15.043 -8.19984 9.75183 9.8558 10.0308 -7.10833 -15.7953 11.0069 -3.0114 2.0005 -8.76464 15.8986 -0.0574538 3.31209 -2.50476 -2.99445 -1.49399 10.3818 -12.1586 7.12892 7.27914 -3.77627 16.1331 17.5316 10.5266 -17.2122 -4.56055 -6.6978 0.256424 17.6873 -4.82549 0.56558 -16.6799 0.295594 10.8326 -14.3653 -10.852 -8.70276 -7.47417 15.3981 6.00464 -11.8709 6.59593 8.05799 1.01544 6.90258 7.45435 3.60189 -13.0689 3.26179 9.50353 -0.253859 -6.42904 3.04855 -3.16753 -5.04107 -0.889387 -3.65448 -3.52675 6.64929 6.0659 17.3261 3.85983 -12.2245 -7.50085 -7.4395 3.22413 -5.64673 6.35593 -0.128152 1.08802 9.50374 -5.50218 6.24054 -7.07968 6.23718 5.14269 8.38558 6.197 6.09719 7.77357 -4.19397 -9.54432 -6.03245 -3.24045 4.71902 -0.522064 11.9488 -2.24982 -7.95436 -6.42246 -0.301308 -6.91336 -5.51281 2.8117 -3.9107 3.77401 3.72877 -13.3856 -9.70774 -0.552979 -0.504241 5.07997 -9.68535 5.84851 6.53647 8.50554 5.77439 5.67339 0.509648 8.62853 9.39374 9.02305 7.64414 -4.58478 -7.15679 3.06138 -0.893075 2.91628 1.48161 0.573092 -1.52477 2.98358 -10.5933 7.10472 1.34941 -7.06366 -0.636399 7.46961 -7.3891 -6.49263 0.379697 4.25355 -8.51981 6.66052 2.27187 7.53106 -8.06649 1.70539 -7.3719 -0.731435 7.92986 4.20662 1.3166 2.75405 6.09652 -1.47945 0.775578 7.12433 1.61763 4.55594 -7.13875 7.18733 1.6425 13.1305 -3.44806 0.642142 -0.0831923 -4.48486 11.5804 -9.45741 2.92063 -4.71042 -4.13412 3.63451 -8.43194 10.6662 -8.65788 4.71998 -2.76359 
24.0896 -6.30494 -2.79481 6.15257 -0.864003 -2.61136 11.1488 -0.163204 -13.5264 -13.3113 13.4031 -15.9334 5.0675 9.38952 0.56723 18.319 -5.98774 -18.7633 10.3514 -5.4665 -0.952428 -11.2024 14.0727 18.6226 1.47785 6.64215 -4.51296 -7.30297 5.33313 -7.39205 -1.80073 10.7354 -5.20657 3.0177 6.0309 15.6593 -8.15023 -2.07657 -5.60156 -10.7152 6.82708 -4.93843 -7.66366 -14.2067 2.83265 16.8274 -11.077 -15.4047 -2.93083 -2.96376 4.60921 2.17134 -15.974 4.65992 7.02935 -1.4215 13.5311 14.1269 4.87699 -5.42257 6.62458 3.36764 -6.5189 0.965765 -6.25368 5.14641 -8.27065 -1.59878 -10.4245 -3.73285 6.64739 6.99885 11.3398 4.19225 -2.70043 -10.696 -10.7721 -0.495709 -11.5339 -0.940537 2.73013 4.85279 7.1144 -3.39017 4.85783 -5.31764 0.370271 5.57016 11.1599 0.303634 3.87377 7.24659 -4.05161 -8.02249 -11.743 -6.90028 6.18684 0.190728 6.86186 0.394445 -7.9876 -3.68593 2.18757 -3.82388 -2.2927 3.37183 0.0164548 6.05733 2.98318 -8.78811 -5.82602 -6.43219 1.46308 3.5026 -10.4212 7.08433 10.2183 9.45073 5.53849 8.98587 5.52776 4.85005 11.1522 11.4633 8.09131 -2.59773 -1.09876 -3.8609 -2.40157 -0.725786 -2.53743 4.44147 0.763112 3.07059 -11.2564 
26.1061 -6.70178 13.9858 12.312 -10.0669 -16.5931 10.4119 -8.67246 -13.4312 -20.6855 14.7642 -10.5557 -4.26675 9.47594 15.6364 1.82247 -5.06356 -6.82257 12.3569 -3.18725 2.86602 -17.7164 12.3274 20.0507 10.845 -0.260822 -16.2455 -9.42509 9.5506 -9.14883 5.3273 8.25809 -9.3231 3.96718 4.23358 16.9182 -12.4118 -0.766324 0.337136 -6.5821 7.90676 -8.78392 -5.33501 -9.57565 -3.70087 19.6748 -11.1115 -11.0837 1.2476 -7.40892 16.3889 6.59693 -12.2954 5.02628 11.5393 0.0189493 15.1537 8.91701 4.35829 -4.40352 6.39652 2.2117 -4.04581 -3.36999 -4.19742 3.94161 -8.05571 -2.52163 -9.10614 -3.62625 7.22002 6.03728 17.2659 9.1882 -2.85018 -11.9816 -7.89769 -3.88758 -7.43179 2.38652 -2.11366 12.1961 6.43748 -4.14698 3.7014 -8.51505 
18.6771 -12.6699 13.5077 19.6212 -17.5933 -12.6552 9.4676 -13.152 -4.83472 -13.0643 11.4116 -21.2207 -4.74293 17.8575 19.9541 14.2443 -7.20946 -15.1467 14.9875 -6.57271 12.3978 -17.0287 22.2585 23.494 3.71115 5.87307 -13.3777 -11.9909 11.9037 -14.7372 4.53342 9.23778 -11.2245 9.58229 9.54179 22.9276 -15.9134 -0.194593 -6.72109 -9.83806 7.05674 -4.14197 -9.91264 -23.0602 -12.1819 25.997 -20.6743 -20.2358 -0.519234 -9.38007 13.3765 17.3693 -23.1446 15.6057 10.8458 1.20639 13.7919 8.3087 1.29603 2.65783 7.80987 6.82389 -8.56183 -2.32014 -6.57823 -5.72339 -10.6266 -3.37349 -9.82807 -3.18243 8.0928 7.43403 14.0658 12.354 -6.51206 -12.9761 -8.47787 -8.8238 
29.8979 -18.7652 24.6005 28.4122 -20.811 -19.6913 22.2778 -14.2228 -17.7643 -26.4777 22.2022 -17.1122 -8.84679 36.9445 21.8535 18.6077 -13.154 -32.2457 24.7762 -17.2056 11.446 -22.4027 31.1543 30.7931 19.044 15.7111 -24.4519 -17.6196 13.274 -21.2471 11.5903 20.5528 -19.7916 17.653 6.37996 27.1556 -23.779 -9.71347 -2.99819 -22.5653 4.93306 -13.8265 -14.0895 -19.5648 -10.6926 28.0918 -29.9275 -26.6027 6.56115 -10.319 19.9222 
29.3571 -27.8734 25.8508 39.007 -36.8327 -34.883 27.0443 -24.898 -24.3173 -27.6483 34.838 -33.4297 -14.8923 42.7445 38.4389 23.5228 -24.3459 -31.4292 35.3739 -20.6562 13.0583 -35.4574 47.1515 34.6296 25.5598 8.49403 -29.0513 -33.3274 14.0962 -27.8684 15.9975 27.1125 -18.4565 15.4018 10.1188 33.7334 -34.4067 -13.317 
37.384 -37.2203 30.8278 51.5737 -43.6806 -36.4918 43.1817 -31.2001 -27.0073 -47.6843 38.05 -38.5075 -30.3328 55.9613 42.9576 36.8072 -32.4171 -41.7103 47.1663 -31.4958 20.6606 -41.8245 50.6913 54.0557 41.1006 30.0387 
59.2554 -37.0438 34.2005 52.1923 -47.4073 -52.1699 43.8419 -45.3224 -36.9794 -65.7603 50.8514 -43.6296 -34.3965 57.1075 58.2003 41.8044 -40.417 
77.4505 -53.8341 36.0318 62.2206 -58.1237 -58.8058 65.0943 -61.5785 -49.4367 -72.9553 71.7464 -59.0704 -54.5727 80.2735 61.8433 53.5775 -52.0219 -62.811 
87.2392 -74.6988 58.3589 84.5218 -66.5038 -92.4064 86.2636 -71.7809 -70.308 -86.2807 84.3594 -80.2025 -55.1004 90.0629 73.3281 67.5321 -60.2657 -92.2107 78.8572 -72.9825 36.9846 -75.2638 
102.445 -78.6915 71.4261 93.0458 -95.301 -114.257 98.0691 -87.2105 -81.8317 -95.5771 91.3791 -88.931 -74.3328 95.5568 77.2406 89.9557 -71.5648 -107.102 83.3376 -88.888 45.157 -96.6462 
109.861 -99.6939 68.5784 125.579 -98.6067 -138.282 109.228 -89.1851 -98.0181 -121.419 104.403 -118.85 -99.8146 124.357 92.4246 110.609 -102.44 -117.241 94.6123 -92.5039 69.4476 -115.236 111.032 
133.037 -126.068 97.2711 153.803 -106.642 -150.265 125.94 -107.711 -116.366 -132.028 127.013 -131.152 -126.94 133.303 110.033 128.636 -107.586 -143.734 94.2391 -118.112 86.4768 -127.889 130.699 130.814 
137.604 -154.721 101.767 176.367 -126.171 -164.238 139.689 -141.368 -123.762 -154.562 149.299 -149.952 -167.142 162.146 126.766 153.015 -122.176 -168.054 112.732 -144.604 97.6657 -147.602 135.396 146.222 
161.481 -173.358 124.623 198.135 -149.252 -177.327 156.272 -150.011 -146.92 -166.242 164.944 -180.736 -180.923 183.006 147.283 169.41 -138.131 -183.716 126.446 -161.26 115.673 -173.742 154.388 
173.852 -194.804 140.162 214.962 -160.868 -190.895 177.783 -177.376 -170.294 -183.276 179.196 -183.379 -198.887 217.013 159.153 178.586 -152.892 -215.138 119.327 -180.351 125.127 -169.785 
192.972 -215.922 152.839 226.541 -167.703 -206.317 178.687 -172.973 -171.541 -187.256 191.323 -195.165 -186.475 228.248 170.076 199.98 -145.375 -219.701 136.052 -196.447 148.926 -186.883 190.416 190.112 186.766 
202.607 -209.016 126.486 217.692 -170.476 -216.91 197.689 -181.989 -173.438 -209.345 206.363 -179.644 -196.812 245.286 161.843 208.839 -154.451 -215.41 145.644 -188.04 157.611 -186.559 201.529 187.105 204.266 140.278 -175.29 -200.057 
200.283 -204.266 106.502 235.214 -164.941 -204.338 184.258 -192.759 -180.159 -200.543 217.443 -178.285 -182.555 243.177 169.787 228.895 -149.302 -235.321 149.707 -186.008 159.768 -194.572 206.697 193.669 194.646 123.091 -179.724 
210.293 -183.113 99.2617 220.097 -3.00001e+07 -205.196 195.366 -182.7 -188.667 -195.79 235.423 -166.364 -188.009 3.00002e+07 183.686 186.997 -122.238 -205.206 144.07 -179.357 157.745 -173.423 213.251 189.373 200.534 116.943 -153.912 -222.795 144.068 
208.71 -189.639 100.371 201.767 -152.225 -168.049 176.874 -159.337 -3.00002e+07 -179.016 191.223 -160.817 -3.00001e+07 202.793 161.282 191.155 -114.186 -228.53 137.662 -148.83 147.699 -162.221 175.523 172.625 182.775 118.91 -154.365 -188.133 109.667 
179.078 -142.225 99.1345 211.721 -3.00001e+07 -158.007 153.821 -149.911 -160.359 -169.361 168.844 -121.811 -3.00001e+07 202.557 133.318 163.884 -88.2513 -183.197 140.343 -131.937 129.181 -166.008 194.686 148.953 113.687 91.4497 -120.156 -157.754 117.59 -178.781 
167.808 -130.317 75.7004 169.592 -97.5919 -136.766 126.102 -107.054 -154.891 -146.014 137.377 -129.805 -109.373 181.306 111.12 140.233 -52.0324 -147.539 108.97 -92.4353 105.144 -154.324 151.184 114.779 125.787 89.1035 -109.405 -132.545 94.8615 -155.152 64.5525 176.37 -179.441 109.111 
135.361 -96.4929 48.3123 148.68 -47.9742 -89.4847 106.667 -140.68 -89.4081 -145.102 120.934 -110.129 -104.589 160.377 113.994 106.51 -42.4113 -169.091 71.3749 -52.5345 85.5915 -121.111 116.515 94.8682 87.4522 60.7525 -89.8753 -107.536 63.1999 -110.515 64.4269 160.31 -145.734 101.892 154.279 102.587 -155.054 -173.708 -101.585 -141.069 107.934 -216.371 -119.788 
97.8545 -69.7891 44.7232 124.7 -42.5466 -65.1442 72.4477 -80.591 -67.147 -87.3582 104.004 -26.1091 -110.519 114.132 62.4529 85.0816 -27.1799 -84.8743 72.3653 -29.7793 63.9914 -130.007 82.7877 64.6884 66.95 41.9875 -86.4794 -118.817 44.6155 -98.9545 13.4567 93.0182 -100.565 64.1251 90.6395 67.0916 -106.151 -121.557 -57.689 -82.0175 119.513 -123.201 -79.0247 -124.833 -27.841 150.579 -99.0325 -113.019 -104.791 -105.664 122.586 84.8292 -107.639 70.2791 73.4023 20.7932 83.0304 50.102 9.93463 -53.1117 24.2195 30.8444 -18.2305 -48.9493 
