1.52549 4.00977 8.10827 -7.68347 8.62237 6.25388 -6.97806 2.69454 9.58482 8.5277 10.2916 -10.1802 -8.3049 13.7772 -8.10454 1.52301 -4.09331 1.46008 8.0606 1.33618 -14.1592 -11.1478 -10.3388 9.2405 -11.1005 -6.74335 -1.21632 -6.67966 -18.5344 -3.85852 -7.25722 -8.21469 -4.53805 -2.32681 1.95711 2.98462 4.83276 7.34606 -10.6849 -8.07093 -12.2347 10.3759 8.36671 4.82696 11.1038 10.4392 -2.03039 2.42516 6.57461 -8.13809 -5.59302 7.69783 -2.77193 13.9316 -0.495866 3.03686 0.254983 -0.539512 5.24808 3.35584 2.49844 5.85289 -6.61552 -2.3943 6.70317 6.21309 7.50194 -5.06039 0.599663 -4.00646 7.24093 -5.57509 5.83149 4.80612 -4.13735 -7.86603 -7.6365 -0.890048 6.10462 -0.0586251 8.99163 -9.72951 -3.37726 10.4789 -0.41419 -10.7158 6.54632 -2.81146 -10.5972 -2.37752 -6.35778 2.80591 -7.74925 4.64268 -5.95731 -4.94672 3.16343 -4.6319 1.47578 -3.9865 -3.99557 2.62579 4.0698 9.761 1.13638 0.577709 -3.2367 8.20912 -3.03449 4.38606 0.569758 
10.3336 10.4174 13.3217 -11.4759 11.908 11.1748 -7.35835 11.46 14.0709 6.69719 12.9788 -16.0759 -15.2333 20.3673 -16.7745 7.36447 -4.16361 8.17643 23.2296 7.0941 -19.1771 -14.1378 -14.8284 15.3994 -9.96846 -4.56904 -3.52403 -12.7815 -17.4488 -10.0387 -3.23057 -13.0813 -8.0964 -10.2935 6.07073 3.26055 2.80615 21.237 -17.0504 -5.35566 -12.9166 16.2909 13.6325 13.9212 10.6775 12.9774 -8.47332 8.6634 8.54534 -5.65556 -8.37138 13.914 -15.1582 18.8069 6.00548 7.14437 2.78156 -2.2225 6.27402 10.8505 6.86564 10.9667 -7.38263 -6.00684 11.6253 6.89821 9.53215 -9.69865 -1.8151 -9.24892 10.5792 -11.5587 7.53564 
18.0065 14.3971 15.3716 -18.8945 19.2746 25.4798 -21.9556 19.8472 15.4867 11.3672 17.8958 -21.2278 -18.6918 22.9156 -26.1898 15.9237 -11.3927 9.7227 28.7155 13.0153 -27.3277 -15.892 -19.6361 16.0244 -15.5628 -13.3854 -10.2958 -20.6498 -19.8688 -11.2329 -17.5732 -24.1465 -10.1625 -18.0468 -0.254896 1.47664 9.30881 21.0157 -22.442 -13.5732 -23.5839 21.3707 19.8105 18.1571 14.5243 15.6326 -16.6692 6.48669 
29.5003 17.3967 23.7884 -34.1709 23.6682 30.3572 -26.6742 33.2635 36.2843 13.6485 27.6285 -28.1884 -24.0436 30.7767 -35.2671 30.0584 -29.9095 19.3787 38.8746 19.9373 -29.3214 -26.4134 -26.4649 25.2149 -17.0195 -14.3466 -16.7551 -37.8076 -24.4599 
38.8282 32.8434 34.7902 -48.2673 34.6617 34.2459 -35.6694 43.9282 40.0191 20.4121 30.9387 -43.269 -31.3131 39.2266 -36.6464 40.5372 -32.7415 34.3381 45.6268 23.095 -30.6565 -35.2016 -37.4581 31.2414 -27.9026 -26.2439 
49.9439 49.3552 54.3831 -63.6441 54.6425 46.3419 -47.0866 59.2843 57.6618 25.8471 35.6271 -55.2047 -48.5802 54.9402 -46.3304 46.0921 -38.1065 42.9998 
64.5952 64.3809 71.9836 -66.3112 69.5574 53.1852 -57.7709 65.2088 70.2922 34.2666 49.3866 -66.6888 -67.4482 
80.1292 65.5879 83.822 -82.0138 74.1374 63.8469 -73.2902 72.0025 83.9653 56.1957 50.6642 -81.2158 -85.0864 81.8198 
99.2238 89.2274 109.13 -104.287 85.4631 75.5946 -94.9387 76.9802 90.6105 63.2373 65.6867 -97.3059 -104.774 93.7133 -77.1521 80.3096 
124.613 105.135 113.15 -114.269 99.6626 82.5304 -111.348 92.9866 115.743 74.6623 84.4686 -119.064 -118.845 104.408 -109.533 101.983 
150.08 129.385 135.026 -130.273 121.803 98.6498 -120.711 114.555 127.645 83.6836 110.943 -127.486 -138.441 129.788 -128.989 
159.416 162.471 161.896 -155.338 143.878 120.863 -129.102 128.327 147.567 108.859 144.084 -144.468 -147.719 145.128 -159.469 133.658 -158.142 
168.398 177.588 189.735 -174.308 154.084 124.723 -142.116 131.905 165.176 127.965 153.84 -155.1 -165.506 162.844 -186.069 162.96 -165.271 
196.804 209.805 227.392 -197.193 177.79 125.213 -155.508 135.897 190.014 133.01 162.629 -162.426 -166.122 164.677 -218.546 181.148 -200.155 152.014 150.059 
194.554 208.676 236.801 -180.968 176.236 128.442 -156.259 145.52 193.258 160.184 180.845 -166.184 -188.165 184.329 -237.79 172.571 -222.756 157.16 
209.907 219.976 243.339 -192.605 183.808 131.013 -145.811 145.436 192.478 149.212 194.782 -169.992 -185.583 177.141 -237.43 173.609 -242.721 179.937 167.2 
202.819 213.149 236.492 -177.454 171.007 129.371 -143.621 132.315 183.224 144.923 176.603 -177.087 -199.99 182.498 -225.577 160.538 -259.947 155.014 164.417 3.00001e+07 -214.093 -210.673 -239.246 179.742 -269.32 
3.00002e+07 195.331 238.066 -152.596 166.713 92.1836 -124.844 114.102 190.771 110.387 162.999 -155.359 -183.682 182.564 -236.78 168.08 -230.697 147.38 161.238 154.899 -208.659 -209.967 -246.25 161.607 -257.392 -227.718 -273.916 -218.981 
3.00001e+07 163.233 198.895 -118.123 159.204 99.5636 -117.138 118.219 166.909 92.9193 165.959 -140.897 -172.142 152.237 -206.315 124.13 -191.459 136.495 134.589 122.843 -174.655 -3.00002e+07 -210.53 134.669 -248.066 -188.976 -225.243 -202.866 -185.699 -179.562 -266.302 -191.89 -249.908 -147.26 -161.097 
85.8282 108.893 154.35 -92.0727 134.539 43.2515 -88.8683 95.0025 147.909 30.069 100.981 -120.474 -77.954 160.228 -145.033 99.1475 -143.627 102.078 109.338 98.5625 -139.323 -120.905 -164.234 84.0429 -148.077 -128.695 -169.948 -192.518 -162.032 -106.581 -232.363 -151.96 -165.288 -137.812 -123.41 109.193 108.971 100.627 -138.302 -169.988 -112.602 122.192 142.876 86.3348 153.217 69.059 -40.4369 51.65 115.81 -74.8442 -149.167 70.4988 -95.1991 123.018 15.3883 47.6773 33.1792 -59.7715 3e+07 46.7737 
68.9873 79.4371 97.9368 -60.9003 98.4516 29.9765 -62.9668 59.1412 107.345 35.2688 80.4617 -56.0747 -72.3416 95.9643 -104.022 62.4758 -70.4296 66.2042 66.6502 52.4358 -66.8065 -58.7687 -87.4416 46.574 -103.766 -88.2583 -114.03 -124.743 -82.4468 -70.37 -150.808 -89.7265 -114.679 -72.7953 -77.0244 77.5403 42.5148 67.6224 -76.125 -110.271 -29.0455 101.549 140.654 46.3379 110.029 59.8779 -14.4398 38.4445 79.7479 -29.7193 -27.5932 76.8501 -52.8999 23.7867 7.01735 17.3632 35.2059 -39.8345 23.0843 35.3379 17.5131 -1.09623 -72.0983 4.73021 48.3036 7.15853 38.0686 -47.8049 -2.03671 -44.9084 34.2453 -43.3041 10.8334 21.5749 -43.3382 -60.4476 -54.3427 -1.01162 57.7737 24.2123 -11.8948 -48.7087 -5.42387 20.3719 -52.4888 -40.3969 52.1207 -0.879913 -32.0471 -48.9445 -27.1833 -27.9256 -7.56619 35.8169 -54.0948 -30.8548 
24.6476 19.1293 34.7707 -53.6809 69.8328 -5.88458 -51.4292 -0.785568 71.7817 13.4018 36.7874 -6.00013 -15.1138 72.6917 -43.8842 44.5986 -78.0162 49.3471 39.5882 25.1008 -59.4648 -42.1486 -19.5085 27.7003 -15.8367 -11.1705 -60.4246 -38.1072 -31.6885 -62.2916 -37.1061 -26.1577 -48.268 -44.1635 -6.18718 22.8738 24.2753 49.3459 -38.4852 -66.9238 -17.5844 50.3049 56.7419 8.51598 58.747 25.2726 -22.1394 5.77001 45.4501 -22.8363 12.7434 23.7477 -27.3236 44.3105 7.46136 25.3822 6.17468 -35.3205 20.3939 27.0964 15.8521 9.73358 -46.4915 -5.58311 14.6509 -1.91466 6.18421 -34.0959 3.03761 -17.2423 16.6931 -37.7782 -1.01794 29.9214 -21.23 -6.45324 -24.8899 3.97259 45.6083 -3.41872 0.145837 -20.7839 11.6222 23.3632 -24.5281 -32.804 16.3932 9.4829 -17.6108 -21.1723 -22.7226 -8.4216 -12.3101 22.3887 -16.8583 -26.9927 23.644 -13.8411 22.0021 -43.8603 -24.1832 38.7918 35.5427 23.9673 3.19143 1.83815 -15.8143 21.0791 -16.9655 11.6818 10.7779 -32.0069 -24.5955 24.4719 27.5255 -7.51568 16.0043 18.5322 -42.7582 21.6759 -29.2588 3.70151 27.0816 -19.4915 5.67736 -27.0174 -8.14556 -21.3979 -41.8557 18.3037 -7.31285 -6.65124 -51.7467 6.5203 25.402 1.49222 -5.8691 24.3593 16.2447 0.8392 1.64898 -15.0654 -20.7618 -23.4406 -11.1648 -23.9473 -32.2647 -4.11354 11.877 -28.954 -11.2468 -9.59266 -9.0731 -14.9954 38.1249 1.42344 14.9859 -37.6046 -29.19 -19.573 -26.0208 -10.3299 1.72013 -26.6476 15.3377 -21.1202 19.653 
22.8767 4.72444 14.3463 -7.48609 20.3094 -1.8247 -17.8892 -12.2549 12.623 16.2281 33.0664 -8.69344 -11.0926 16.5154 -32.5391 21.9011 -32.7809 23.259 21.9097 -1.99602 -21.7904 -9.91579 -31.8554 -3.05351 -20.1173 -18.4264 1.06231 -43.2002 -23.2548 -22.5783 -32.7892 -29.4702 -5.5502 -16.4035 15.0647 11.5808 24.8117 15.0221 9.19526 -8.6715 -16.9618 25.212 15.4521 35.3023 21.5645 12.0159 8.85524 2.85653 1.49655 -7.25663 3.61439 3.78686 -14.8882 4.21418 14.8959 12.1072 -1.68631 4.04332 -3.99143 1.58864 12.4348 1.06079 -7.18088 -14.6037 20.1385 -9.07053 -2.24245 -14.1168 18.4862 -3.8027 15.2942 -7.06936 22.4586 11.3807 -9.09126 -10.2246 -6.78202 -3.92965 6.26071 -0.434381 0.342905 10.6106 -4.63713 33.0964 -12.7514 -16.0332 17.1614 -10.059 -13.1694 -4.34565 -5.21589 0.999935 -5.63491 12.7914 -1.07418 -13.1692 -3.86182 -2.42989 3.49793 2.64194 -11.3854 18.4252 2.50003 11.3088 1.61872 -4.54494 -9.65774 0.469623 6.09931 7.74664 4.82608 -15.3053 -9.99881 16.2905 3.92265 10.0481 6.14641 -1.40242 -20.1547 2.8914 -16.0712 -12.6883 7.80254 -8.08546 -10.0648 -26.2884 9.83983 11.372 -13.9722 6.94074 -11.9151 -1.6443 3.31362 -9.62874 5.60135 5.92375 -6.78857 10.4582 8.69389 5.02911 2.55296 0.020078 -11.3246 -4.98973 -10.3116 -18.6468 -25.3721 6.50308 19.6919 -5.96515 6.11003 -2.58416 21.1462 -8.98688 13.3183 -10.0903 3.79761 -20.3294 -17.6327 -0.260971 5.63021 -7.50423 4.2633 -15.6518 -0.34006 -9.03508 7.21792 -7.77954 16.8143 -25.1208 -10.787 -16.785 13.5358 -8.15759 -3.26636 3.83503 9.58918 -25.6288 -3.28195 -5.73761 12.5627 19.871 16.6658 -10.0219 1.53667 -14.9831 -9.87558 3.28731 17.1672 14.7441 -23.0649 15.8809 -2.11387 8.23141 12.7511 -8.67626 8.34306 7.94833 0.904855 3.10087 -17.0177 2.52079 -3.01939 20.8854 6.84086 14.1072 4.81936 -13.4565 8.31733 -3.74875 -9.16344 -6.83318 5.68453 12.6844 -8.95353 -13.0843 -2.08059 4.9549 -0.767944 -17.0236 -14.6923 13.7066 6.94965 -10.9016 -26.3694 24.0958 -24.983 -17.9992 -1.39148 3.60823 -26.168 -30.1409 -6.432 -39.4865 -27.9544 -31.5132 -8.04734 4.43004 -12.7496 -3.34227 -13.8561 20.1009 44.8656 
11.8857 -1.85943 1.03757 -3.61286 5.48794 -15.9918 -11.11 6.01805 -6.26227 -0.515053 -5.63954 -6.71586 -8.60485 5.8392 -0.344975 12.6522 -10.136 6.9706 19.5682 14.0607 -28.4811 -0.297056 0.843398 -8.60012 -3.4513 -9.44644 4.88491 -5.5565 17.8473 -12.8036 -1.65399 0.376887 10.3545 -9.01302 -11.0695 6.81579 -4.4109 25.6771 9.84518 -7.06302 -13.0343 13.5055 23.917 9.04312 9.45373 11.5634 2.39942 -1.62464 -2.39001 -11.5771 -0.649096 8.85058 -11.4253 11.9933 9.61973 -0.55949 4.23714 4.02163 -1.49956 2.69063 5.08907 2.73742 -8.82499 1.20701 10.2163 9.7593 1.64813 -6.51181 -7.84841 -0.991469 9.08288 -5.56702 12.8152 0.0721432 -9.07365 -6.20389 -9.12848 0.649814 6.15598 -9.49311 9.52339 -18.3882 -2.31939 4.53956 0.0676847 -14.6795 11.9586 -2.66288 -9.88191 0.687552 -7.26528 5.16858 -13.9662 -4.09173 -7.998 -3.24462 11.9348 -9.08006 -1.86361 -2.19228 -1.70172 4.12895 7.33664 8.4627 6.0913 -4.07802 -4.19405 4.6248 -4.98522 5.41546 1.03726 -12.1578 2.76907 11.8548 8.02514 6.91419 8.91956 9.59978 -10.1177 -0.446151 -10.4966 -8.42573 6.75897 -4.85285 5.31272 -12.6831 4.58713 -10.0009 -9.32805 0.835873 -7.06008 0.978421 -7.2765 14.3705 5.41475 9.70018 -0.383217 1.12397 -3.12971 0.892891 4.72789 -5.3668 6.65278 -10.908 -1.63625 -8.85153 -10.6158 -8.51687 10.5138 -3.22021 -5.14955 -10.2117 24.6429 -2.87907 3.68319 -8.34188 9.95387 -25.3218 1.33569 1.76428 -14.7437 -2.81656 -9.36184 -10.7952 -3.57992 -9.92997 9.21451 8.8447 -3.17463 -4.97519 -5.55956 -8.55536 4.49442 -0.379532 6.62764 -0.597716 6.54209 -8.40928 1.05738 3.56502 7.0082 -1.8952 12.6498 -2.12457 -5.43968 -9.82828 1.75237 -2.42822 -0.652964 0.196266 -8.04831 3.40868 2.92034 -2.47246 -1.31888 -0.203817 6.20991 -1.63878 3.06376 3.83526 -7.78901 8.9966 8.38383 8.97156 5.93719 1.98363 5.96956 -5.73718 9.05198 -3.29619 -5.351 -5.46251 3.7481 12.7102 -3.04195 -6.3442 -18.3604 18.9484 2.0383 -12.3712 -4.23002 -4.86307 -7.25312 11.6828 -8.83389 16.0346 2.92079 -0.590578 -13.8144 7.2058 -13.7031 -14.3446 9.29561 9.0972 -3.85364 -13.7837 -1.52369 10.5337 6.65869 -7.88866 6.51686 18.3655 17.8052 -10.9913 -17.1719 -18.6244 -12.9495 -9.11324 4.60932 
10.0049 3.16274 7.44182 -9.83754 -2.17026 5.29583 -0.397275 10.184 9.30038 4.90386 2.62292 -7.76611 -4.68893 18.2226 3.91517 6.73951 -11.0158 1.47384 4.58962 -0.664101 -10.7982 -3.17822 -3.93897 7.28489 -8.75919 -2.84692 -1.73739 -3.34203 -8.92877 -2.02825 1.38427 -5.6579 1.93166 -11.0022 3.37641 0.0758123 10.1614 5.37856 5.04608 1.9215 -13.7273 1.21594 2.27754 6.35387 2.98492 5.29065 -1.09345 1.50882 -4.27716 -8.69719 -10.2553 12.5473 -2.52914 12.5977 3.58224 4.31638 3.5785 -2.94932 8.51317 6.53931 5.44685 3.40152 -6.07257 -4.68872 4.95107 10.4321 5.2143 -3.09585 0.844031 -2.84003 3.36544 -8.28129 7.91745 -0.973215 1.22594 -3.95787 -1.64829 -2.95149 3.75383 0.790172 7.76543 -13.1216 -4.39913 7.25503 0.119914 -7.02065 5.52482 -0.640912 -7.22756 1.16566 -3.59617 1.66743 -7.33301 3.85248 -6.85249 -4.72783 1.51047 -2.2778 3.55137 2.6424 3.81335 6.52102 0.530643 7.57806 6.8957 -2.07683 -4.51162 4.80607 -1.75155 3.06587 3.46914 -9.00425 -4.2419 3.72662 7.00395 -1.04108 9.14409 5.75473 -5.5052 6.33757 -4.60969 -6.01979 6.93885 -6.29588 -3.09579 -17.5211 7.51884 -5.70884 -8.18232 -0.422698 -4.62878 -2.45772 0.15542 5.86565 1.63305 6.10889 3.18996 2.52179 7.53568 8.21474 6.6226 -5.50008 -3.88452 -5.53373 -1.45747 -7.42858 -6.79739 -7.89537 4.39505 0.996013 1.22339 -9.19536 7.62193 -1.67974 5.64998 -7.95182 -1.08136 -10.9178 -1.4972 0.129087 -8.97235 -2.33954 -6.4347 -3.86073 2.5474 -6.67715 4.50373 -2.83672 -2.05181 -2.43274 -6.85627 -7.01046 6.28684 3.99972 -3.34869 -6.22058 6.23401 -5.85925 2.24047 -0.502697 6.4145 3.94622 3.14135 -1.69632 -5.73928 -6.75743 7.30475 -3.73305 4.57446 4.02092 -0.709224 9.54832 0.849624 5.16428 -6.03206 -6.0454 7.83247 5.04528 -6.21284 2.15532 -10.5891 12.5914 6.32443 -2.00735 2.09191 -3.45898 
5.75186 3.94346 2.64314 -6.1616 11.4503 7.73878 2.93746 5.75597 1.59421 3.39584 4.70295 0.0496095 -3.53743 2.01803 -14.0868 2.16699 -6.0301 2.50552 8.21416 -1.09542 -16.4071 -13.6156 -0.973194 5.34115 -6.39038 -8.59135 -1.32176 -0.38928 -12.2362 -4.79339 -10.8768 -2.98293 -6.14563 -1.8897 3.69272 -2.72995 7.13347 8.31949 -5.40901 -11.6728 -8.59211 -1.78096 6.90284 6.10534 11.139 1.61938 3.15227 2.91976 3.2501 -0.219065 -7.32495 10.1359 -3.21642 16.9666 3.35868 3.28834 1.04548 0.294105 8.52414 0.0248008 5.55189 6.52081 -5.9943 1.60984 1.82737 3.17213 4.44773 -7.85262 1.22772 -0.787969 -0.0541974 -10.5405 11.2623 6.22871 -3.64483 -3.91361 -5.75615 -5.18709 6.14074 -3.06945 6.16515 -8.46625 -4.93555 9.14716 1.64815 -10.5193 4.11035 -4.79617 -11.017 -1.081 -3.8956 3.43005 -10.3352 6.65237 -1.59943 -4.2222 3.53514 -4.70301 -0.891394 -5.56297 -7.58327 5.97129 5.28317 0.486663 2.41881 -3.80004 -0.0845311 2.60068 1.50259 0.20658 -2.26307 -12.6749 -3.85393 5.8766 3.28781 1.22694 7.72854 5.95493 -7.14784 2.74095 -6.74575 -4.91156 5.31576 -4.5508 -2.00926 -8.00702 9.11489 -8.32465 -8.21338 1.25833 -8.15884 -2.00307 -0.794691 7.57624 0.689591 9.27606 -0.469563 3.1813 1.09415 0.614601 6.73271 -0.0179449 -1.23722 -2.02688 -4.22263 0.691568 -9.9558 -5.61647 2.32677 2.4111 -4.23185 -8.56793 
10.2591 0.338665 4.66931 -10.0906 6.84778 10.25 -9.26949 3.87499 7.65856 8.05707 7.23273 -12.0942 -10.5843 11.2606 -15.0313 -0.188937 -6.19838 6.15077 12.4058 6.6784 -14.9613 -7.79842 -9.48408 12.2659 -9.2041 -3.13447 -0.392947 -8.95425 -17.1697 -0.834221 -5.32476 -8.58061 -5.46647 -7.90649 5.75527 3.4256 9.29929 9.53434 -12.6258 -10.0091 -16.5793 6.5941 6.8657 11.009 9.50935 6.43988 0.723902 7.0174 4.93319 -7.45364 -7.05912 12.3634 -2.73015 12.0061 3.91182 5.14095 4.37936 -1.6167 9.37509 7.73432 2.45102 9.8848 -7.57714 -2.7394 8.60341 5.69724 10.0337 -3.60164 2.48501 -8.13059 3.77801 -5.1954 10.9097 4.28709 -5.71571 -9.60543 -2.50284 -4.04239 5.20883 2.73493 7.2447 -7.18172 -4.44541 8.53842 0.46521 -9.6943 8.27996 -2.26003 -8.78813 -0.979937 -3.87538 2.19357 -9.92157 2.15097 -5.17437 -6.46087 1.1371 -3.80148 0.273716 -5.82186 -8.84188 7.22825 4.77528 9.74486 3.28287 -4.14449 -4.06529 5.55163 -2.6909 0.134364 -1.38884 -9.13392 -7.3107 4.71604 7.94273 3.82312 4.9217 3.61343 -5.00854 2.97655 
12.4568 7.57627 12.6786 -7.67115 14.1051 4.20873 -13.9606 7.85755 17.4485 6.81641 10.8604 -12.3823 -15.2729 17.7206 -12.9644 9.54257 -9.066 1.17279 23.7677 8.38472 -21.2337 -15.992 -16.8595 17.3604 -11.4223 -10.7505 -1.05221 -11.47 -21.3946 -6.93006 -7.73167 -18.604 -10.3878 -7.10316 6.88146 9.19437 8.35324 19.507 -16.4851 -11.6648 -15.223 18.228 8.30899 10.8976 18.4065 8.1821 -3.54225 5.01353 7.75035 -10.4637 -4.71799 12.1324 -11.8252 20.9002 7.53211 6.83076 3.60823 -3.11468 7.80282 10.9321 6.18705 10.5398 -7.80324 -4.98275 8.34202 10.2956 8.68992 -10.1077 -3.26271 -6.14678 5.33398 -9.8829 8.58073 5.91155 -4.30222 -11.3227 -6.97026 -7.64912 6.85112 0.947012 10.1395 -10.7485 -4.29012 9.59398 -4.60612 -13.1732 10.1451 -3.44505 -13.0434 -1.79095 -9.17066 0.939975 
15.3744 8.49951 5.85801 -16.5601 14.064 17.1365 -17.4029 21.1893 24.2254 12.1389 18.7179 -18.0237 -25.5382 20.5335 -26.4545 15.9677 -5.83116 7.16892 27.9575 14.0578 -24.2791 -13.0412 -23.4848 15.6954 -15.1692 -11.4978 -7.85367 -24.2203 -22.6001 -13.6111 -10.6331 -23.7959 -8.12596 -13.9706 1.7116 6.59189 8.28834 20.61 -23.1102 -13.1022 -20.5311 21.5401 19.0379 18.8898 21.3699 15.622 -17.3279 11.4407 11.6339 -18.9369 -16.0697 16.2048 -23.3334 17.5532 9.35499 5.14805 2.42953 -4.41522 5.92359 17.4123 5.72123 11.352 -9.2271 -4.65768 
23.4175 13.5194 15.0743 -31.3786 24.7811 29.0922 -26.2391 26.8779 25.4596 13.0459 25.5015 -28.8008 -20.6764 33.2408 -27.4064 28.5606 -25.0484 17.7603 35.7172 17.8183 -30.2268 -16.1692 -25.4654 19.4466 -12.9973 -13.0071 -14.4581 -29.3067 -25.5557 -14.2212 -14.2073 -26.1353 -13.1158 -20.8596 -0.67611 7.25699 19.1272 26.6349 -23.6289 -15.5756 -29.9475 24.6022 
36.4521 16.1655 33.2726 -44.1788 31.2186 37.8978 -31.2404 39.9512 39.8158 20.1656 28.31 -38.1553 -24.8953 35.4489 -39.9504 31.889 -30.6977 28.6797 38.2403 17.6658 -31.4552 -36.9688 -30.9856 26.9309 -19.6195 -21.7301 -30.1161 -35.6352 -22.1193 -17.579 -23.7127 -35.5326 
41.3016 38.5193 45.6107 -56.5907 47.3677 41.1881 -43.451 51.3173 44.461 25.5507 31.0637 -48.5619 -28.6336 51.0274 -43.102 47.7367 -41.3851 36.5601 35.277 37.2081 -35.6352 -48.6513 -40.9922 30.4173 -41.1565 -22.5713 
53.3 49.6798 61.5694 -67.195 55.3644 43.8604 -51.4776 54.1377 61.0094 34.2427 37.3133 -66.0111 -61.2845 
67.9273 65.2822 72.9713 -65.8799 67.6799 62.626 -64.9419 59.5129 76.1508 39.8046 52.4236 -69.1345 -70.9473 72.5467 
89.4883 76.098 88.8123 -90.6735 74.5777 69.357 -80.9451 71.3938 78.4552 59.3673 56.4163 -84.1256 -91.741 79.1885 -68.001 
103.577 82.748 103.677 -104.353 83.2982 76.569 -93.4478 80.5145 102.245 68.6904 68.2136 -98.044 -105.606 92.4609 -82.9766 85.8018 -80.5884 
124.653 107.86 115.94 -120.781 106.804 85.0642 -111.861 93.7142 110.925 67.6954 84.0581 -117.654 -106.694 110.417 -103.054 
137.807 133.002 137.056 -139.687 122.328 96.8058 -123.116 103.274 128.022 89.4308 117.073 -112.862 -135.945 122.494 -141.715 122.807 
153.69 164.947 177.151 -161.623 138.455 110.483 -122.321 125.907 151.067 99.5492 144.014 -142.864 -134.697 137.229 -166.748 136.256 -150.703 
171.489 185.934 200.109 -179.616 160.043 109.226 -131.445 124.356 167.062 129.02 154.108 -162.746 -161.728 161.653 -186.843 158.407 -171.693 127.119 
190.47 195.834 225.288 -189.891 170.684 117.005 -146.492 120.62 179.038 133.566 159.838 -151.335 -158.963 162.512 -202.062 171.258 -194.118 
193.375 192.128 232.24 -185.564 165.622 121.001 -145.181 135.589 185.28 148.246 169.282 -169.551 -182.995 177.081 -229.21 172.135 -236.842 167.083 
204.306 203.765 233.55 -177.175 172.173 138.1 -143.797 119.026 178.653 141.12 165.695 -176.375 -178.966 159.499 -229.178 168.205 -253.474 
193.413 200.684 227.429 -163.594 161.816 125.225 -121.977 120.656 188.193 117.271 180.547 -174.035 -184.565 163.863 -223.492 149.437 -236.56 158.267 153.195 3.00001e+07 -208.317 -208.829 -3.00002e+07 174.251 
160.865 182.549 217.647 -128.917 170.669 89.3547 -102.657 122.978 164.691 99.6108 163.018 -140.735 -163.274 177.599 -222.259 124.024 -199.401 124.178 138.285 3.00001e+07 -185.285 -193.146 -221.585 140.721 -251.749 -209.867 -243.934 -225.424 -221.547 -186.041 -272.142 
107.311 120.117 176.276 -111.101 146.7 47.0345 -92.8724 96.5679 144.72 72.1684 148.531 -126.023 -139.253 153.984 -152.899 109.815 -145.169 103.139 107.473 3.00001e+07 -152.192 -163.192 -185.007 106.759 -205.327 -170.591 -226.388 -192.28 -148.06 -146.103 -247.261 -167.371 -206.715 -137.812 -124.787 125.711 134.946 114.074 -164.553 -186.159 -126.94 150.961 176.499 90.4161 183.591 
73.5717 89.148 123.397 -97.8341 112.664 38.0308 -72.3673 70.8534 119.469 22.0086 93.7705 -72.4851 -82.4647 114.811 -119.068 77.5898 -109.091 93.2921 90.1868 74.4451 -90.0126 -98.7187 -116.842 73.6911 -117.996 -60.8919 -128.372 -142.952 -113.402 -65.4072 -188.345 -118.054 -161.858 -91.7284 -116.612 91.833 68.7637 90.5448 -114.992 -130.427 -87.0822 126.535 136.235 52.9891 130.76 75.5415 -24.0963 43.3595 96.9231 -58.5034 -75.7831 56.1096 -79.3012 80.9666 10.2198 48.7721 34.2485 -35.3818 35.2768 39.2647 19.0382 20.9882 -81.3143 9.49494 63.9342 19.699 39.2006 -67.9039 7.15351 -35.7774 55.9373 -48.9788 
54.729 47.9123 69.4023 -78.3863 88.435 -5.92351 -58.7118 36.7191 58.0855 19.154 56.3198 -37.8288 -53.4255 66.0006 -84.9866 58.6499 -78.0763 68.5223 64.2586 52.5766 -60.7046 -48.0515 -45.2381 29.9403 -68.3266 -6.88059 -71.4642 -97.9997 -51.7951 -68.7091 -113.766 -65.9008 -55.3026 -64.525 -37.4095 26.3833 45.4848 54.7035 -55.1224 -99.0213 -25.8505 70.4474 96.8774 9.99367 87.6307 35.321 -17.0902 15.4787 60.2143 -30.5538 -44.6147 52.5376 -31.8295 39.2444 -19.2429 28.9244 20.7481 -35.5784 20.895 30.2479 12.1755 16.08 -66.4606 12.7717 32.6801 -1.45351 35.4789 -45.2425 -1.05484 -31.0454 23.4405 -50.6973 4.45515 21.9935 -18.9351 -40.4455 -30.4697 -3.01071 46.7248 20.0007 -6.04184 -36.4196 13.0509 18.9688 -48.8309 -27.1973 35.3393 11.5468 -26.1032 -21.9009 -22.7401 -13.0023 -6.28945 33.3032 -38.1788 -29.6567 34.3201 -17.4233 19.8474 -65.5797 -34.4946 24.8415 22.9648 32.3473 19.6756 -3.87682 -6.92601 39.7351 -37.7984 31.7504 6.99781 -36.0628 -40.8433 19.201 11.1907 
1.15303 9.75891 26.8593 -27.7862 48.3922 -18.1239 -51.8186 8.28903 62.3747 -4.16746 38.5686 -25.8658 -2.29987 36.948 -33.1715 18.3024 -54.5141 24.609 17.0553 10.3759 -25.8598 -40.0414 -2.83921 11.8029 -26.6744 -2.70736 -27.7492 -28.4826 -1.42856 -27.356 -14.6537 -35.6119 -6.87525 -26.6812 7.33909 16.9787 10.3017 38.6456 -38.8297 -44.7668 -7.16643 32.6083 31.1227 12.3077 21.959 17.9944 -32.2403 5.08427 21.8141 -9.02745 13.2589 19.5722 -26.1918 17.5335 3.94454 11.025 -1.75756 -13.8513 14.4614 20.1995 6.8078 -3.86271 -12.9531 -3.90325 20.5834 9.6905 5.48083 -49.7533 14.8584 -22.2685 7.88384 -27.7815 18.4439 11.0117 -12.2835 -1.70177 -21.2335 1.48248 33.8153 5.86668 6.46007 -12.5994 7.85947 19.9654 -10.9483 -20.0402 16.1332 -8.09488 -10.9085 -19.2422 -20.7117 -7.59947 -4.93952 -0.731587 -11.9849 -22.6491 18.7187 -12.2177 16.3783 -8.16355 -13.0777 25.7748 7.8038 10.4477 3.55138 -7.53886 -9.37862 22.9207 -1.13424 17.4142 9.44924 -35.6658 -35.0246 29.2849 0.187367 -1.69984 5.92177 0.614262 -22.423 14.0889 -14.8321 4.17218 14.4418 -8.47822 -1.31416 -27.3329 7.13492 -6.72537 -13.8258 18.5712 -5.19273 -7.69955 -23.8829 13.5917 4.57641 11.0539 -7.06969 13.9183 15.8247 -12.1443 6.2119 -15.8408 0.969157 -12.7683 -14.9405 -20.0315 -26.9571 -1.18987 15.9725 -18.573 1.96125 -17.4498 -10.5568 0.252555 17.1027 -6.72447 12.3365 -27.8619 -23.8777 -5.02589 -11.2559 1.44285 9.70062 -29.9667 1.40082 -12.7248 24.5597 -9.33168 3.63221 -44.7139 -3.56413 -22.3772 -12.0482 -8.3009 -20.8749 -8.46069 6.76757 -27.6992 1.23154 -12.6486 37.1271 15.5494 -11.3424 -7.6195 11.9501 -22.6025 -5.30265 10.2036 16.7843 20.6579 -20.4739 5.88622 -0.0793779 8.04387 17.848 -11.5475 10.7934 -7.23222 18.0965 5.8471 -28.5485 15.4415 13.7524 19.9307 3.26531 4.23885 0.457473 -9.81447 15.9832 -1.18738 -9.91845 -10.0048 -7.06099 5.1697 
8.06112 -1.53336 -2.67937 -13.4122 9.02871 -28.4988 -9.97267 -27.7028 13.212 18.5785 -1.66453 -25.2047 -3.61337 24.452 -3.16984 11.025 -22.9567 2.36925 33.8457 1.00872 -7.84828 -11.8257 -12.9442 12.5476 -1.56835 -30.9544 10.0047 -8.05869 -15.2279 -25.9418 -15.5403 -2.20088 -7.6237 -14.9806 13.6106 20.4576 2.3971 11.6292 6.13766 -7.4686 -6.66859 8.24199 10.6014 6.5161 14.4103 -6.77603 12.2925 -15.9724 7.16011 -7.67493 20.5793 6.08082 1.22086 2.22805 0.484949 6.39029 -3.7981 7.75787 -7.15972 9.67339 12.5745 10.5092 -4.64937 -6.11597 16.2445 -1.2065 2.01673 0.214147 -2.40622 -11.523 4.16141 -6.18002 13.337 9.17176 6.65077 -3.44113 -2.53142 -6.92472 10.864 -8.78404 17.7847 8.21474 -11.1731 18.2449 1.09985 -11.4903 9.96429 -9.64351 -11.5385 -2.1586 -20.5193 8.61671 -3.82512 12.3853 -3.58095 1.57887 -2.53471 5.23607 -2.54402 -13.0368 -10.7884 0.19062 2.89987 -2.25439 3.83304 -8.18886 -4.99881 1.78698 -4.3294 1.6847 -0.899755 -6.94723 -9.41911 7.63247 -3.37383 -1.18476 10.3652 6.85257 -13.4221 10.7301 -9.86539 5.5311 2.39728 1.05255 0.612216 -11.2693 12.2903 -1.72314 -17.1873 1.91836 -8.5571 -3.15584 -5.80237 16.9804 -1.27739 10.1835 -3.97844 1.03646 8.09164 -9.04221 3.76791 -12.3537 -9.40005 0.826809 -0.994661 -5.60453 -19.2856 6.96661 -1.24225 0.271254 6.08618 -9.77952 13.3117 1.71194 7.94919 -0.881318 4.10368 -26.5664 2.24411 -3.06685 -15.3568 -1.13744 -9.6924 -8.66888 3.82462 -13.0715 18.3925 0.164389 -5.88183 -5.0108 -15.0025 -10.5717 10.7251 -8.27323 -9.62959 -3.61175 14.3167 -10.1418 2.51417 -5.11225 -2.76834 1.55075 13.5077 1.30026 5.64752 -12.8734 -2.51926 -7.43233 12.8839 3.02937 -15.538 17.8995 1.47255 15.1374 5.46849 -6.62131 4.22892 9.21251 6.05504 13.3196 -9.96512 7.27268 4.39049 5.59572 13.7929 2.46462 4.77206 -9.96193 13.5145 -14.615 -3.65823 -12.839 10.8905 10.2432 -8.88385 -6.50538 -4.75364 -5.35093 12.9625 -2.65523 -1.85819 -10.9004 5.99858 -7.13878 -8.95459 0.0700562 -1.50385 -3.17841 -1.51807 24.2712 -16.3885 -21.5189 2.30273 -9.84187 -2.5311 -13.3581 -6.81865 -3.41486 -7.88068 11.0442 -15.6807 13.5481 13.6369 -9.95382 24.6747 0.245502 -21.8398 -26.3108 1.89904 31.4713 -15.3029 -4.34543 -2.09015 -7.82428 -6.88163 32.637 -8.64037 9.20824 4.30686 -14.7518 -7.04648 0.0373535 -1.50208 -0.357131 -14.6915 -0.949398 2.6575 18.5817 10.7902 -3.80229 0.437487 2.87847 13.5091 -8.49612 9.02357 3.21101 12.365 
