11.9394 9.17791 7.93075 8.12504 -2.46865 10.8063 -8.03984 -5.75783 3.09427 -6.07081 4.9472 -12.926 -3.13307 16.8993 -13.1497 -2.68121 6.16716 -2.32545 10.5448 12.5379 7.47782 12.042 7.7734 3.68221 -7.5194 -7.65547 -6.06577 -5.87864 -10.7332 13.2622 -5.85482 16.8973 8.88614 5.65615 -9.04992 -10.2839 -6.30028 -3.99195 -10.9621 -13.6438 -11.8227 10.6391 -5.04306 6.99414 -7.93464 -8.65932 6.0467 -11.3111 -7.67827 11.2954 12.9871 -12.3892 -1.18333 12.5475 0.378017 6.0423 -0.497399 -5.81728 6.03691 0.564537 -5.10306 -0.458393 3.47603 7.59143 -3.53488 -4.17975 0.239093 6.50239 -6.96539 0.775222 8.5721 9.91199 -5.21374 6.1941 3.51071 -1.15393 4.42444 6.19333 -8.26648 1.73839 -5.0974 -6.54833 -2.5629 5.58302 -9.3967 -1.18765 -3.12595 3.21232 5.8838 0.994481 2.14799 -7.7629 3.10988 -10.9721 
18.5434 13.3449 14.0576 11.9981 3.00615 16.0077 -8.57237 -10.5115 9.21089 -14.2766 6.42078 -16.7984 -4.22864 19.2971 -15.0362 -5.76478 4.70137 -11.1995 10.944 21.3021 11.4756 17.9606 14.175 15.6276 -8.49284 -14.0945 -9.48447 -14.1597 -10.5259 24.6928 -12.144 19.7443 12.6597 7.45258 -12.1172 -14.7148 -16.022 -17.7647 -16.035 -14.4772 -10.3978 17.3464 -12.9524 10.7064 -13.4119 -13.3749 7.64842 -23.9216 -6.75131 18.6269 11.9389 -11.9336 -12.7658 16.7931 -1.9861 7.69344 -5.77043 -8.65505 
19.4163 29.6776 16.3148 17.3083 10.9078 21.3463 -24.3195 -21.9733 25.6672 -16.1699 26.0293 -26.4893 -11.3242 25.7189 -24.9797 -9.95482 11.1478 -18.511 13.6181 26.1672 18.6757 24.9569 15.8547 22.1967 -18.4713 -17.2491 -18.3607 -17.015 -16.6392 33.8532 -19.3634 21.8346 15.2536 23.8444 -20.4741 -24.1151 -26.1543 
36.2767 38.1289 22.5321 26.953 24.828 48.7022 -40.9142 -32.6194 43.2211 -30.269 34.8241 -38.1667 -14.0547 33.5041 -32.0015 -18.7732 23.3147 -30.787 34.0218 34.5766 27.0725 33.7046 25.9943 35.0222 -28.2049 -22.8315 -24.7655 -26.6528 
45.9291 54.2142 32.3984 39.1991 38.1958 54.0512 -50.325 -46.964 55.7771 -36.2004 44.097 -50.9411 -23.0165 38.0852 -46.3328 -28.3157 46.3223 -36.5851 39.7684 50.4101 42.6783 
49.0965 70.3724 46.7615 57.2701 51.7577 63.5744 -71.1215 -64.4055 65.876 -51.4091 55.4777 -58.3905 -31.4523 46.3353 -54.0207 -47.1039 59.9606 -49.9027 
67.7345 81.1221 65.1616 71.9991 66.8569 74.7159 -87.8743 -75.2485 76.3499 -60.5173 64.1266 -71.7699 -35.5801 68.6212 -67.5606 -67.4089 73.9879 -62.023 
74.9518 96.0072 79.2656 94.6166 88.0419 91.1832 -98.2321 -81.4628 87.9029 -74.9129 77.2821 -99.1188 -47.5976 94.3435 -74.43 -76.3509 
80.1876 112.916 103.401 119.745 98.0587 104.392 -106.842 -102.356 98.6826 -101.896 80.4169 -105.806 -48.0125 103.889 -86.2069 -89.8304 107.601 -77.2153 84.8346 
87.9234 131.839 133.156 135.8 106.254 115.461 -124.226 -108.304 92.8769 -113.662 85.8374 -113.334 -60.8679 131.32 -96.6318 -91.4809 131.078 -88.3748 88.8112 121.222 
106.176 142.919 142.084 142.461 118.7 121.537 -139.121 -108.868 107.989 -121.776 85.0448 -136.198 -69.8628 137.738 -119.025 -103.614 136.048 
121.092 153.636 140.309 150.725 119.465 98.8604 -146.561 -118.091 118.184 -142.833 90.4254 -150.031 -69.0357 147.303 -119.533 -97.4914 123.919 -98.0116 107.86 127.748 108.154 158.547 79.464 
125.053 140.846 147.482 146.264 121.356 113.028 -140.728 -108.318 109.954 -153.138 91.9874 -135.278 -83.6698 130.245 -117.794 -104.973 113.949 -98.8253 113.902 113.194 101.935 178.198 
113.74 133.989 129.675 150.16 122.076 111.65 -140.424 -101.598 122.612 -169.471 80.3804 -152.141 -89.7679 110.751 -135.364 -106.892 108.039 -90.0184 104.792 92.7208 111.119 146.619 58.7317 137.702 -92.3728 -115.796 
93.9855 109.092 129.608 151.155 128.393 89.5676 -142.574 -98.595 138.126 -148.828 59.9984 -119.261 -67.1301 113.85 -123.361 -114.361 69.0046 -83.1664 89.1958 85.7193 102.809 124.301 
92.1119 84.3671 139.567 120.99 115.249 93.2665 -122.655 -91.5544 119.329 -115.881 49.2024 -100.751 -49.0227 88.2184 -83.6692 -104.472 69.19 -43.4745 81.0476 91.1917 74.4777 99.7085 74.2702 73.2547 -81.8475 -64.4256 -96.3954 -77.5617 -81.3925 94.5682 -71.4564 
91.5041 65.3272 118.736 98.659 104.397 98.8862 -91.3625 -57.0196 89.3711 -78.5348 56.6779 -83.8652 -56.5556 62.9997 -58.3094 -77.5104 54.638 -56.5183 65.6928 75.3247 64.3164 112.134 64.0228 95.5795 -57.5526 -47.8775 -76.1481 -80.4356 -88.6311 91.4931 -60.2203 82.798 71.7806 57.3755 -64.5933 -100.065 -42.0052 
72.0998 80.6589 90.5876 46.4437 68.4815 66.3929 -79.0472 -47.2024 75.0512 -23.7555 43.3053 -80.0557 -33.0058 40.9404 -59.3486 -47.0807 74.7363 -49.6601 69.7946 53.9742 87.2364 86.6189 46.4704 48.5406 -60.2192 -21.1993 -16.9461 -71.6044 -67.7964 76.9656 -53.551 
67.7147 48.5345 63.7592 47.7529 72.7061 -1.75027 -82.9401 -50.2677 73.8984 -27.498 8.64551 -63.0503 -68.214 37.1768 -60.1858 -24.1669 65.1728 -19.6264 40.0597 56.2232 45.5554 48.1308 31.4015 49.0758 -46.0771 -31.9339 -66.7082 -44.9093 -63.038 64.4785 -72.7929 58.1218 53.9659 33.0956 -54.5139 -67.0505 -56.8734 -45.4511 -53.0021 -46.2695 -71.5902 103.892 -43.6889 45.8322 -31.419 -47.6374 79.8923 -74.2078 -81.1805 52.4355 44.3259 -68.1435 -67.3673 21.614 15.6558 
49.7308 49.6265 53.0559 32.6745 61.6874 54.2112 -47.5818 -18.6807 55.3894 -62.0437 58.0491 -13.4432 -41.8155 38.6937 -31.7725 -39.3827 40.9892 -43.3477 39.4598 57.6707 30.422 37.4835 41.4758 47.8603 -55.6384 -44.511 -70.8196 -45.1653 -56.6236 67.8255 -32.3764 26.0603 56.5512 11.8194 -48.5087 -57.4997 -18.7056 -43.0419 -52.212 -26.1527 -31.6409 43.5282 -59.7098 44.9808 -27.527 -48.1769 36.6637 -38.7767 -62.1897 39.0238 42.4464 -61.7521 -37.8586 38.0841 14.7754 17.3707 -29.0136 -23.9403 4.78119 -16.3606 -9.80737 11.1122 24.1541 7.69943 -27.2837 3.32914 -5.74158 19.6697 
37.8317 28.1831 61.5368 33.143 38.8989 15.3976 -25.6082 16.2099 50.5125 -44.6793 18.1946 -25.8352 -13.5158 27.665 -10.0064 -45.9431 47.9827 -22.6091 30.6686 33.3258 42.9994 41.0573 14.639 29.1998 -62.1459 -31.9148 -28.8775 -24.2855 -59.5227 53.344 -28.2932 31.9251 34.7619 41.6216 -19.923 -29.0057 -26.2556 -33.2438 -48.6997 -36.7278 -32.9264 44.9876 -50.0434 42.966 -38.1791 2.3442 31.4153 -25.5233 -33.3437 51.5944 49.0736 -65.7082 -47.7796 40.9025 11.0235 13.9351 -6.74538 -30.0937 20.7588 -13.6677 -22.3641 28.1223 5.80224 
24.7414 28.0187 46.9901 25.8992 10.1271 27.8225 -30.0027 -36.7037 60.1262 -33.5601 31.788 -41.667 -20.2006 33.4402 -37.1867 -11.7642 38.7238 -9.38291 36.0623 30.4752 36.6569 38.7952 7.26705 32.0699 -30.7874 -17.3704 -26.4603 -37.8433 -32.5389 28.3504 -27.0583 21.5016 39.6258 28.1276 -41.5823 -30.9255 -29.1526 -29.1719 -43.1761 -25.385 -27.5963 26.4863 -37.3905 23.3869 -56.6621 -14.7624 46.8333 -45.5968 -32.3752 41.7559 47.9474 -27.033 -37.3491 27.6454 10.7007 20.9455 -8.41204 -14.0367 10.815 -13.8354 -11.4834 11.8316 
21.8296 52.1056 46.6311 33.6385 17.9458 45.6133 -34.5011 -21.6001 40.8101 -11.9724 42.6263 -24.5101 -35.9982 40.1503 -44.4929 -8.85094 29.2697 -26.1412 11.5749 41.2057 15.6783 41.9476 24.5256 23.3349 -23.2875 -41.3736 -33.386 -30.3514 -36.0979 27.1057 -19.5979 27.4968 44.0914 38.4635 -33.3867 -27.8313 -33.7574 -19.6961 -59.1794 -34.3671 -32.6217 34.7996 -41.5303 33.3672 -43.2903 -18.4392 16.3362 -26.2505 -24.7882 
42.3869 36.7398 37.656 34.6832 -8.48914 34.2738 -33.8878 -10.4213 42.7159 -31.8676 25.8531 -25.847 -12.0154 39.0353 -47.9992 -38.279 32.5948 -19.6852 32.9823 40.1617 30.4487 32.2419 41.5996 50.5911 -36.0227 -37.9354 -34.4557 -47.1788 -33.8646 50.828 -32.1167 12.7035 28.5948 22.2773 -41.585 -36.5163 -33.4099 
41.3519 44.8477 48.7975 24.3652 30.6789 36.5107 -22.8524 -53.6777 63.5455 -23.6763 32.7808 -54.5412 -17.6512 42.9172 -34.8524 -41.5012 32.31 -30.7119 34.5492 48.0856 30.665 49.1529 32.0397 44.469 -30.8811 -32.9403 -20.1812 -21.0677 -29.5788 39.6065 -34.2368 44.2348 26.2227 44.5036 -46.5669 -36.9189 -37.4147 -33.0216 -40.42 -38.4321 -19.1398 56.6908 -46.1577 26.3685 -38.9687 -39.1671 
36.3179 58.2006 30.5852 51.773 31.1347 25.1509 -57.5868 -60.8055 38.4727 -49.1632 28.7576 -40.5339 -14.0685 57.8126 -47.3226 -19.2681 18.3331 -27.9352 40.9174 63.5894 56.5253 48.8938 18.3402 41.7689 -48.8014 -39.6659 -29.2763 -40.9743 -44.9777 33.4059 -49.4327 39.1533 30.7171 35.7762 -46.8006 -27.4565 -36.5027 -48.3093 -52.6299 -39.7931 
36.2912 26.5978 38.1069 36.3711 46.8692 51.4956 -61.0142 -48.291 49.8743 -35.793 28.1282 -51.6424 -31.5585 67.6475 -36.2151 -33.1185 35.8129 -40.5008 52.539 59.9867 35.9641 46.9063 11.8141 47.2105 -53.0273 -50.9625 -41.6785 -43.9801 -31.603 56.3649 -48.2404 59.7569 33.8578 37.4357 -52.8704 -64.8897 -51.0283 
62.7523 78.7911 41.5016 42.8868 37.6293 51.4828 -58.6822 -55.686 66.8915 -37.9755 62.1176 -49.1066 -37.3086 46.9278 -49.312 -47.9581 48.5091 -64.1069 58.6541 69.9574 48.6532 51.1918 39.9441 61.2915 -47.108 -47.1872 -37.2295 -41.5904 
45.7565 64.8884 59.3978 65.2271 51.0736 61.1538 -66.3112 -72.4965 67.8351 -53.817 58.8525 -55.1887 -24.0491 54.4205 -60.6404 -67.561 60.5513 -37.3463 54.3564 55.4513 61.1769 78.2563 65.486 60.1315 -71.4729 -65.662 -56.6561 -63.9928 
82.9798 76.8447 63.894 93.7276 52.4148 64.2657 -70.0118 -55.3915 61.3914 -65.2794 65.4864 -59.2497 -29.2728 73.9557 -48.2069 -62.2635 94.5437 -52.6009 77.6594 74.7343 72.8263 68.7819 52.6166 
81.7311 86.9074 84.5806 78.5489 72.9116 80.894 -70.8116 -96.7508 65.0754 -76.9134 71.2495 -62.2731 -45.6034 75.6206 -64.5787 -55.2444 83.8018 
74.7253 94.4319 85.386 101.727 89.5925 85.7167 -110.659 -76.9439 73.2202 -69.2954 69.1663 -84.6179 -46.0178 75.0125 -98.2727 -78.2722 98.798 -63.9955 76.0073 97.0186 
72.6438 96.3163 111.549 121.351 89.9451 91.2255 -96.0608 -81.2777 128.46 -86.3505 92.0231 -91.9555 -71.1329 100.278 -92.8451 -82.728 107.179 
102.511 119.526 96.6302 124.82 88.1278 105.583 -125.076 -94.1031 109.326 -99.731 85.4709 -111.181 -73.1543 117.126 -112.725 -72.9199 107.297 -67.1687 86.5537 
113.116 111.653 138.179 126.547 112.316 102.454 -118.482 -107.594 118.865 -118.292 110.43 -111.048 -76.3023 126.996 -117.308 -104.226 116.89 -101.99 117.959 131.445 
107.626 131.094 164.809 138.762 150.496 121.09 -160.451 -138.634 137.651 -132.921 114.527 -125.412 -90.6272 125.225 -108.484 -108.397 
138.929 160.385 152.546 176.453 127.552 116.255 -155.277 -138.888 130.91 -159.623 149.263 -143.202 -89.8734 142.635 -156.672 -127.26 144.661 -101.124 114.79 121.363 
145.444 171.01 193.311 172.627 131.637 131.639 -159.034 -126.917 149.809 -146.435 110.36 -152.165 -87.2684 125.573 -142.006 -103.33 132.027 -105.817 115.406 143.196 
142.755 128.1 184.148 125.761 146.389 150.985 -156.657 -129.003 123.601 -173.487 76.9362 -174.791 -99.1147 103.284 -124.042 -142.732 115.082 -98.8075 154.179 78.7692 134.681 131.053 
151.908 151.2 139.431 158.727 102.069 108.571 -136.11 -119.073 130.956 -139.699 79.0153 -121.173 -112.967 84.043 -131.568 -112.542 104.624 -110.697 160.911 115.82 152.015 144.766 73.6881 129.48 
110.759 134.535 115.145 127.506 135.315 77.0709 -162.529 -115.908 110.235 -144.396 75.1493 -114.774 -55.7499 87.1565 -105.682 -50.657 100.454 -99.6382 88.8897 92.7181 129.672 138.592 83.1818 74.0888 -101.19 -40.4555 -99.513 -119.27 -113.772 104.572 
113.85 91.2644 134.953 99.3619 119.387 107.14 -101.584 -84.5666 90.0757 -60.2915 62.7009 -79.2496 -80.5274 97.1524 -110.597 -100.362 90.4086 -21.2289 90.6287 76.4691 98.5915 101.377 55.5293 98.6508 -73.8979 -86.335 -102.653 -74.2836 -100.128 75.3619 -53.3617 107.64 75.2012 64.9008 -98.6975 -92.5868 -93.4563 
62.7543 80.4325 103.279 103.866 86.1606 54.2051 -78.8997 -47.0843 91.557 -74.0449 43.7971 -41.8291 -26.8948 77.2743 -86.0668 -86.5618 80.9635 -42.8399 60.5649 83.723 68.7356 54.9207 53.6721 38.6907 -32.5518 -28.5887 -107.033 -39.037 -97.1819 64.7288 -41.8523 42.1288 67.9351 44.0649 -56.977 -61.4747 -33.3015 -99.094 -101.796 -55.4781 -61.5897 83.0618 -49.962 108.546 
27.4948 41.9938 85.8137 51.0241 32.7647 53.9383 -108.829 -39.8235 64.6653 -47.1691 23.7085 -39.0132 -47.018 37.8739 -59.6587 -67.0822 64.9064 -60.8533 46.8292 44.4102 41.4219 29.5102 23.7779 51.3133 -54.4151 -34.2398 -68.9001 -39.72 -63.4801 39.5479 -71.7335 66.5726 68.3121 27.3478 -48.5401 -66.8087 -69.9567 -74.4563 -60.8439 -32.0181 -67.9715 63.6632 -98.6012 67.4504 -82.2531 -47.8363 51.8514 -44.7678 -60.5967 64.2162 79.5356 -73.8725 -96.7552 37.132 22.7136 38.277 -1.83905 -25.7123 18.769 
60.6672 51.4413 60.1515 39.956 45.5333 51.6857 -12.377 -51.277 38.0193 -30.8132 22.7023 -69.4883 -38.267 45.8799 -56.1106 -15.069 25.3591 -21.0889 31.4372 39.5529 44.7218 54.8678 32.9803 36.6517 -32.2309 -37.6011 -37.337 -37.7353 -44.3238 74.6289 -9.4082 32.0299 51.4615 40.3926 -39.9611 -21.6837 -44.8679 -49.0998 -70.5787 -33.6629 -67.759 54.0204 -47.3354 59.7444 -44.4575 -12.6656 30.8728 -44.3015 -44.8279 49.0135 60.4376 -49.1728 -35.1425 53.0178 2.16593 20.8386 -22.8901 -25.5766 26.927 -1.12053 -17.187 38.6983 20.7416 12.845 -10.1359 -23.0374 -19.5226 
54.9599 64.2225 34.1368 22.9446 20.6879 29.0383 -26.8872 -36.0374 48.4408 -44.5391 38.2038 -32.7833 -11.5122 28.9503 -29.6725 -24.7692 36.2102 -23.178 32.5834 56.4769 23.8034 18.3477 32.1926 23.3107 -21.5131 -35.0084 -39.1937 -53.4424 -29.156 25.0487 -24.6569 26.7701 28.2885 46.2686 -9.39484 -45.5043 -32.5623 -52.6724 -51.7964 -41.0794 -42.2968 36.0642 -32.0858 48.7205 -40.9748 -17.0986 47.0083 -71.5243 -37.3991 35.2051 45.9036 -47.8331 -55.8263 51.435 -2.04493 14.6414 -19.2284 -19.5641 29.5737 -21.0002 
40.9745 49.2447 21.8843 34.9598 29.743 46.5504 -34.694 -17.1504 32.3622 -34.4642 31.7942 -36.3088 -25.4543 22.8987 -30.33 -19.6053 38.8211 -24.8731 8.82102 32.7795 35.8341 31.6706 17.0824 25.6005 -17.1458 -23.8939 -2.10704 -34.8589 -26.3961 19.1933 -21.9077 46.4745 32.7313 25.949 -48.7062 -30.0134 -16.1687 -39.5658 -20.0485 -23.1253 -41.546 43.2277 -47.8898 44.9543 -28.6811 -22.0019 29.0101 -59.0557 -42.142 18.7363 47.7511 -46.5183 -27.7613 31.2208 -1.43286 8.70456 -11.0856 -16.1654 21.175 -5.94759 -10.9633 12.1329 8.96539 1.71333 -10.6969 -5.68031 -11.7917 24.9247 -25.368 -12.6796 
19.2356 35.3487 21.2188 28.8832 10.237 32.6049 -29.7746 -11.6249 43.6644 -36.301 40.676 -35.7902 -19.7068 23.6977 -32.7128 -19.0932 34.628 -23.1363 12.4503 35.7506 10.8581 26.3128 19.1226 35.838 -41.2914 -27.3929 -33.9296 -32.2832 -24.9641 29.4144 -30.2671 35.9474 6.85761 -0.6667 -17.129 -26.1607 -25.5809 -33.2589 -42.981 -18.7463 -18.7249 35.1633 -51.7472 16.5669 -39.9829 -29.8223 13.1257 -56.1957 -31.4195 35.8574 33.7995 -36.3546 -35.4606 45.9122 
29.4826 30.0518 34.0383 42.7762 14.7688 34.2146 -10.3313 -53.2803 44.9944 -42.7601 42.0871 -41.5169 -12.618 26.6504 -33.8089 -17.4031 22.2222 -38.0133 30.6727 35.0577 26.6582 50.9399 13.2974 35.5736 -30.2154 -39.531 -16.1962 -13.0613 -39.6526 55.7448 -19.9529 30.7333 36.2779 35.1997 -24.1065 -41.7159 -52.786 -39.5938 -31.786 -25.6524 -23.4918 29.1826 -26.3108 19.9837 -36.8629 -16.6839 9.31569 -27.3442 -25.4076 26.7035 25.9294 -47.7859 -20.5981 17.2918 -3.81956 14.3191 -13.9506 -7.71362 
20.8309 43.0671 11.6667 17.8566 24.7627 40.0874 -31.1278 -19.9287 26.6554 -26.9856 34.837 -41.2344 -25.194 48.8308 -36.5471 -33.0858 36.159 -10.5039 36.2418 31.2548 17.0757 29.6802 31.7473 34.4181 -34.9552 -34.487 -22.3328 -32.9371 -30.0822 39.2466 -27.496 38.4837 19.3961 32.3081 -5.69622 
