-6.88661 -9.25928 -9.45332 6.49878 16.3034 8.70135 11.9017 12.9639 -7.61661 5.69587 6.30184 10.9223 6.94037 11.5413 -9.21349 -14.3337 -2.0835 -9.11616 -1.37385 15.1313 6.39424 8.87846 23.03 -15.4674 -6.87891 12.5785 -7.44336 -10.0338 -10.5477 5.90235 -14.636 13.6756 8.41339 8.9095 -8.83017 12.7245 15.9883 13.2401 15.1768 -16.1206 7.98797 -9.47446 -14.8889 -2.90664 11.0802 7.18285 8.92708 -9.47217 -10.1296 6.1272 -3.50548 12.1706 -7.89377 4.19719 -5.3386 10.61 11.0969 -6.89121 12.0588 10.9011 6.94931 3.68869 -6.74214 1.1328 9.84248 5.87766 10.516 -1.67871 5.28888 -3.13945 -7.31028 -0.290942 6.5678 4.63816 -1.16884 1.78356 4.7413 
-12.2963 -13.8734 -14.0255 11.428 17.5591 11.9343 17.3059 22.3011 -17.6493 14.2815 14.0468 19.4876 12.4819 19.913 -14.6681 -20.4002 -16.0926 -9.99694 8.21512 25.8861 12.6882 12.3863 25.9657 -23.1374 -16.3363 20.4385 -18.22 -15.3491 -13.2643 10.8617 -22.4538 23.1194 14.6072 9.28517 -13.1341 20.331 18.8134 20.0545 23.315 -22.3072 14.0116 -15.5068 -23.7526 -12.5764 21.0005 18.0987 
-24.5939 -25.036 -19.9936 20.3028 25.5366 16.0169 27.6144 32.0275 -20.1791 23.7497 22.2062 27.1607 18.5745 29.5605 -26.9221 -35.4243 -19.643 -19.1543 19.4887 35.5251 23.61 25.2146 37.2155 -23.5689 -24.6741 30.9733 -31.0833 -21.8161 -20.6543 22.4607 -26.6168 26.2767 25.2808 16.3777 -22.8108 27.4219 24.9454 36.6398 23.6734 -26.3561 
-30.1043 -37.0751 -33.8879 29.6718 34.0923 26.2362 38.2182 40.995 -25.5401 38.2061 26.7867 46.5631 34.0995 31.2261 -44.9692 -48.1166 -23.3491 -35.2475 31.9972 45.8518 29.3562 36.6287 60.7153 -37.014 -33.7823 47.7306 -45.4046 -36.9875 -32.921 33.2043 -37.2618 31.6958 36.1703 18.9846 
-34.1569 -44.3909 -42.9558 42.0198 51.8372 38.5501 53.1918 61.6753 -29.4878 44.6667 46.8403 62.6879 40.0168 39.6867 -57.8344 -64.9668 -42.4657 -61.6311 42.221 57.4032 43.7343 36.624 75.3461 -43.2823 -44.2934 58.1815 -49.1124 -37.2646 -31.5594 43.3601 
-49.7376 -55.0741 -55.6299 49.0575 58.5554 42.8619 56.3644 69.4057 -47.4831 58.4574 56.8961 78.3958 50.9275 56.9034 -69.2021 -69.459 -45.2617 -73.9842 54.2663 59.1656 59.5687 
-60.2452 -70.7272 -64.0319 42.7781 72.2872 62.1745 71.5478 78.8137 -57.3046 81.8041 57.659 89.5103 70.2213 71.2021 -71.0438 -74.3825 -60.6034 -78.7877 80.417 76.5473 68.0742 
-77.0873 -80.0934 -76.912 45.0861 65.788 59.3209 75.7201 85.5953 -53.1059 85.7633 83.9664 99.0446 85.6232 100.753 -91.3656 -98.7738 -71.5593 -93.9796 88.2907 87.9479 88.3032 62.555 99.3009 -89.9441 
-96.8735 -79.3679 -78.711 73.254 104.691 83.8768 84.8372 107.937 -67.156 85.4588 104.443 94.7349 90.3179 95.5167 -91.5956 -94.1467 -68.065 -102.507 113.289 86.627 94.5693 80.385 113.054 -81.3517 
-106.312 -90.6461 -93.6058 86.5055 129.996 97.3223 98.5901 120.337 -68.765 83.8302 116.996 106.032 107.54 109.555 -108.634 -102.064 -91.4263 -95.0957 104.265 108.864 91.1528 85.3711 105.362 
-114.754 -115.164 -116.77 77.7983 129.709 90.8496 91.7318 135.278 -121.932 96.8755 137.283 106.523 118.598 124.894 -118.916 -110.892 -104.04 -114.434 112.618 133.589 115.77 
-121.642 -137.788 -124.106 86.1975 131.42 132.377 131.467 139.863 -142.334 117.856 125.736 112.088 129.163 120.133 -130.066 -135.864 -99.4714 -109.563 138.931 
-126.308 -146.042 -131.443 90.9208 110.722 127.078 146.085 158.08 -140.975 134.14 120.359 161.098 140.752 151.179 -160.457 -157.734 -78.8353 -128.89 142.326 162.845 
-126.678 -127.603 -142.406 126.216 160.192 135.69 131.142 177.57 -131.162 145.447 175.333 179.009 122.617 131.72 -159.407 -149.815 -83.3102 -117.611 
-165.998 -146.706 -137.697 116.875 188.55 171.103 128.254 181.115 -136.881 175.972 161.019 165.327 137.043 149.916 -153.291 -155.079 -100.046 -110.551 177.781 194.096 
-179.089 -172.851 -142.83 116.662 187.635 178.008 123.669 194.942 -168.525 184.831 165.594 155.758 174.532 164.183 -145.825 -153.436 
-162.839 -211.24 -143.684 102.584 179.373 189.922 138.555 173.542 -152.844 141.201 159.268 173.102 121.387 191.061 -155.496 -175.121 -132.706 
-134.926 -178.279 -177.518 120.798 164.018 154.075 145.108 180.191 -167.381 143.255 155.686 184.946 133.096 168.059 -138.003 -166.604 
-133.36 -119.195 -148.389 128.804 160.466 126.19 135.456 154.033 -137.25 141.818 183.706 170.304 131.109 132.515 -140.299 -120.378 -102.807 -95.2751 139.835 
-144.695 -107.078 -132.271 104.669 151.133 137.022 111.823 143.656 -158.096 100.02 138.226 106.82 104.743 143.061 -156.516 -80.5246 -109.524 -49.4075 96.67 102.423 104.595 52.7271 125.398 -110.411 -86.9638 157.894 -114.338 -66.6488 -100.122 
-124.219 -112.258 -136.129 56.4114 99.8546 116.292 113.259 102.283 -74.0706 111.303 120.533 96.1513 122.612 110.896 -90.7188 -96.0262 -73.5153 -54.625 47.4103 109.934 36.1236 59.6869 97.3348 -72.4324 -85.499 70.3481 -49.7455 -33.3707 -61.7119 62.8065 -34.3626 33.8054 98.0802 43.6361 -53.2878 91.3066 92.415 75.1758 61.9107 
-116.225 -106.142 -83.0641 61.2614 91.9817 79.1198 71.9909 80.8606 -82.0472 76.4762 68.3583 84.1562 52.7384 83.9969 -31.0221 -68.4041 -56.5577 -48.3974 29.5396 57.4465 56.6665 52.7387 60.0252 -45.0303 -60.2736 60.3777 -52.7521 -61.7197 -73.9775 11.7034 -39.1482 22.1862 38.5714 83.1688 -29.6245 74.1805 56.9701 39.7359 26.9366 -53.5436 46.48 -30.8052 -83.8991 -55.1373 69.0142 67.8646 66.5983 -42.4437 -39.911 61.3667 -70.0751 61.7243 -109.993 50.1341 -31.6972 
-64.3346 -71.3204 -63.9423 37.2547 74.7806 14.7076 72.5984 65.9366 -47.4097 65.8495 42.9926 44.4721 18.9393 65.3765 -38.3812 -56.2844 -33.8275 -12.2509 34.3951 76.3793 36.0676 54.7053 46.1597 -34.4421 -28.7451 67.531 -7.92386 -43.8727 -22.6625 10.3457 -42.5233 -0.879316 49.2417 47.8328 -48.5518 34.4406 10.9738 29.2183 52.0384 -49.5543 16.6645 -32.389 -58.0002 -51.0196 32.2041 19.9528 22.1056 -38.5299 -77.4154 28.575 -43.9296 49.3105 -31.1611 35.5981 -9.34398 23.0396 26.1364 -0.927104 19.5378 45.28 38.0153 41.9795 -18.2785 -10.7488 9.94578 28.3411 35.3328 -5.58273 2.95882 -30.8918 -16.5889 25.1293 6.66935 18.5907 -3.02404 27.3053 42.2388 -42.2857 37.7011 4.99355 -3.14319 31.2626 -13.7468 -19.3564 41.0014 
-33.0301 -31.6792 -40.6401 15.6837 42.3311 28.8287 6.54082 20.0065 -32.2835 18.2434 38.9861 28.8251 48.1594 48.6962 -6.4918 -34.3799 -1.23069 -33.999 3.81196 60.1835 14.5099 18.3083 19.4369 -34.34 -37.466 53.2632 -22.895 0.933889 -43.2061 53.6171 -18.5798 17.116 30.5149 3.36947 -12.9084 14.4334 33.0485 20.8817 12.4392 -1.23004 11.7796 -28.2992 -38.0996 -20.0474 38.1769 9.03878 -11.8758 -15.3506 -9.68042 20.0774 -33.8862 7.39279 -35.6992 36.234 -14.2715 33.3819 16.4631 -6.09082 7.98497 9.06483 6.59796 29.1449 2.94037 -10.1607 17.863 13.9532 21.3534 -5.21865 3.56375 -9.89266 -8.44249 11.0735 20.5494 3.4737 -34.5762 14.6426 6.90579 -8.52927 12.8127 -19.7669 -9.62694 32.0551 -17.4017 -21.7997 30.4845 22.4082 2.53644 -25.4976 18.0442 13.3368 19.9057 32.4895 -13.7675 -4.09974 32.612 6.99161 5.56261 -7.98711 12.6103 8.40569 24.4941 -27.083 -26.285 14.5732 -16.266 -0.434843 -6.44133 -0.0698413 -10.43 12.1758 -17.2591 11.3946 -6.5407 -10.4072 3.39469 -7.24463 
-12.5411 -20.4648 -29.7428 -6.40638 17.1594 4.29313 18.9427 19.5929 -22.8921 22.4992 24.2757 20.3688 15.5355 7.42898 -28.8744 -24.9636 -19.1966 -3.81288 8.46725 40.979 30.0015 28.3535 10.953 -27.9301 -5.60105 3.20551 -27.0014 -23.0583 -3.7763 12.3801 -9.8409 12.5791 32.659 8.97871 -2.47164 8.89121 27.4183 16.269 28.0057 -11.4356 4.79073 -8.92346 -11.771 -11.188 12.0629 31.3225 26.9404 -15.6979 -19.5382 -2.07266 -11.7688 24.858 -14.8285 6.29181 -2.48582 20.3202 17.2293 -10.1616 3.87398 18.0963 7.0635 15.3613 -5.76936 -3.52202 8.15139 0.0453293 24.0129 -0.384503 0.487185 -9.85961 -5.06675 -3.17192 9.04049 1.02536 -1.23301 5.23517 3.55932 -13.2815 12.5288 -11.6908 -10.5555 8.47507 -7.81359 -11.7057 20.9324 12.068 6.83661 -22.5873 8.25995 -0.751774 6.56323 16.7049 -15.2974 -4.43383 15.88 -2.61135 5.32311 -19.2734 12.641 11.3696 4.08123 -2.74187 -8.83108 -1.48148 -12.5133 -4.16399 2.26697 7.20285 13.2367 8.90574 -0.586638 -2.97174 -12.8415 -10.3891 -16.6444 -0.390348 -11.3901 -15.3117 10.6632 -2.80598 -13.4799 -1.22368 -9.9648 7.13646 -4.04606 -10.263 -1.45681 -8.3792 5.22948 -14.4709 13.2662 -18.7939 6.1784 -5.59049 14.7173 -8.81314 6.48968 3.94828 7.10151 -16.4029 -14.4686 12.4023 -2.38954 -0.791638 16.7161 7.17423 5.38043 
-9.67991 -9.70868 4.29449 0.549195 14.6939 9.6033 17.1511 21.1948 -5.30119 -1.3747 22.6345 19.5083 19.5986 7.05318 -13.8596 -24.5929 -2.51373 -13.3085 8.85356 14.3105 14.5159 9.81973 22.153 -13.1027 -14.4701 18.4705 -10.9258 -6.06872 -14.2074 8.03331 -10.2049 10.2717 20.0526 7.07348 2.96121 14.3417 16.8084 14.9571 15.8394 -21.8537 -1.62871 -14.0854 -18.0836 -8.1242 17.3554 4.51285 -0.135838 3.56303 -16.3028 2.97116 -16.7535 14.7954 -8.0442 13.0753 0.246622 16.6313 8.65001 -8.59678 15.5182 13.7416 11.2014 9.05734 -5.44912 2.33356 11.7364 10.5976 5.46721 -4.34038 6.79443 -10.1584 -8.852 -3.886 6.13789 14.6698 4.01772 1.27376 9.0645 -4.19127 12.0579 -2.86332 -9.8163 -3.50779 -6.54416 -0.216984 1.92056 4.58861 3.54948 -11.432 14.5414 0.231573 -1.04041 20.2369 -3.48167 0.920637 15.9493 8.93041 4.69704 -9.3442 14.0679 8.0563 5.37338 -10.0828 -10.0235 -9.62 -3.45168 1.39522 -2.79381 -2.30783 5.65847 8.25599 -1.72358 -1.56379 -5.70781 -0.679025 -10.3392 -2.95632 -7.17948 -5.32888 4.26356 -4.12912 -4.70982 3.99822 -8.15894 6.63319 -13.2629 -7.91545 1.18694 -13.4227 14.2435 1.82784 9.41279 -5.00201 6.01055 -10.2441 4.68578 -7.7343 0.186699 12.7843 7.41124 -6.91656 -15.3275 6.58772 -7.79254 -0.335558 11.9455 13.2155 7.83262 -2.24934 -7.62172 15.8073 -0.419892 
-17.2875 -19.784 -11.7418 11.3554 9.76538 9.1607 17.2398 10.8382 -10.572 0.920209 7.71752 27.7655 13.4831 6.07507 -22.8888 -13.6655 -6.3856 -10.8399 -4.8763 12.6987 10.566 13.373 18.7827 -27.7873 -4.57839 17.4384 -12.1944 -21.1151 -12.1085 -4.9788 -19.2819 21.4912 10.8703 10.344 -9.00444 11.2545 9.70126 13.1278 21.6787 -19.8355 4.12445 -13.0569 -4.81926 -6.67648 23.6883 17.1745 11.3596 -15.1087 -15.2759 7.15667 -0.932637 12.5096 -4.69965 9.89261 -1.76396 13.2304 17.7966 -7.37124 6.56775 16.4782 6.03837 -1.6581 -4.50385 -4.69719 7.07669 7.57167 16.5357 3.57442 7.45356 -3.28744 -8.95238 0.215657 4.57432 7.32059 0.322525 4.33934 7.11369 -11.5639 8.29777 -3.15098 -4.47926 2.32662 -13.5321 -13.3548 11.1466 8.08728 6.52898 -7.65256 13.088 2.5298 7.76293 6.62367 -8.62011 1.85919 8.43104 5.7276 6.64848 -6.27451 5.55075 9.28172 1.5975 -3.38327 -12.1024 -7.05623 -12.4552 -8.99864 -2.23294 -2.35644 0.130182 2.09931 -10.3642 1.61528 -7.57385 2.48796 -9.47834 -3.6547 0.572069 -8.31431 2.17664 -10.5781 -11.8617 -1.32108 
-8.56115 -11.1533 -10.9601 11.1472 25.3386 13.191 15.0904 17.5286 -17.9351 1.41517 6.2873 9.58443 10.7366 23.8076 1.5031 -21.215 -6.74998 -12.595 -1.30224 11.5437 18.0402 16.5207 37.2091 -17.9627 -21.4886 23.621 -15.2439 -13.6134 -10.8192 14.4917 -19.4597 18.7871 15.226 12.0889 -11.0454 18.8577 16.1521 19.9842 12.3801 -12.0148 7.86491 -11.9661 -20.2737 -5.53385 19.8119 18.637 11.6108 -23.4313 -12.3132 6.45369 -3.7087 8.51643 -15.4324 17.7475 4.05285 14.8524 17.8801 -7.86901 18.2757 11.2773 5.73065 5.47776 -8.76326 -0.786173 11.2866 9.5416 11.677 -4.55602 9.58813 -1.23966 -12.5776 2.26063 5.58749 5.7173 0.863229 -3.9184 4.37766 -6.23594 11.6477 -7.60861 -10.8819 1.32318 -7.05278 -7.06009 8.9054 7.95168 5.80036 -7.98543 11.8557 7.65249 8.74237 
-9.09457 -24.0016 -11.5504 18.6928 22.1083 14.897 17.0728 20.4009 -18.8473 16.5496 16.0726 28.2694 5.07274 23.7789 -20.9141 -19.8693 -16.4519 -15.2695 1.33394 24.344 18.4992 17.2784 16.6799 -17.8537 -16.2136 20.8359 -25.8644 -16.7011 -13.2596 5.2531 -20.9856 17.7182 19.0646 14.0355 -18.6483 24.4083 20.0516 21.0367 15.3869 -25.8294 12.5986 -20.307 -19.1365 -10.7548 23.4963 24.652 16.0288 -16.66 -15.2346 20.468 -14.3791 8.45852 -20.7422 17.2758 -2.76102 13.4666 15.9117 -10.8441 12.1767 11.0767 9.80268 10.4739 
-20.521 -29.3402 -21.0647 12.5072 13.5992 16.7617 17.7816 37.9836 -16.6855 26.2524 22.8078 26.2181 17.8455 20.2882 -32.2689 -27.5542 -19.234 -24.3649 13.3522 26.5389 20.2987 17.1908 20.2767 -29.827 -26.7286 27.8931 -22.6954 -27.8779 -22.5096 12.1599 -24.2964 16.0493 21.7171 16.2834 -18.3719 28.332 22.1925 40.2383 33.5348 -28.1547 13.336 -25.4116 -31.991 -15.5803 33.727 24.987 16.3604 -25.2766 -24.2 20.9402 -12.4552 29.925 -25.8266 18.6526 
-23.5637 -34.7105 -30.484 25.5728 28.2106 14.1083 27.0692 33.3052 -26.7413 37.1301 23.206 39.7945 24.1221 33.4904 -38.4385 -39.627 -20.3899 -25.7885 26.7808 32.425 33.2805 31.8189 51.2153 -32.1964 -20.1496 31.9988 -34.0345 -30.8459 -30.0128 27.1563 -36.65 25.8784 23.5767 23.4143 -16.633 28.6419 34.9011 43.8767 
-29.8538 -37.0435 -36.0301 33.601 40.4385 32.4017 40.1629 47.667 -20.8021 45.5844 42.3274 46.4659 43.5011 44.6323 -56.9033 -54.1914 -36.6969 -41.4674 28.5852 53.1681 22.1278 38.3747 60.9403 -35.6143 -43.6557 53.7846 -46.9687 -30.3786 -30.3191 
-43.4359 -44.2557 -58.0334 34.2678 44.421 42.5353 42.8275 58.9408 -38.7375 52.8183 49.688 69.9935 40.9281 54.1145 -61.3132 -55.8033 -33.6839 -62.4293 49.0334 55.1051 51.1651 48.1233 74.4643 -39.6808 -44.4289 
-50.6938 -70.8844 -61.9797 40.6907 72.9807 55.8644 65.4568 72.35 -49.0517 64.0826 56.6869 81.9351 58.0794 72.7186 -76.0265 -77.3382 -51.7468 -59.8713 65.3138 70.0963 64.0853 
-71.7227 -81.8845 -66.2625 55.3977 71.8622 64.0473 73.2473 82.0342 -57.2781 75.6146 51.828 92.5253 81.2271 87.7217 -77.4459 -90.6966 -55.5226 -89.5866 89.0389 92.8419 
-89.5466 -84.1683 -94.6228 62.1743 79.1017 60.6543 83.2271 101.611 -76.5098 77.7228 96.7572 92.1683 86.915 101.89 -78.65 -100.183 -60.4182 -91.6202 83.2298 98.0314 86.8564 
-95.3276 -93.535 -96.1826 83.2218 90.5841 89.5669 86.0532 110.958 -72.1144 90.337 91.8918 104.569 101.299 116.756 -102.783 -100.304 -67.6185 
-105.868 -100.619 -107.147 79.5509 114.081 96.3198 101.869 135.01 -79.7863 107.875 106.056 102.106 102.301 133.441 -114.187 -118.427 -89.9657 
-129.301 -126.332 -104.549 80.0533 135.993 116.186 81.5815 135.042 -134.907 116.045 133.014 117.263 133.401 151.034 
-125.348 -147.909 -158.374 102.525 138.534 121.446 120.174 149.102 -143.444 139.557 112.802 134.271 101.663 146.036 
-125.543 -134.55 -147.724 102.314 151.257 131.859 128.602 179.825 -134.018 136.973 150.273 141.784 141.389 
-131.253 -151.672 -155.566 126.118 183.058 169.256 143.539 168.499 -174.162 153.675 186.367 163.26 127.203 
-157.663 -189.72 -149.017 142.532 192.117 169.904 120.586 177.338 -159.706 165.446 156.05 160.358 
-158.295 -137.401 -137.564 132.443 188.418 180.512 139.776 153.945 -160.749 142.734 171.91 
-140.237 -173.64 -153.439 115.14 174.405 188.177 133.178 160.452 -144.269 156.547 182.015 
-142.784 -144.494 -162.56 112.672 124.042 123.552 126.889 130.615 -163.612 181.826 125.148 136.651 112.773 129.242 -125.684 -144.537 -103.159 -95.6597 143.176 140.657 
-147.574 -118.662 -122.869 94.2963 133.36 99.2386 115.074 136.451 -99.7066 111.978 128.044 152.979 124.43 104.575 -84.9744 -125.89 -104.256 -61.5281 72.7539 108.168 83.9015 91.2392 77.1445 -105.357 -102.742 92.5938 -48.2657 -82.5921 -92.5735 87.5664 -73.3258 89.4155 75.8154 80.443 
-111.799 -116.012 -72.719 76.4901 95.9406 104.74 87.5695 103.132 -81.1206 96.1899 115.055 88.0955 76.4231 103.669 -58.245 -56.3426 -60.9442 -52.0345 36.798 119.375 83.4701 69.0795 102.84 -102.154 -74.5559 68.5109 -35.9816 -92.5114 -58.7006 48.4133 -52.295 85.8447 53.3926 70.176 -23.183 80.9996 75.6727 84.054 65.0972 -74.9319 50.8573 -81.015 -114.356 -59.7727 138.354 
-42.1866 -82.64 -81.8137 35.9813 91.364 103.337 27.6817 108.902 -78.489 57.0382 85.087 40.215 63.5414 92.988 -64.3637 -85.7374 -56.7078 -58.1373 91.8678 62.6578 20.1973 55.2636 71.5944 -48.1667 -21.8364 69.0409 -18.5053 -76.8902 -61.9884 45.998 -27.3601 78.6263 82.6055 21.9192 -54.5777 66.1831 5.66406 68.2577 17.5537 -18.0284 57.5099 -41.5605 -69.6411 -69.2824 44.3366 42.9485 59.517 -94.5447 -60.2131 65.3213 -63.7216 137.968 -72.7627 42.0694 -11.4785 40.5377 26.5973 -10.5491 49.3418 18.8422 12.1038 22.6556 -6.14524 -3.57844 38.8529 7.68341 35.2909 -32.5601 -18.9315 -36.568 
1.47469 -67.4334 -54.771 -0.0440709 59.9234 40.6261 66.8193 75.8536 -46.5612 41.4785 13.6077 25.3107 18.4633 39.7455 -60.5374 -34.6022 -10.8778 -35.2677 1.51969 44.0812 46.0245 35.411 58.5827 -69.6813 -22.0525 52.4964 -66.8626 1.36959 -50.1919 33.8334 -22.0596 14.6279 41.6963 -1.9632 -20.9818 29.0224 30.7306 40.6759 40.65 -49.9295 56.7482 -36.7896 -10.9367 -41.3136 63.0096 25.9776 6.91936 -45.4859 -50.5502 42.0993 -35.3128 10.3199 -4.00527 33.3699 -16.4654 24.246 18.4785 -40.8714 15.503 5.9378 14.4728 -0.752725 -28.4143 -20.5675 -7.47887 21.2389 29.901 -32.4911 40.542 -18.5103 -24.3657 -8.30081 8.80164 23.2835 -33.3771 3.30723e-05 33.6 -19.0781 16.3636 -33.6931 -12.4201 9.89451 -15.2907 -21.0501 45.7942 41.4074 7.68802 -31.1806 15.8661 13.9112 8.4162 35.7485 -13.9041 -21.3597 6.08885 8.82775 
