6.86692 8.15272 2.41626 -8.7421 5.37914 -4.25791 10.7802 3.83553 -9.05417 -13.4232 -3.87626 8.38983 12.5068 6.52928 13.0829 -8.6851 -9.07642 1.11159 2.9191 -10.5083 7.28085 -1.10028 12.5386 4.74619 -8.97206 -8.67247 7.78461 3.86538 14.7262 3.11938 9.72589 -4.09735 7.90027 -10.9184 1.20782 3.02817 -5.4722 -14.8046 0.444703 -11.4659 4.93631 12.6944 -11.1509 -9.61626 -0.739743 -11.2338 0.459938 -4.56871 4.83747 3.06653 14.1948 -1.99874 14.1341 8.24472 0.14883 4.4095 6.49298 0.219969 -8.68422 -1.89941 0.146492 6.4977 2.17842 5.12823 1.00427 -2.14154 1.31265 2.43449 12.8306 -3.79528 1.60249 11.5758 7.54686 -6.1982 -2.29883 0.0375066 5.93051 -5.92541 0.880342 -7.82759 -1.3249 4.33105 -1.96917 6.78326 -0.539549 1.11054 0.477387 7.6153 -4.38878 1.09244 -4.59925 -1.93142 2.97131 0.303868 2.53071 -3.16185 5.88954 6.10139 5.1957 -4.15346 -6.6459 0.0747595 5.40286 -3.88622 10.3998 6.57465 
8.7175 11.3025 1.79842 -14.2447 6.9995 -9.52906 10.581 7.26689 -14.8028 -19.7379 -13.1219 14.1079 16.9002 8.85702 19.3775 -10.8943 -10.0411 3.66179 11.3542 -9.33002 11.7346 -0.0811996 10.1474 14.7303 -10.8614 -11.0086 13.513 7.61856 20.8777 9.40182 12.5919 -8.73408 10.6319 -22.8463 -4.95341 11.6927 -9.76941 -18.8262 -2.26149 -14.43 4.16659 22.1788 -12.5878 -11.5385 2.86884 -14.8821 7.18341 -9.89554 11.5367 3.50574 17.6375 -2.88527 15.6932 10.0558 -1.27611 3.08934 7.02039 0.620792 -12.2752 -1.5327 3.63122 4.92455 1.99378 5.85266 1.82788 -5.20922 6.7038 1.76308 14.1205 -4.54534 4.88317 15.6842 9.40332 -9.77703 -3.24858 -0.698837 7.0979 -5.83745 
10.6649 17.8996 6.39415 -15.7447 13.2548 -21.0051 17.1546 12.3635 -24.0833 -20.6784 -15.7749 21.3705 18.8845 15.4049 26.1266 -22.9631 -13.4557 15.0995 17.8573 -10.7128 18.8704 4.40176 11.757 23.1054 -15.4442 -18.9323 18.4213 9.41798 27.4318 15.6754 14.2983 -19.9344 13.7625 -25.3852 -7.64983 20.6102 -26.2232 -24.6781 6.21011 -21.7745 2.65246 23.1917 -21.9403 -13.9746 10.0767 -23.5403 12.2312 -14.0339 13.3808 12.3952 22.0496 -10.8738 17.354 17.6909 -5.1948 12.4635 5.98108 -1.63681 -12.5345 0.264334 8.41106 5.54379 2.5232 7.90147 3.73394 -8.97331 10.8361 1.55555 19.1957 -7.05259 
21.156 23.7802 9.61763 -23.229 21.4536 -31.4857 25.4793 19.5925 -28.8897 -27.7779 -18.3821 32.4913 24.887 19.3517 33.7223 -27.6515 -14.9413 22.1913 24.6371 -21.2248 30.8926 8.72773 16.1235 26.8616 -23.0815 -22.1508 18.1169 14.8398 33.3215 24.1123 22.7135 -26.3027 26.7805 -34.403 -7.08706 24.9645 -34.8553 -33.4625 17.675 -31.6707 8.27207 28.0988 -30.5717 -22.4058 15.4007 -32.7958 18.0531 -21.8364 21.2855 20.3922 24.2312 -18.8537 
30.1262 36.889 15.7591 -38.9893 25.5754 -38.5619 32.213 31.8333 -43.6941 -31.6063 -33.535 32.9156 27.4573 23.986 37.9449 -30.4052 -28.079 37.2772 27.7653 -29.9635 34.8762 16.2437 25.2888 30.4435 -27.6288 -26.9049 26.8089 24.8798 47.4612 29.1112 29.981 -39.8735 30.645 -37.6446 -19.7949 29.6656 -46.4575 -47.6596 24.2514 -40.7773 12.8657 38.8687 
31.9861 49.7338 20.4229 -50.2365 35.4322 -48.5242 41.6864 39.1457 -49.3141 -39.7616 -35.5168 37.986 28.4686 28.9176 47.5668 -39.3652 -38.914 50.8022 40.515 -30.3558 42.9877 18.2995 29.3649 39.7567 -27.3555 -41.2808 31.1504 30.8697 57.956 41.7236 38.5918 -57.8825 37.9261 -43.2327 -25.2066 38.759 
39.5852 54.1959 35.8302 -68.2799 40.0277 -56.5968 45.5742 44.7042 -60.9822 -49.0569 -46.5732 43.9391 32.0484 32.686 53.9189 -51.0556 -46.4252 55.8082 46.4978 -54.0994 55.2029 20.0451 34.5692 46.9275 -45.1465 -44.6288 35.0192 38.2332 72.2313 48.3709 59.7512 
55.2391 57.8199 51.4264 -76.0359 58.2383 -59.9766 52.4293 44.6324 -72.1217 -57.2373 -62.0409 52.9876 32.3244 36.4072 66.5149 -50.3287 -62.143 70.7231 59.0236 -64.6209 68.4329 30.0261 45.0426 55.8921 
62.8543 70.6331 57.0083 -84.5662 61.76 -70.2422 63.1449 53.4353 -85.3505 -58.9951 -71.4422 62.956 35.0818 43.0021 83.8077 -54.3745 -71.3974 79.5992 64.0254 -76.3272 81.377 38.3894 55.0016 67.1824 -58.5401 -59.2746 
70.0617 71.3283 76.101 -91.1768 61.6857 -72.7618 77.4731 51.3233 -87.7353 -60.3601 -80.1167 72.338 29.8211 36.2366 93.6911 -64.4448 -93.7562 86.4922 65.641 -88.7255 90.2516 44.5111 63.762 90.8746 -67.1588 -64.9713 75.949 51.53 
72.0668 71.2277 82.245 -83.4137 63.8723 -63.9587 82.8035 54.7534 -97.4806 -76.8507 -89.5783 78.8443 36.2921 45.654 94.4849 -58.4617 -92.2753 84.4467 65.1751 -96.6616 94.321 52.8034 75.2545 100.845 -65.1364 -69.0688 84.9673 60.7069 
81.3491 78.318 90.0717 -90.5542 51.3751 -60.3642 79.5781 54.2471 -86.5597 -80.0292 -100.74 78.5663 40.7806 50.2747 97.213 -65.2394 -99.7381 91.9575 56.7752 -104.559 103.429 60.7951 68.2855 114.39 -82.0926 -77.7297 84.963 75.6317 114.947 71.1286 100.942 
80.6003 71.864 79.1637 -85.1963 48.6782 -54.9769 90.6438 64.0992 -98.0711 -81.0742 -103.782 67.7715 57.9523 47.9299 94.9519 -66.0998 -95.8136 83.3581 85.7375 -111.114 120.456 69.7418 62.4006 119.277 -84.1168 -72.9417 92.5945 83.7855 121.11 88.2653 109.995 
78.0308 74.941 76.0351 -87.6538 75.0867 -66.6633 88.1018 60.9052 -102.954 -84.1348 -98.3013 58.3406 58.5266 46.1465 96.5116 -55.6967 -102.802 83.1316 102.708 -102.046 119.147 77.7821 63.8679 115.779 -90.5929 -74.0371 85.4567 86.0631 123.663 101.123 
81.6431 79.1127 65.9978 -93.5499 65.9276 -67.1784 85.2361 62.674 -113.572 -96.9816 -94.7669 60.9501 82.6974 65.999 104.672 -67.2569 -95.5077 75.1277 107.759 -94.7044 118.616 83.3608 82.9817 111.897 -89.2539 -75.8034 
81.5786 110.295 87.1427 -113.803 91.1635 -64.7312 84.4325 75.7798 -137.432 -89.6798 -88.7415 55.7886 71.1541 59.2798 102.388 -73.1964 -91.4285 65.0556 105.696 -119.248 124.053 74.9879 107.747 
109.525 120.345 74.8382 -119.195 84.9522 -64.5459 113.241 87.8921 -125.838 -111.117 -107.455 69.3241 85.5884 76.8734 111.922 -91.3955 -103.069 77.6645 92.1678 -120.874 120.187 64.9463 90.633 111.425 
126.799 90.0698 96.6114 -107.952 89.4384 -89.9375 115.799 86.3691 -120.436 -95.7705 -120.451 52.8219 93.6378 81.5348 131.384 -69.8365 -103.967 84.6708 106.419 -108.559 119.326 69.2751 108.316 127.489 -89.5803 -102.5 
112.039 115.235 131.405 -123.978 78.3104 -58.096 96.556 71.3042 -128.037 -85.2327 -95.6427 47.1348 100.053 97.7502 106.908 -66.6905 -100.795 105.899 100.566 -89.2945 126.831 102.192 99.4851 135.647 
102.027 114.406 114.552 -113.208 99.6156 -75.3574 106.502 77.9895 -133.843 -98.4986 -100.246 67.1574 53.5998 79.9196 109.574 -74.3986 -104.435 62.924 106.954 -118.086 139.656 83.8234 96.6371 119.545 -105.953 
104.8 103.314 99.8771 -120.809 80.825 -82.8497 95.4426 75.6451 -122.427 -89.5309 -96.7668 81.1861 73.3661 103.135 104.045 -101.424 -99.6443 51.3293 66.7901 -109.362 142.324 76.4486 88.0484 129.053 
113.632 72.1797 116.733 -99.6778 89.8167 -92.5347 92.361 99.1654 -108.153 -80.7123 -103.539 63.2143 55.1436 49.0462 104.95 -48.3885 -119.464 88.5415 101.645 -84.2726 167.778 100.524 107.528 115.848 
112.389 86.309 102.233 -84.5556 71.4591 -59.7502 102.825 62.3183 -86.5553 -86.223 -98.522 71.7576 71.0173 93.2349 124.82 -71.5199 -108.235 98.7161 78.9063 -90.3282 127.745 65.5221 
82.2468 77.4276 105.101 -77.4479 83.6268 -62.464 78.7658 64.7448 -98.6582 -55.27 -104.344 79.3963 46.0821 55.2885 82.3047 -79.1957 -87.5178 36.048 87.7247 -87.3632 92.2443 84.5319 82.6422 89.2485 -57.5247 -82.957 
73.0167 65.2332 85.2274 -58.3003 51.1814 -75.9275 70.9832 39.0969 -64.5653 -57.9901 -104.686 81.3204 59.5347 57.1051 65.3544 -59.1977 -57.4587 -6.29799 46.692 -65.629 92.6911 61.4203 44.2611 104.691 -59.5923 -71.5875 56.7126 54.7369 86.0816 41.2241 65.0716 -104.856 119.687 -94.7028 -93.763 
50.8222 75.8942 46.7156 -49.1379 43.9851 -53.5814 74.9999 31.8481 -60.5247 -50.5302 -72.5612 18.7976 44.2993 27.6328 66.4138 -19.6116 -66.831 70.1092 35.5426 -80.2743 71.0716 44.0075 88.6211 75.1649 -55.2638 -36.2904 60.5438 35.7699 102.944 44.5658 83.8872 -92.9909 64.8722 -98.3813 -72.9361 62.808 -92.6543 -130.61 79.4572 -74.7156 49.3338 78.7334 -87.4965 -114.909 71.0531 -88.6597 52.9841 -36.4409 68.2128 59.2981 
31.3388 32.7043 49.205 -26.8189 45.7489 -30.8212 45.3979 -8.35976 -59.4719 -43.4612 -48.289 25.6576 48.0461 14.0471 38.123 -24.3122 -60.7029 59.1837 25.1421 -25.3511 79.1186 26.2651 31.7283 41.0964 -59.8228 -37.9681 42.4347 31.0289 53.2722 15.8418 56.2363 -32.1258 74.6355 -62.0959 -44.1685 34.7056 -56.1533 -99.7381 46.4082 -60.1927 48.208 58.4587 -88.8729 -47.5192 9.46447 -81.6044 47.9235 -56.8173 52.4465 57.7152 78.2021 -45.3111 24.7593 39.0784 -31.3831 28.3902 20.1878 -22.3696 -28.4734 -1.11128 33.3044 12.9074 19.3627 9.23267 -0.449139 -16.6875 28.2792 12.1452 45.6601 -13.4981 19.6782 23.6466 18.3168 -23.8395 -15.2101 -2.69181 37.512 -23.3186 -12.9571 -24.5328 -5.10447 0.451873 -29.7532 26.0114 15.598 -5.20296 -14.4926 
38.4876 5.95223 15.1381 -39.4495 16.8374 -18.5553 20.336 10.2134 -37.8854 -23.5898 -43.4983 33.0487 42.8447 41.4152 31.8631 -6.72897 -57.3811 71.4852 33.8822 -44.3231 46.3473 13.157 17.6068 62.2969 -21.5556 0.768968 52.276 13.6499 52.5728 13.6235 35.9495 -37.7115 50.2869 -58.7115 -24.1757 49.8243 -27.9922 -38.7382 21.7856 -32.3201 23.5469 41.4978 -65.3011 -38.4859 34.1523 -47.4659 25.9092 -9.71443 29.9555 30.0938 33.9051 -44.5634 25.9022 33.3132 -10.388 -2.17537 17.209 -8.16793 -16.2485 -13.4563 26.7222 -2.242 10.2572 15.737 3.69651 -1.34604 -1.87372 3.66725 21.8119 -2.69717 17.6668 15.4788 38.0639 -23.031 -14.2561 -9.97383 20.4704 -11.2991 -12.6028 -0.0282536 -10.7357 5.4541 -35.1123 8.66699 3.98507 -9.02575 -4.56448 13.9076 -22.4965 10.0435 -22.2422 -29.179 18.7397 -0.165414 4.85982 -6.16083 35.7098 15.1699 4.51335 -24.9198 -17.0116 4.94806 -0.278008 -17.4172 33.9333 9.48647 -22.604 -25.4956 
15.2664 18.7515 16.7991 -56.0814 28.2724 4.45827 9.95074 3.70583 -15.5671 -24.6994 -21.7924 19.181 17.0084 13.6167 30.8217 -13.6621 -38.3832 3.25533 9.20921 -19.8055 23.293 7.00693 29.8021 22.6144 -12.8671 -16.693 9.56995 13.657 44.733 13.9387 8.67287 -35.1632 21.1812 -19.5497 -34.2398 47.5707 -42.2663 -36.2627 30.3803 -45.3812 27.7557 9.42834 -41.3522 -8.71958 7.022 -25.3531 12.934 -33.2056 23.111 19.0522 26.222 -10.0327 22.0973 19.8414 1.05796 16.6529 9.50231 4.16562 -19.7727 8.35618 17.23 2.25719 3.22929 15.6677 2.86016 -18.9805 4.80759 14.2075 33.4889 -10.6742 4.85204 13.2206 2.51052 -21.7867 -5.44115 -7.84878 11.4896 -7.92281 -12.4086 -11.5372 -3.26912 12.1577 -12.45 11.3773 1.65406 4.37043 -9.50421 19.2229 -20.472 -7.60224 -7.24754 -10.5644 6.28689 7.9483 13.6336 1.77891 14.1834 0.0228015 9.69577 -25.8341 -12.4632 17.095 10.9693 -9.62019 18.0932 12.8793 -6.83724 -11.722 15.0513 5.6562 16.9197 -8.33413 14.1666 27.5397 -7.05238 21.5951 -13.7432 -4.13179 -10.151 -1.70763 18.2513 -24.8294 5.44419 -16.1878 -17.9896 1.54032 6.40528 -9.15597 10.0288 -6.02142 3.23032 -22.9752 
18.0354 7.61513 1.03213 -27.564 16.4915 -27.0642 25.684 16.0994 -30.3731 -12.222 -5.2612 9.85314 11.3508 13.3853 14.1672 -6.92723 -16.3524 -3.44615 -0.797669 -23.7142 20.5543 2.13432 20.4344 16.3766 -3.43461 -14.5776 12.6123 3.21743 30.9658 5.49418 29.2668 -14.8586 13.3651 -25.6385 3.84689 10.6555 -19.2079 -32.6568 10.8547 -19.4186 10.2787 18.1777 -24.3987 -34.058 9.23917 -24.1457 15.2365 -18.203 4.64523 9.12919 28.2111 -9.18017 22.478 24.7521 -11.1511 19.9951 10.1143 -0.991205 -11.8115 -11.6268 9.28617 7.5988 4.32371 7.96135 2.14435 -17.82 8.69093 7.81169 28.8455 -6.38205 4.2855 19.7971 9.90854 -0.0204936 -5.43673 6.91755 10.0559 -6.1629 -5.85301 -13.8401 2.28909 9.67153 -15.298 12.6419 -4.35475 3.45433 -10.1117 11.9111 -12.7755 11.5457 -9.08704 -3.13489 -0.131384 3.50139 11.2031 -0.577615 7.8681 6.92617 14.6783 -10.2893 -7.09833 1.52094 14.7411 -3.56157 14.8184 16.9726 -8.85727 -11.9186 4.07334 3.97328 5.6216 -8.53638 8.16295 16.9424 -1.25481 17.7947 -6.87795 -5.2822 -13.4498 -2.95585 10.2243 -9.20057 6.61683 -11.4977 -7.59537 8.79642 3.10049 -0.674292 4.83777 -13.9759 9.27447 -8.92776 9.17355 14.424 -7.61351 0.845268 5.52649 -7.36073 -2.6013 -7.44826 
5.75152 17.34 0.0784263 -8.15217 -0.206005 -11.4977 2.89474 18.2931 -17.1141 -17.432 -15.8567 15.1616 9.04905 16.6457 26.4219 -5.55903 -9.41675 12.7678 7.8821 -18.1792 28.4018 1.94639 10.5667 24.5822 -10.1214 -17.5357 -0.0750864 6.12193 20.6975 7.58883 9.72229 -9.46468 11.6722 -32.0527 -4.96112 23.7882 -14.3142 -25.325 17.6954 -4.37401 5.50558 17.1075 -15.0996 -24.3163 -6.58994 -31.4388 3.00528 -13.4334 19.3376 10.1657 18.0404 -3.68794 11.5491 4.43776 -7.49689 15.523 11.4148 -1.54087 -12.9312 -6.58028 10.3917 3.3274 5.53783 10.9686 2.79588 -1.47565 13.9052 3.38971 15.6644 -5.00856 1.61114 14.7245 10.5206 -9.23648 -11.9137 2.10143 15.0589 -3.62991 -3.42918 -10.7967 -0.860851 1.68437 -2.29423 3.63978 -4.33086 6.78579 2.52639 4.76807 -9.09949 3.4426 -2.55552 -3.68568 7.18504 -4.48977 8.6542 0.995864 4.93811 20.248 -1.68154 -3.89596 -6.66704 14.7194 8.97149 -8.26947 15.7683 9.0374 -2.79844 -4.9642 -0.428361 -2.29912 4.58165 -1.27423 10.2735 10.7874 -5.64994 19.721 -13.1431 -5.11688 -12.9618 -6.96207 9.37144 -18.1273 7.44913 -10.8673 -8.66672 5.15494 1.70593 -9.76777 -0.626295 -1.78743 2.51101 -10.8102 3.96883 12.5771 -1.25278 -6.30429 6.41025 -1.31977 -1.0484 -5.42846 6.35687 -5.89711 -11.2762 1.03971 -0.645796 15.1021 -0.0169538 -9.17574 -15.0074 -12.2229 
9.68969 25.7207 -2.11808 -15.3892 18.5272 -11.1725 13.5317 9.60142 -19.2983 -15.9465 -16.3689 15.4383 19.8643 5.44435 29.8391 -17.052 -11.8326 17.0018 9.55222 -21.7358 17.6793 2.97208 9.06459 14.0561 -18.4411 -8.1174 21.6784 1.7313 26.75 0.512086 16.9058 -19.4968 3.12765 -14.4576 -6.25891 11.466 -29.2619 -29.6011 5.65179 -19.2324 7.05141 15.5664 -5.09963 -12.7501 8.93872 -17.5481 11.462 -8.6936 8.87744 16.3495 10.7795 -18.417 17.88 13.9485 -10.5637 3.35415 9.77925 0.0251261 -11.3464 -5.54641 10.2064 3.83642 3.43563 4.74551 5.78239 -10.4443 8.45815 2.48738 14.7839 -7.36602 5.37982 11.2893 5.6342 -11.3884 2.92072 6.11474 11.5004 -5.73764 -0.182733 -16.0341 -1.64224 4.23361 -6.53702 12.7821 0.957673 -3.28507 -5.75165 9.09076 -3.87699 1.45664 -3.91805 -7.96643 -4.42029 4.5494 3.51467 -9.02267 10.4655 11.1876 0.576666 -1.08273 -0.0376427 1.77214 4.97064 -3.52741 9.63289 9.92162 -3.39593 -3.57087 
8.16495 1.36342 0.0187417 -20.6782 16.2576 -23.5436 10.2787 24.8254 -22.5838 -18.1009 -14.4328 15.6145 17.9775 14.0843 27.4604 -24.1259 -13.5564 23.1272 18.6691 -20.3458 7.92954 4.74869 21.2808 24.3776 -3.90541 -8.87819 11.5436 16.1174 18.4772 14.0717 16.9888 -15.3157 10.9054 -17.2957 -4.85008 5.12167 -22.3648 -25.8586 9.18577 -19.792 -5.64469 14.0389 -23.695 -17.281 1.6866 -16.6726 13.6342 -10.1018 9.25312 21.3771 28.8363 -7.27866 21.3932 11.3773 -6.98755 10.4793 7.62032 -1.35324 -9.78674 -2.9429 7.06619 8.71367 3.95394 11.0343 3.62461 -6.54988 6.40124 4.1271 17.2869 -7.37088 -1.70973 18.8162 11.8516 -8.44596 -4.17421 0.387158 13.0995 -8.53703 
17.5721 21.0243 10.5121 -17.7793 9.18153 -23.4372 22.4759 24.7183 -28.3122 -19.1196 -19.5018 29.5513 15.4847 13.6658 30.2923 -16.4679 -15.761 18.1204 16.0772 -11.5015 12.0387 5.41138 21.311 25.6953 -19.0434 -15.9839 22.363 19.4136 28.6481 9.90806 24.2649 -25.6529 19.6038 -27.7824 -14.3199 23.1199 -30.9154 -34.4523 15.2677 -13.6991 6.71123 24.5238 -28.7816 -20.6004 11.4288 -25.2975 12.1422 -16.3354 20.3337 17.3432 26.7406 -17.773 12.5334 21.2375 -9.74569 5.79972 11.6013 -0.972548 -7.7005 -6.82102 8.20692 8.78621 3.4672 12.6067 3.68121 -10.5345 12.5775 2.03833 22.7594 -10.1218 13.2575 20.1762 10.7471 -7.49026 -5.10873 1.92833 15.3535 
18.2942 21.2895 5.65366 -28.6575 20.0377 -24.2923 29.8347 16.7022 -26.2379 -22.5655 -24.0411 30.529 19.1726 24.629 34.4067 -29.2861 -23.9443 25.553 18.8565 -21.9812 21.3462 11.5508 18.1104 30.4968 -19.8407 -24.3678 21.1666 13.9308 38.4769 24.2553 25.0792 -37.0855 29.0291 -22.9427 -17.6881 23.8451 -37.6973 -42.5924 20.6414 -30.1358 15.6204 28.8524 -36.119 -25.837 11.0486 -35.1215 21.7844 -23.4679 29.985 12.3532 26.902 
25.0746 40.5903 21.0706 -47.1102 26.5764 -36.9356 35.9965 20.4912 -42.2979 -24.918 -26.8909 38.1985 26.3172 13.6744 35.712 -38.2297 -28.0342 40.3496 24.6676 -34.3538 34.7727 17.2534 27.2411 28.2902 -23.5337 -28.1079 25.2637 25.1358 44.0376 29.6634 32.3664 -40.0622 32.2856 -41.826 -17.374 31.2441 -39.5599 -37.8221 21.8922 -38.9983 6.35323 39.6242 -43.163 -27.1832 26.8763 -40.6182 
38.8436 48.1922 8.12977 -45.2774 29.9498 -46.5935 33.2952 36.6857 -45.3824 -36.8679 -45.6107 34.557 29.1596 21.1167 47.0931 -41.2054 -34.3906 38.8582 26.2203 -40.7734 47.6011 17.2812 32.4653 37.4981 -33.4589 -37.2466 35.6308 34.7783 51.7461 28.5155 50.2407 -51.3885 39.2717 -48.1659 -22.1056 36.0758 -60.1401 -50.3747 29.1379 -41.5076 
45.9359 51.3621 24.1141 -51.5553 39.1574 -51.9125 32.9431 33.6535 -50.699 -55.9726 -48.5137 37.6657 22.5825 19.282 51.9936 -48.6017 -44.8121 48.3497 44.7182 -61.3729 55.2038 20.9646 28.8568 44.2866 -35.1023 -40.9898 41.5469 32.8886 64.6125 46.5528 50.3615 -58.3611 48.854 
49.7113 59.3012 40.6339 -71.8029 44.41 -55.4831 46.7322 43.2758 -64.0106 -53.0889 -53.8504 49.0083 38.1624 35.9519 56.1256 -50.1322 -53.8658 66.017 57.2011 -50.9155 64.2488 25.5082 42.1912 57.9496 -52.9519 -48.5326 46.5796 49.8697 77.9057 43.5505 60.9457 -67.1741 47.2197 -65.1594 
45.1479 74.0321 50.3047 -73.5461 56.6528 -52.1609 67.1805 49.697 -77.7675 -52.0985 -69.8591 59.15 41.7249 30.786 75.1764 -48.5681 -65.9911 85.1168 59.3633 -71.0857 61.261 32.3113 47.7467 60.1172 -60.7066 -60.1231 52.9754 42.5296 81.6948 59.8772 62.1586 -79.6527 
72.587 80.0203 59.7104 -91.248 58.6706 -69.1707 78.3835 57.5314 -82.8439 -66.2793 -75.0335 77.349 40.646 44.7814 79.747 -64.3739 -82.4435 82.7073 69.5682 -85.8792 75.7015 50.4524 68.4217 85.5145 -56.1284 -55.7216 64.7414 65.3196 94.9371 74.2945 
80.0563 62.7758 75.6859 -100.093 63.5738 -68.0111 90.1665 65.4794 -96.6016 -86.5006 -94.473 78.0824 32.2248 40.506 91.4412 -59.4153 -95.1605 94.1361 59.6532 -82.4416 85.748 53.4774 72.2969 96.8182 -77.1796 -81.5428 77.1222 67.9185 104.648 72.1191 
76.935 89.9075 74.2958 -92.0914 71.6008 -70.5629 78.3317 54.8424 -105.14 -83.8833 -90.4445 78.2033 42.1203 41.6188 96.3764 -51.6038 -95.4854 94.2132 82.2625 -104.056 101.203 63.6399 73.6385 101.935 -76.6232 -72.6534 78.9271 67.7022 115.117 90.2015 85.3545 -105.191 
90.6784 84.1167 74.8947 -104.571 63.6682 -70.7148 91.2471 84.8436 -101.546 -88.0985 -94.1989 88.8336 65.508 41.7402 87.9887 -66.0169 -99.2264 104.841 88.895 -108.847 107.122 62.4471 70.3712 102.623 -75.3313 -59.9093 87.0225 78.1108 129.316 81.9626 
81.4742 69.6228 80.5037 -107.584 78.2745 -76.022 91.0354 70.395 -110.807 -108.612 -94.1885 82.6438 58.2659 47.1665 98.5177 -58.02 -88.3195 79.3613 94.4344 -108.207 102.186 86.4603 93.4447 124.001 -76.3527 -75.4921 87.2886 78.5973 119.447 108.591 
95.4314 77.7184 67.1845 -105.163 87.3683 -60.0508 95.5687 70.7787 -98.8215 -96.0181 -102.448 88.5016 65.0491 67.4782 91.171 -78.0925 -96.6853 84.3685 96.989 -123.643 124.105 85.7801 81.6176 114.897 -76.9251 -76.257 101.276 
97.0288 97.4466 69.0843 -119.228 90.2033 -70.8767 92.1691 74.4254 -109.346 -103.882 -107.988 76.5859 58.5928 70.7152 91.445 -67.7167 -96.4816 80.7853 95.9535 -100.92 134.69 104.006 87.9478 126.167 -68.3525 -109.247 100.632 90.2952 
106.832 114.524 50.5691 -103.332 86.0226 -104.662 108.577 57.0679 -115.715 -104.344 -104.563 100.217 91.9349 49.2107 105.675 -96.3215 -95.1815 80.4756 93.0321 -104.73 125.683 79.5009 99.9376 
97.3128 99.6539 70.2143 -114.552 110.068 -88.5144 108.718 85.1769 -119.614 -131.265 -116.975 99.7724 70.8904 43.3421 101.218 -86.1436 -109.988 53.9945 88.1547 -110.995 113.592 93.7957 124.448 144.225 -82.0231 
106.406 114.278 108.159 -111.732 136.158 -106.591 92.0047 71.9297 -116.065 -100.357 -124.841 79.2365 88.1494 76.5694 105.856 -86.7698 -101.88 78.2821 91.8256 -114.189 118.765 69.3592 117.597 142.428 
