2.50206 -8.11428 4.94119 -10.1626 1.5335 -3.07499 11.0906 -5.68608 11.8358 7.32163 -2.52151 -20.3843 -6.00177 2.58392 8.54875 -19.8243 2.6017 11.5254 -14.2609 -8.82836 12.1314 -8.44694 5.42868 8.64267 -9.8241 13.6344 7.26409 20.2081 8.30696 -6.09016 3.30289 15.6428 3.17048 -5.30542 -4.44121 -8.78531 3.0428 -17.7837 -1.54831 -15.2247 1.80816 13.3632 6.47587 9.50801 16.3798 -5.49165 10.1911 -5.72409 -15.3833 -5.40878 -8.98106 -7.84123 -0.894092 -6.96072 7.2013 5.7941 -7.33999 -6.70529 5.33131 8.56699 8.96982 -8.49808 -7.45437 0.0190965 -5.19571 7.45165 4.60456 3.23324 6.18886 -5.4608 -2.22226 -0.168393 3.84939 -1.59832 2.18766 3.16697 7.78456 -5.30542 8.74088 
8.55964 -11.5508 10.9287 -16.9813 9.49769 -7.84475 12.1861 -16.7708 10.3765 12.4109 -4.57633 -26.2777 -6.23691 1.73111 10.9633 -26.4109 9.41139 11.596 -24.2907 -13.1426 13.3844 -19.262 11.1568 11.6211 -11.7107 19.3084 12.2493 31.4796 9.81998 -9.19336 9.34396 23.1839 11.2161 -8.1427 -5.08624 -11.3317 7.44129 -27.7113 -3.5864 -17.7993 14.2186 21.4719 13.853 15.8671 27.4887 
20.8962 -26.3895 19.8778 -24.7098 8.63585 -14.4064 17.0356 -20.1952 13.2481 12.8884 -7.82234 -32.9262 -10.5053 4.25985 20.3037 -35.6738 14.5914 19.9106 -30.7287 -22.2916 21.9255 -24.4061 16.5773 19.427 -20.2482 28.2455 13.814 
32.7095 -35.351 27.8765 -30.1352 21.8145 -19.4085 24.4053 -30.0774 18.7658 24.6713 -10.1969 -38.5855 -19.3244 21.9329 36.8728 -45.6517 28.8315 25.1621 
45.0266 -46.9972 35.7415 -43.0351 27.759 -38.6396 39.7494 -43.9344 28.9275 34.0075 
65.7996 -63.2873 53.7975 -64.5323 51.0807 -52.0904 57.8428 -50.7141 40.2526 
76.9103 -85.2136 74.0062 -77.094 78.6323 -69.6054 80.1057 -67.9561 55.8628 75.6289 
96.7259 -94.727 96.9642 -96.9327 88.2023 -92.7578 101.947 -91.01 67.8231 
107.066 -118.838 115.779 -126.119 106.879 -105.334 117.857 -118.854 78.1767 109.473 
105.417 -143.437 132.036 -155.51 128.579 -132.704 138.011 -155.228 97.8026 
102.693 -156.696 158.652 -166.678 139.063 -139.722 150.972 -179.218 97.2445 
86.1281 -162.384 172.904 -177.206 145.358 -142.966 161.102 -177.195 132.245 
77.5018 -185.681 172.497 
87.1441 -163.434 158.762 -150.776 134.865 -148.964 164.712 -175.474 
90.1404 -136.948 149.936 -159.303 170.362 -135.576 148.624 -180.498 161.553 218.352 -121.433 -196.167 
103.976 -109.845 122.279 -143.674 142.644 -118.232 130.764 -147.588 156.454 189.639 -92.681 -204.975 -157.994 173.313 191.644 -180.408 140.395 141 -213.023 -201.158 
91.2576 -91.7175 111.243 -87.3106 137.113 -84.0285 100.021 -154.109 123.104 166.426 -43.7323 -155.912 -128.2 165.504 139.251 -145.025 124.914 144.146 -169.716 -159.279 157.843 -171.153 157.474 171.914 -124.228 144.037 108.683 177.264 97.7963 -139.913 95.8984 
66.8826 -61.3857 86.6864 -52.9963 78.2324 -67.8258 87.2449 -104.377 78.5288 104.554 -36.4332 -138.56 -117.585 145.316 82.6306 -126.288 77.1453 123.24 -139.616 -89.1201 139.516 -130.838 110.06 119.821 -118.526 110.328 104.704 141.611 60.0529 -135.559 87.0504 110.973 77.8108 -94.5289 -69.8291 -90.4055 74.8561 -69.3367 -26.9975 -118.823 37.1924 76.1321 72.9009 34.8156 86.2624 -63.3305 64.396 -47.4974 -66.3074 -63.2754 
59.6704 -44.3772 57.9212 -33.3363 63.4851 -62.0283 86.4998 -93.2636 38.102 52.5945 -53.0347 -89.5189 -89.8192 106.688 68.7941 -78.8905 83.4945 71.6379 -123.435 -64.9075 94.9415 -102.388 49.5557 79.433 -111.515 106.58 63.6157 86.5528 61.1696 -87.3768 94.4323 81.6997 59.2221 -60.6071 -49.9081 -46.7197 66.4895 -63.717 -29.7869 -106.019 57.7218 57.5476 56.9558 29.3249 84.3466 -36.1418 50.8764 -13.7446 -42.3091 -16.874 -54.8619 -28.1602 14.6546 -45.3845 18.19 15.8263 -2.04381 -30.8827 23.7642 49.4154 19.92 -26.5384 -23.5676 
63.7655 -32.1617 32.5304 -32.5754 13.836 -33.0282 65.2579 -88.1379 50.7208 30.0875 -55.0261 -64.2057 -68.4333 74.9936 59.8588 -59.9952 52.7371 40.6808 -85.197 -73.8384 49.8805 -65.9974 39.7513 46.3387 -53.4156 57.7918 65.5566 57.3692 62.355 -30.654 49.8357 60.3396 62.3604 -43.6759 -58.945 -35.8686 47.122 -56.6969 -41.8026 -44.5172 40.445 47.095 32.5855 35.0222 66.1991 -13.8926 22.1006 -34.477 -36.0098 -45.1093 -50.6444 -15.0749 20.0352 -36.3672 15.3756 21.2735 -22.0693 -41.1344 14.5584 57.1264 23.5622 
32.0532 -47.6258 31.5807 -38.9266 37.2381 -32.8657 45.4567 -26.5908 53.8736 27.2598 -30.8503 -47.1965 -28.8248 22.7923 56.8322 -61.3185 39.036 22.419 -61.5353 -43.8021 44.4179 -25.4089 37.8237 54.6028 -70.163 53.4603 49.7021 54.7568 72.064 -37.1667 63.8095 57.1687 46.2091 -49.8562 -41.934 -38.281 18.1376 -29.3552 -33.3176 -43.6948 25.3675 66.1353 22.2166 19.9655 66.0138 6.69483 15.6534 -31.6338 -20.1945 -39.3341 -26.378 -16.2485 38.366 -28.5053 8.48737 18.5197 -9.65808 -50.668 14.2041 43.7226 13.1589 -14.2039 -20.0769 -13.855 
7.96691 -42.2937 28.1155 -25.1888 31.8779 -31.8857 10.377 -50.8569 21.4072 38.5058 -22.6306 -22.812 -46.9492 34.3139 25.9962 -40.4893 33.6277 22.0653 -73.5331 -56.4244 19.5409 -43.7534 16.3232 55.0257 -29.0991 23.8004 44.3497 51.3759 56.8122 -38.1883 29.8847 49.1327 58.8465 -33.1871 -33.1444 -32.3486 19.3109 -46.7864 -12.4788 -28.1501 18.449 60.0385 52.0471 33.7312 53.1301 -6.29386 21.7492 -42.6466 -45.2703 -53.8416 -21.7465 -30.8134 35.1156 -13.9956 8.08418 27.6967 15.2394 -13.1571 16.673 9.25069 7.02496 -16.0168 -24.0049 4.75468 -28.6808 22.2635 28.6193 
21.8928 -48.1782 29.1256 -32.6942 26.7868 -0.622188 30.2162 -44.2124 27.7272 51.4796 -11.029 -23.1231 -22.934 23.5956 24.3713 -53.5557 23.144 4.0206 -55.9999 -50.2138 37.49 -29.4417 20.1181 23.4722 -39.0843 19.7838 30.182 49.6067 34.2381 -41.9563 41.937 38.4596 56.2808 -13.4185 -14.9558 -26.9759 24.2691 -29.4081 -12.1547 -36.581 15.8218 50.5307 24.5303 30.4414 45.03 -7.24309 52.3132 -39.2109 -36.0181 -39.6432 -22.3643 -26.5917 30.6707 -2.11893 19.6501 19.5662 -3.60992 -7.74604 -6.1629 15.1639 9.96162 -21.2715 -13.9845 -4.49676 -19.8547 16.27 31.7646 10.8097 
22.9441 -45.5738 32.0626 -44.0034 32.0767 -20.7424 25.7526 -24.5475 20.152 28.9184 -14.4383 -41.0106 -17.0209 22.3017 31.7021 -51.6186 7.27412 23.0183 -40.8759 -17.9583 52.0287 -36.7694 0.957292 11.0948 -25.0875 26.7578 28.6478 31.7714 19.7055 -33.2749 40.3712 31.7386 39.0907 -21.4967 -8.32314 -16.49 19.2838 -46.601 -25.2107 -41.5006 23.6287 52.2857 38.6087 35.8308 44.2549 -43.7238 23.9351 -52.0188 -22.5277 -35.5295 -22.8398 -26.4597 9.51947 -17.1353 14.2473 9.52017 -19.9487 -25.1639 8.39699 9.66594 17.8036 -17.7253 -14.3928 -7.06315 -10.1844 
46.7709 -42.3932 17.4178 -33.9919 32.6943 -35.1121 31.2136 -23.8686 12.1888 41.533 -10.7213 -30.4117 -26.4258 23.0563 26.5759 -27.853 17.6413 22.5668 -40.0733 -12.1464 33.8252 -43.4765 26.8449 30.1706 -28.094 42.4351 21.9562 38.3034 31.925 -21.5453 32.0392 41.3971 47.8032 -19.3682 -29.3255 -31.6707 23.5402 -52.3123 -28.593 -11.4275 33.9431 
43.6675 -13.8146 31.9804 -30.2418 26.8218 -24.1569 32.2118 -29.1444 23.5714 34.5378 -16.4025 -58.577 -40.2258 24.7637 43.788 -42.761 24.5257 25.3057 -30.7983 -43.6924 45.157 -27.8356 25.2639 33.3789 -34.7188 39.9681 48.6882 36.0382 41.251 -30.9486 40.8877 49.1671 46.0573 -1.34187 -16.2156 -38.6838 16.6289 
52.776 -54.7615 39.298 -44.4865 36.3325 -30.6126 49.5837 -35.0093 39.9423 35.8065 -20.0165 -37.5439 -38.9747 47.7247 43.9065 -57.7725 42.8699 34.1906 -59.2349 -43.6824 
57.939 -45.0654 40.19 -50.824 47.9104 -33.6505 61.483 -38.5997 37.0642 37.8572 -43.7892 -67.968 -50.7345 
71.3066 -76.722 67.2915 -58.6392 65.8645 -61.4151 64.8114 -62.7757 41.2187 55.6372 -36.3981 
77.0056 -99.1916 73.2677 -66.4189 84.1843 -64.3257 89.9405 -83.5678 60.478 
92.3504 -113.29 89.6916 -87.185 101.136 -79.6406 102.915 -83.5997 76.9955 93.0558 
114.888 -119.312 111.977 -121.669 107.155 -94.0909 118.015 -109.971 84.8814 109.6 
130.432 -128.55 120.626 -131.456 98.4463 -118.387 133.255 -143.15 
108.499 -166.758 139.035 -153.292 154.471 -118.133 161.656 -172.893 104.082 164.511 -104.557 
101.932 -168.421 159.738 -158.668 142.028 -155.457 156.699 -162.168 122.104 
86.6186 -144.657 162.594 -166.858 158.795 -149.591 176.589 -164.028 127.442 
106.913 -180.151 156.848 -168.223 134.649 -152.973 173.629 -178.286 133.063 
115.685 -169.665 136.86 -160.922 146.426 -148.182 178.804 -198.088 142.699 
128.118 -157.127 152.334 -162.499 171.154 -144.481 162.677 -182.903 182.477 200.229 
111.335 -111.865 153.268 -125.7 143.646 -135.926 155.108 -152.457 152.521 161.009 -113.706 -208.322 -159.594 193.119 175.802 -168.859 156.331 147.13 
77.4531 -107.319 111.453 -104.938 123.267 -102.991 131.652 -165.668 91.9141 139.936 -76.7484 -185.009 -156.882 129.997 125.978 -170.275 121.895 189.455 -172.645 -181.359 185.042 -143.914 159.808 141.64 
106.429 -66.3484 105.955 -80.7357 83.6216 -109.523 103.115 -159.538 147.823 129.609 -67.4958 -161.117 -123.079 135.164 123.786 -127.025 91.7777 138.243 -141.938 -100.935 141.205 -137.25 98.865 133.187 -122.302 124.015 101.776 163.894 88.1612 -125.913 114.848 113.327 
91.5754 -78.1736 104.042 -100.352 78.7185 -91.684 118.804 -116.576 81.74 69.2696 -99.317 -122.432 -86.7965 124.68 104.182 -87.6495 93.6071 115.81 -120.152 -82.0584 113.817 -147.437 99.812 97.558 -88.3534 135.405 70.0123 110.522 98.0268 -101.182 92.4082 89.9534 98.8726 -60.8931 -62.2689 
73.5185 -53.4633 49.0149 -19.5832 54.1786 -44.4059 96.262 -98.806 21.9433 32.7218 -64.5464 -105.294 -114.191 71.6107 71.2231 -75.5081 82.9601 96.6707 -126.134 -119.611 80.6489 -86.1955 55.3619 60.2825 -99.4663 114.67 83.1044 69.4505 66.9188 -78.3886 96.045 94.6238 
50.4652 -62.7177 55.2631 -43.5219 21.5943 -46.6869 60.9907 -66.0576 60.3518 58.9447 -23.0508 -51.5726 -71.6494 36.9234 75.4372 -89.9205 66.1683 38.2513 -86.8525 -90.1557 85.2193 -123.035 48.5491 99.092 -79.1025 74.0963 73.3573 85.6511 81.9546 -62.1076 67.0775 70.2175 69.3595 -48.97 -40.7401 -25.0602 24.6473 -36.8892 -59.9568 -65.7745 55.8487 96.6498 43.9952 73.465 86.1556 -32.6128 38.9995 -47.3543 -19.0991 -58.4919 -48.8364 
67.4944 -20.726 14.6094 -32.6453 59.2044 -15.4493 46.1769 -10.4343 14.4516 49.2844 -43.1953 -37.4633 -31.2184 50.8205 76.6944 -65.5029 46.7791 17.778 -100.73 -66.1119 78.5067 -55.5069 21.2038 49.0228 -62.6405 63.7635 70.8196 52.9657 55.5511 -45.4561 59.2219 77.8996 62.6812 -15.0057 -32.9405 -67.9542 32.6646 -77.5524 -25.8433 -44.1396 28.6772 79.7494 27.7222 56.5121 70.2587 -31.3542 41.1108 -51.5599 -26.5535 -55.4084 
34.709 -35.3187 43.1645 -20.4652 29.0037 7.62864 22.9785 -26.9893 27.7932 44.8788 -17.5849 -49.3829 -32.5567 38.676 47.2162 -58.1239 39.2273 51.0457 -93.4736 -69.9371 44.2949 -35.6329 48.3859 41.1211 -4.38399 36.1456 24.0344 37.8769 51.676 -30.0089 48.0929 49.5679 61.9001 -11.5907 -27.9312 -58.8866 31.5507 -43.6324 -32.8811 -25.88 29.4467 60.5632 41.4886 36.2006 53.624 -18.1673 49.7064 -24.1019 -60.6304 -28.0804 -15.1067 -52.2438 44.0265 -13.9961 12.2233 21.5817 -12.2871 
33.2173 -32.0447 31.2407 -33.8447 41.8632 -31.3322 30.9333 -37.264 33.489 36.6278 -32.0257 -40.1238 -45.1796 46.9837 39.1251 -35.7389 13.2312 32.7205 -30.9773 -42.6585 13.9359 -38.5014 28.0931 25.5401 -36.327 42.1107 25.8136 42.1332 38.9058 -46.7047 42.4524 36.9299 36.9841 -36.1056 -36.2771 -10.4101 18.3663 -35.0031 -19.8156 -40.1465 31.1375 28.3244 20.2986 45.206 38.8843 -23.713 44.4263 -39.8517 -28.7337 -53.7022 -25.8061 -18.5949 21.4691 -17.2602 12.9986 10.32 -25.5144 -10.8189 13.5783 26.0973 17.0018 -24.357 -33.3609 -11.1788 -28.3365 
48.5029 -36.3112 39.7174 -55.1501 9.62208 -31.0084 19.2568 -37.2351 7.11587 36.8489 12.2262 -28.1333 -31.9761 36.6528 19.3449 -36.0898 14.0653 36.8764 -26.6012 -34.9969 39.0853 -22.6648 33.8811 33.5965 -36.8666 22.7801 20.2598 46.9705 21.3827 -19.5384 32.6919 37.4622 14.9057 -22.8451 -28.7987 -58.6009 31.0289 -48.8564 -15.3274 -30.4798 41.5094 45.3213 32.489 29.4975 58.6129 -4.15476 34.4566 -38.4511 -20.1554 
5.23008 -60.9157 22.6848 -25.7756 24.8601 -30.7795 18.1136 -35.8185 27.0985 37.3374 -24.5808 -35.2089 -43.5861 22.3166 40.9209 -45.2947 29.205 21.4485 -46.1503 -32.2571 29.6998 -30.2327 21.6748 21.444 -25.8285 41.3869 39.8766 51.2717 46.1661 -25.0873 22.7647 49.4644 22.5045 -22.2884 -27.3666 -27.8795 28.0185 -64.9226 -24.4667 -48.7496 21.6451 
