-11.1633 -7.53172 -6.94924 8.06008 13.2326 -9.20994 7.85028 5.26319 -8.16124 6.20906 7.80836 9.51216 -10.6366 2.42022 -7.13501 5.63583 6.32167 -6.76233 9.92541 -5.97518 -7.07607 3.44071 8.3533 7.45587 4.94535 -13.5881 6.55988 1.48114 -7.1507 8.32289 13.2673 3.83774 -3.78191 5.15945 6.19262 -6.61245 -11.7736 9.13951 12.5016 12.3785 -8.95722 6.33127 8.35607 -15.4021 11.847 -11.5217 -10.6676 -13.1895 -7.91111 19.2626 -21.8999 7.59507 9.14449 -7.01867 4.4172 -4.22491 -6.91845 0.884557 -12.4115 0.393248 5.82686 6.20534 6.81235 -9.39704 -3.56225 -5.17339 -5.28414 8.40789 6.4921 -5.67433 3.3572 -3.39599 7.80912 -5.68933 4.5921 4.58193 4.75814 
-21.4788 -11.0015 -15.538 12.1485 17.7709 -15.3729 14.5986 12.8702 -15.791 17.9105 12.4432 11.681 -13.4101 9.84586 -13.0534 13.6866 7.13789 -9.50291 17.1755 -11.6932 -16.3764 7.26645 15.9969 10.6571 11.0352 -20.67 10.1599 1.9841 -21.08 15.1038 17.3402 8.88447 -4.78079 8.09397 15.3498 -17.082 -19.5698 11.8311 16.3968 18.7178 -17.7266 15.7234 16.3127 -20.9636 18.811 -20.9528 -17.257 -20.3709 -11.8014 26.5159 -27.4111 14.2083 14.3589 -9.41122 
-32.2852 -12.6716 -21.5585 26.7344 17.1244 -23.32 21.8052 21.5489 -17.5947 24.3046 16.7408 18.6922 -23.3949 19.5702 -21.9351 16.5703 13.7688 -22.8094 27.8743 -23.7108 -19.3541 8.19592 28.3835 19.1172 17.56 -24.382 14.3196 -8.65443 -34.5013 18.5012 27.0177 13.5624 -8.37685 
-44.213 -14.3444 -41.2762 46.1713 26.1861 -33.3372 38.5296 28.7428 -30.9912 29.8083 23.2619 29.9498 -32.9735 21.4857 -25.7972 26.6765 26.8992 -39.1079 40.4482 -34.7482 -33.2706 16.1236 34.6024 24.0248 25.5316 -36.8856 14.2053 
-58.1765 -37.5396 -51.7249 50.7651 43.8151 -44.5348 50.7042 40.5902 -43.6114 31.0561 42.4517 43.4937 -46.517 27.8503 -36.2846 45.229 44.5208 -49.3933 53.1826 -47.7655 -47.56 25.8141 40.2847 37.9328 35.9994 
-66.0527 -55.2244 -58.7876 64.081 57.1998 -55.9931 61.4916 46.4794 -66.2551 45.4637 61.3679 63.9549 -62.1159 35.3862 -47.4247 60.4467 54.9503 -58.3022 59.5472 -60.6508 -54.5744 
-74.1265 -78.6255 -79.3115 66.8696 75.6852 -75.5582 80.4501 65.8151 -84.9227 57.3322 77.8843 75.4672 -77.3315 56.0312 -53.3656 69.4814 71.4833 -70.0459 72.6888 -71.5516 -57.2494 47.2258 71.4991 
-78.0554 -93.8355 -84.5888 81.8092 91.5312 -81.2737 77.1503 77.775 -89.8438 74.4634 104.519 90.1189 -86.8505 71.5752 -69.4087 74.1649 74.4329 -88.0839 84.004 -89.376 
-85.1084 -90.0431 -90.9432 97.1883 95.4494 -88.1815 100.392 83.308 -104.439 82.3751 111.487 97.9388 -90.306 81.3788 -84.124 93.3108 81.6912 
-95.2889 -99.7483 -113.314 117.071 111.983 -103.461 118.916 105.645 -110.02 111.305 120.798 98.913 -104.544 99.1008 -100.202 
-110.867 -119.324 -123.366 135.529 122.212 -107.405 126.495 112.894 -136.599 115.164 133.054 94.9592 -130.482 118.928 
-144.465 -137.745 -133.78 145.034 118.855 -109.354 143.782 130.68 -155.81 143.177 143.87 111.551 -153.73 123.19 -119.912 
-156.355 -148.487 -153.481 170.389 120.961 -114.771 133.913 148.853 -154.306 150.749 147.527 121.731 -147.438 135.159 -118.066 122.707 91.4259 
-158.764 -134.506 -136.642 171.091 120.641 -135.905 126.956 136.93 -167.002 144.914 142.461 108.988 -159.157 156.911 -106.751 108.388 72.7492 -149.51 
-131.643 -140.811 -146.274 145.285 103.572 -119.781 106.483 126.443 -148.24 111.141 112.979 110.78 -124.401 116.788 -106.659 100.556 68.2381 -154.122 98.7444 -104.386 -93.4998 86.1696 
-137.361 -153.817 -89.7638 116.678 99.889 -110.359 129.798 119.764 -139.052 118.5 102.452 71.8434 -85.5577 123.764 -100.388 65.3944 39.3763 -131.646 103.226 -94.6425 -103.878 59.5161 
-119.849 -129.119 -72.0535 129.321 114.692 -113.024 88.6799 96.542 -100.742 96.2334 60.2238 69.6779 -81.3813 92.4382 -62.0506 66.4934 66.1995 -115.846 49.3555 -80.1388 -79.118 39.2447 77.3813 60.5599 74.7082 -46.422 52.6332 -49.8801 -91.7428 71.6156 
-85.2478 -103.355 -51.2885 93.25 39.4741 -104.268 52.4758 50.7528 -80.7846 99.4136 65.4423 67.6524 -38.729 56.5608 -66.4324 74.3087 28.4147 -74.4845 41.033 -42.1102 -61.2633 23.4413 40.5719 46.7402 64.2341 -32.6585 48.5297 -25.2895 -36.1794 63.7351 3.97679 35.5869 -45.5035 46.7979 49.8545 -61.8451 -78.4742 74.8194 48.9465 84.3587 10.3629 74.6891 65.432 -73.1215 48.4015 -62.2597 -89.6359 -111.8 -75.6593 106.342 -119.533 63.9371 46.061 -72.1373 31.2283 -27.5075 -46.454 29.6176 -11.7123 -35.9892 
-72.3725 -41.5653 -27.8815 49.5172 80.7618 -65.6297 39.9969 37.7694 -46.2994 53.1139 36.9722 51.0144 -19.6072 53.9833 -35.5363 45.6037 -0.765607 -47.5229 37.8222 4.53742 -51.5493 1.26316 42.6116 33.021 40.7938 -30.4775 28.0558 -17.2154 -25.3139 8.12586 7.4876 38.6982 -49.9149 22.7382 27.1066 -23.8012 -28.353 29.1311 43.1851 48.0771 -16.3031 56.3226 39.9765 -39.6553 18.53 -25.3091 -26.5888 -68.3161 -25.9276 41.4877 -90.0842 12.8901 44.4301 -61.0068 16.3337 -33.1069 -17.0247 5.44967 -11.2182 -16.0883 2.80926 19.836 2.70109 -21.2813 -26.5862 -8.356 -33.6436 -5.57732 28.522 -7.74235 30.0617 32.6226 12.2156 -6.30552 -2.6608 27.7452 24.2798 28.8459 9.01161 12.3068 -9.7743 31.0023 -35.3506 3.6984 -0.589396 32.1284 31.1648 17.4657 0.454105 14.7284 -0.651443 -29.6451 -0.533293 -4.95501 -29.3461 -13.2406 30.2278 10.6697 -2.04087 -7.18255 -2.78662 -5.98833 9.75766 -20.5776 17.3836 0.158736 -24.1195 17.1125 -4.15689 17.4359 -14.3316 6.30331 -19.3367 10.8853 20.087 -9.46134 
-25.8617 -12.6508 -38.5946 42.3952 50.5166 -34.6607 14.5023 6.72213 -38.9948 12.7516 32.4073 -5.70137 -33.7465 27.0017 -24.3552 18.3158 7.65044 -12.7431 11.3614 -18.1604 -17.4958 16.8986 43.7925 9.69181 15.8485 -29.6221 29.7388 11.7349 -10.9839 11.4711 6.04551 -13.445 -11.5014 -6.02966 22.7092 -28.8355 -26.9377 14.6625 10.8085 31.3484 -5.30377 34.2228 -0.743272 2.04318 4.60815 -12.0203 -15.8086 -15.2301 -32.0799 24.021 -40.4728 1.84704 -4.68393 -26.829 -3.8432 -15.5939 -22.687 10.0046 -20.2257 -3.23903 1.3247 13.5564 -11.7773 -13.6185 -16.0278 -14.1601 -15.5677 18.1088 8.93142 -13.1527 15.7046 12.8948 3.92741 -2.94561 1.11826 15.0206 -2.62385 11.1531 3.41052 5.29534 -13.9786 2.79548 -8.90274 3.5486 -9.41181 24.2436 3.60842 8.70231 -5.11727 13.8925 -14.9261 -13.1139 6.53652 -4.52614 -14.8979 -7.21582 6.86718 0.702908 -1.22693 -8.5926 3.6601 1.99073 16.582 0.285168 14.5618 3.55187 -10.0994 15.4551 -8.49095 -2.87034 -8.67894 -12.073 -8.38518 9.66601 10.0641 8.63198 -7.59638 4.07535 1.09396 1.98457 -12.7086 18.2849 -7.07127 -20.217 19.9858 1.47843 4.09036 -1.11862 3.9215 25.2102 16.1339 -4.91731 3.59862 18.4851 -29.0456 4.75737 -32.8766 -16.7875 -26.7273 4.29286 17.5609 11.0794 -17.7623 2.27486 19.0645 20.3963 0.125 -2.78182 -7.56239 -1.50982 -19.7044 -15.073 12.6056 -8.10485 -23.1553 3.75394 4.26532 -6.09284 -23.3311 -14.9148 -9.16307 11.9725 -8.2703 -8.5701 -0.815428 -0.0183193 -17.9868 24.4244 -21.5756 4.04218 -0.655378 0.446373 -10.6772 -3.25944 11.8149 -13.257 13.5816 24.7138 0.732592 16.471 6.68475 4.56278 -2.24551 -0.674651 -7.97571 -22.5773 11.471 13.4864 5.71164 4.93829 -2.92678 -12.7405 -1.17691 3.20081 1.82405 6.39556 -14.9478 -7.01878 -8.80745 16.0447 0.598863 -11.5425 23.9206 -8.59001 0.364991 -20.0905 21.0732 0.565703 -23.4117 12.9423 0.277377 6.72101 -17.3105 20.2863 22.4843 31.9247 -8.26271 -33.4577 13.8395 40.1604 -29.0137 -24.7858 -12.0796 -4.24846 3.35853 37.4637 
-12.8121 -3.49773 16.8998 16.9238 23.7438 -13.4413 7.38086 12.3985 -13.3143 8.54617 3.18078 14.0238 -11.524 8.28429 -7.84771 10.2748 -10.8855 -14.2676 16.1937 -17.5224 -6.7273 -4.0827 12.8285 7.74018 8.58957 1.27874 6.45569 -6.00676 -2.21083 12.7373 3.68163 2.89049 -8.22804 -0.603119 -7.00921 -9.93892 -4.22215 9.50151 -6.07727 -0.113058 -10.856 -1.32792 13.4891 -18.9638 8.53552 -9.23666 -2.52022 2.81982 -4.23724 11.7339 -12.8387 5.56622 0.496058 -12.4407 5.33642 -11.0101 -5.67736 1.16714 -4.56088 -7.96214 2.38952 -5.17641 3.72995 -11.2224 -8.86019 -6.96074 2.92113 5.37435 2.8628 -3.9765 9.53869 -7.90759 -0.682426 -5.02675 10.7504 2.69501 2.54547 7.28439 5.25747 4.83658 -1.16094 -2.52553 -10.304 5.88373 -10.3745 8.08593 7.22816 0.182489 -8.55222 6.11641 -0.737656 -0.767769 -7.62108 -6.49244 -3.41452 5.62928 -2.16706 -0.248721 2.18041 1.87183 6.89117 6.06063 -8.52399 -8.50044 4.06847 5.05833 3.02166 -1.51032 -5.82133 3.28625 1.71933 3.55547 -13.7491 -3.37315 2.28441 -2.79091 -3.74361 16.0653 1.20087 -9.07851 0.447554 -8.84699 -11.8343 -10.4186 7.44656 -1.4037 -2.51265 9.26298 9.68216 11.4581 8.22067 -14.5078 2.67218 9.92882 -7.97275 4.22312 -15.2142 -16.6243 -7.28662 -9.19728 7.70236 4.00206 -9.63236 -2.35857 5.75752 11.1359 -12.773 6.78057 -9.96262 -0.891455 -4.75436 -1.89148 10.962 -3.92377 1.93736 3.41131 1.8978 -10.6379 -5.5495 -2.16343 -6.68696 1.5695 -10.675 -4.39083 -0.081928 -10.0983 -3.74097 17.6656 0.961206 7.38393 -3.68953 4.70613 -0.774322 -11.2901 -0.25954 1.77922 16.3023 12.1402 1.88875 7.5919 5.08344 -1.59143 4.74096 0.27498 -3.67659 -6.78966 14.048 -5.10847 -10.9006 0.953475 -6.51753 -12.0345 7.52916 1.05751 -2.87741 4.72179 -13.0449 3.85177 -16.7108 10.1612 4.07118 -0.109982 6.36439 0.183374 -2.91629 -6.85897 3.2042 -5.02563 -9.38079 1.45588 2.6352 -2.25468 -13.3757 11.2386 9.69709 -6.5576 -1.63082 -4.23506 4.28668 8.04881 -14.0567 -6.22963 -19.5524 -9.76384 -3.59442 -1.26846 12.0931 -0.87747 -17.5275 2.1214 -1.2018 -7.1703 8.68871 -2.11421 8.21138 2.32149 18.9592 7.33565 -8.46109 25.5944 1.996 -6.22193 -0.978206 -22.3222 6.835 -8.15922 5.23969 -7.98774 17.9766 8.6077 -6.46548 6.79815 14.8893 -4.10418 17.7813 16.184 -2.2242 -0.00242343 -6.97541 -2.28323 -2.4555 -3.79711 1.44736 -4.66393 -5.67197 23.6612 -10.5209 -8.42618 7.81184 16.2599 1.38346 -3.26614 -7.14735 4.58627 5.68418 3.11916 -1.94283 -2.02745 -1.0623 2.84569 0.509917 2.13318 6.8613 
-7.45502 -3.53385 -1.92241 4.4389 15.5564 -11.4712 8.92418 4.50253 -1.02248 1.47948 0.143176 -0.47292 -2.75926 1.97487 -2.20608 3.84714 4.60048 -8.60907 7.42385 -6.96844 3.62447 4.62299 20.5948 -3.32133 -1.57415 -9.17086 3.30804 6.38256 -10.1589 2.40057 3.72998 1.70668 -1.97556 4.17001 4.37605 -0.2745 -9.01159 2.2037 11.4754 7.00647 -9.28964 7.21522 3.37816 -8.89693 3.51567 1.55217 -4.69763 -6.23935 -0.550987 23.1424 -4.45063 -0.574155 7.0937 -4.94098 10.1015 -5.49388 -7.18985 -0.633082 -14.8391 -3.13547 -0.214832 7.21558 1.23936 -7.00121 -6.81152 2.98876 1.34054 9.29296 0.194454 -9.55091 3.89078 -3.95821 0.325295 -2.71135 2.19594 5.70486 6.13146 10.0138 -0.154795 5.47931 -4.04454 1.02688 -5.7631 7.94778 -4.06994 1.36777 3.4211 5.6463 -1.01876 9.15305 -2.93888 -10.677 3.58453 -2.00676 -2.77862 -12.1629 9.8663 -1.10208 0.332895 -0.615738 0.726099 1.1768 1.80772 -1.45806 6.22362 -3.19372 -1.46953 2.27202 -2.56436 5.39155 -7.76628 1.77195 -4.73776 0.506429 1.1517 2.65544 -5.73036 9.56254 -1.89572 -4.85158 -6.05179 4.74734 -8.84381 -11.4984 7.07411 1.36317 -0.850988 4.21114 2.05161 7.81012 2.34774 -9.01377 9.13757 5.66296 -4.2419 -0.900015 -7.76876 -6.5751 -7.59924 -5.78322 3.31131 10.463 -4.68506 -1.46859 10.5797 3.95617 -1.19148 6.84122 -5.70842 2.16825 1.24817 -2.70017 11.0661 -4.67815 1.85409 1.16575 2.21798 -4.83909 -3.45842 -1.17058 3.06905 1.81314 -4.03499 -0.492291 -1.42539 -0.368309 -8.97635 10.9701 -1.93938 9.50094 -18.7581 2.90818 -5.87243 -3.99189 3.02227 2.05681 4.09668 6.54644 -6.63421 3.33173 5.92899 -1.89576 -3.57864 -2.81627 -0.0576251 -7.81701 5.12897 2.20821 2.652 -0.522222 -0.488182 -4.15763 7.69828 3.21942 -4.77309 4.17878 -7.28684 5.1336 -7.00579 3.89235 9.28842 
-15.1274 -6.32634 -5.65251 4.68028 12.7797 -9.90243 1.5263 6.30513 -9.19377 6.29883 8.64801 11.3149 -7.48515 2.31089 -8.83564 7.09168 2.47923 -0.188652 6.55363 -6.97695 -5.32584 7.90334 8.27714 9.62728 8.17452 -11.5781 6.07311 6.2415 -5.31421 4.81295 11.9987 8.73645 -0.974645 4.50218 4.2559 -4.98728 -12.8926 6.27926 8.63457 11.6891 -4.40896 5.31891 4.66924 -15.0496 11.8128 -11.7293 -4.12401 -11.6035 -8.4561 15.1973 -21.5654 2.83245 11.5705 -3.75646 3.46391 -4.48012 -8.57803 3.78906 -8.15017 -0.02425 1.47891 0.537041 5.73925 -2.03507 -3.45161 -4.14482 -3.1536 7.80651 7.22814 -4.5919 3.2371 -3.22476 8.48378 -4.59821 3.31749 3.33128 4.36664 7.97375 1.55354 5.64405 -6.48452 -2.08992 -4.88922 6.79452 0.461701 3.79627 4.24138 2.45538 -2.63686 6.33012 -0.610561 -9.66497 -0.462018 -6.47741 -5.39395 -7.25679 2.49701 0.956682 1.71933 2.27823 -0.245587 -0.789412 1.14399 -0.587842 2.27549 3.05751 -4.70917 -0.353382 1.84496 4.93458 -6.59862 3.14105 -5.97066 -3.06846 5.38843 -0.463703 -4.80023 6.8104 2.07928 -5.27661 -5.84971 1.13072 -1.78866 -11.223 
-15.339 -6.56989 -14.8334 12.1075 10.5036 -8.56079 6.9335 9.67588 -10.0527 6.43472 5.85898 9.16127 -12.8282 3.48366 -6.49427 6.45673 8.45356 -8.87727 8.44639 -8.67982 -8.73914 8.43897 11.5904 13.1112 8.38442 -10.2598 6.16785 0.126824 -13.3804 14.0247 10.5459 3.33817 -5.1456 4.42883 12.2755 -13.3099 -13.853 8.85731 15.2884 12.4071 -17.938 11.5791 10.5817 -14.2771 13.6233 -12.8108 -10.1891 -14.8539 -8.87517 12.6568 -20.6984 9.01861 10.3646 -1.45743 4.50456 -4.77615 -8.75412 3.41218 -17.5061 -1.08021 7.21683 9.05861 8.29815 -7.9078 -7.83148 -4.0213 -8.30939 11.5683 7.63137 -6.27291 1.73418 -0.125951 
-19.2115 -15.1276 -13.4144 14.8885 16.0675 -13.0861 15.9054 14.0423 -18.2658 11.725 15.2804 10.4661 -16.2718 7.84984 -15.2732 18.0007 8.47573 -9.68951 18.8593 -13.6733 -15.6226 5.65629 16.4394 11.7394 17.3519 -17.7432 9.90305 0.685935 -24.5481 20.4199 22.2715 5.16141 -7.12913 9.78409 15.5 -15.4025 -17.9175 9.19082 17.1063 21.2672 -22.4334 18.3958 15.2461 -24.4598 18.5131 -25.2504 -12.1995 -16.677 -6.51562 
-33.0861 -12.3198 -30.04 32.974 20.7743 -26.7669 28.338 21.2453 -23.6723 23.3731 12.9818 17.9211 -23.8284 17.5077 -16.3387 13.1645 17.4763 -23.8343 28.3528 -26.8855 -22.7414 12.7225 27.4099 16.9864 12.7194 -23.8338 15.4516 -15.5392 -26.6269 22.7611 29.5828 16.516 -13.4589 11.9709 21.4544 -19.018 
-44.2698 -19.1061 -36.9329 43.2233 27.831 -34.7478 37.6608 30.6432 -32.7343 32.1393 23.5402 30.2932 -36.2707 24.3119 -26.2703 31.9184 26.6441 -40.9583 41.9324 -31.6789 -30.2539 16.9334 31.6898 22.1636 26.6236 
-51.9756 -35.4495 -51.7871 55.0656 41.471 -44.3858 46.5319 39.7437 -41.8885 28.2094 32.455 40.6884 -51.4514 27.6248 -32.8142 39.6663 38.9886 -47.8286 43.5154 -42.4187 -45.0898 30.5704 44.65 35.4172 40.2245 -46.6571 
-61.4712 -52.6546 -57.1106 59.8954 58.5397 -56.9378 58.5183 41.9406 -65.9711 39.3422 58.8924 56.8817 -62.9047 31.8342 -45.2449 53.7335 55.3823 -54.4545 52.2982 -59.4865 -58.3012 39.4838 
-67.6276 -73.3774 -75.5493 61.3984 73.7592 -72.2464 72.7008 55.744 -78.067 58.0672 77.1525 73.0446 -73.6158 44.2746 -55.273 64.7292 62.5138 -69.0902 67.4812 -62.9252 
-73.8539 -78.3284 -86.295 78.8131 92.6597 -78.0069 85.129 74.1588 -91.58 58.7921 98.1074 83.9638 -81.6293 70.0496 -58.4553 77.6209 72.2557 -91.6388 78.1428 
-86.7139 -95.1806 -78.3836 92.9296 79.409 -82.6855 92.8841 80.5016 -99.8698 80.1581 107.55 100.214 -84.6647 82.4284 -86.2323 84.8037 80.5086 -99.673 
-93.9407 -98.6324 -122.979 113.996 113.128 -92.4083 116.097 103.825 -103.413 100.788 120.131 94.6744 -101.004 92.241 -90.1254 104.743 
-108.309 -107.434 -117.301 127.419 114.358 -113.913 122.095 103.871 -129.399 109.748 133.711 96.1359 -130.179 114.388 -111.067 120.713 88.511 
-132.755 -129.339 -138.421 152.724 112.917 -105.31 133.59 129.077 -147.198 126.867 143.223 107.047 -151.601 120.969 
-146.72 -142.535 -135.158 151.982 117.695 -104.174 125.109 135.476 -166.358 151.345 152.09 123.482 -148.718 132.447 -107.208 117.863 77.9612 -141.332 
-152.454 -147.997 -136.654 159.36 117.49 -123.18 125.626 131.751 -143.971 154.631 136.464 109.333 -146.353 143.871 
-140.533 -118.089 -135.356 155.437 92.5688 -128.148 106.993 107.515 -147.439 134.004 107.733 101.274 -133.012 127.267 
-121.685 -126.1 -107.782 122.955 95.6193 -117.627 114.607 98.0982 -108.315 115.966 88.2776 71.635 -94.9089 112.255 -94.0774 81.7038 52.834 
-111.223 -132.275 -83.3794 102.404 102.78 -83.2937 92.2202 91.0831 -106.811 130.574 82.7826 63.7611 -78.637 92.5136 -81.0315 63.1798 48.1405 -103.176 104.293 -68.3105 -82.4954 28.4527 91.1037 55.2961 77.1713 -54.8492 63.8983 -68.9745 -66.0832 78.4996 
-77.393 -97.4625 -49.8338 117.39 88.6767 -97.5768 61.4996 86.1084 -77.5662 83.0101 67.576 56.4117 -44.544 57.6998 -53.8303 68.213 50.758 -93.4118 54.9885 -49.8391 -61.0648 43.084 61.4245 50.3292 66.7531 -42.5938 67.1936 -34.3142 -61.6013 54.7615 47.3548 20.8122 -75.2515 20.9859 85.2701 -54.1909 -93.6945 49.132 52.803 91.432 -36.068 72.4869 73.8235 -74.6038 44.2803 -73.7771 -94.8058 -108.875 -69.6344 119.587 -116.661 
-28.7839 -45.0724 -45.7228 76.3036 59.1675 -63.5218 35.5345 49.087 -70.7805 65.5752 46.2962 49.3369 -41.334 54.9898 -67.6838 55.4288 24.485 -28.8522 45.332 -40.8872 -55.2896 23.5169 58.3437 23.912 24.4627 -25.986 35.0341 -10.4246 -13.5956 40.0363 0.361042 21.5861 -6.09909 30.851 40.5408 -34.8311 -43.1497 67.6493 52.195 57.729 -17.204 51.2983 47.5362 -55.8831 31.0812 -40.1951 -44.9748 -91.9668 -59.0174 50.0135 -78.5499 43.7229 35.7957 -63.4272 29.7164 -33.7738 -26.6018 23.3432 -3.59166 -5.49241 3.5247 19.985 1.33952 -23.9688 -29.7174 -20.879 -13.2179 15.6597 28.2345 8.9309 15.6803 22.9034 13.0107 -29.6752 -13.864 43.7934 35.9051 41.1076 -4.17089 23.5713 -23.921 22.5547 
-53.0553 -24.3608 -21.1917 32.9314 49.9999 -36.8556 42.7702 21.7028 -31.8169 10.7967 19.1411 17.1828 -33.5651 33.5357 -23.129 56.458 3.67565 -34.2522 37.7365 0.699263 -21.6339 24.3686 41.6003 0.477682 13.4646 -22.5844 13.0003 -18.4228 -10.7259 20.1164 22.7945 -22.6401 -38.0731 6.11758 26.4019 -28.2793 -17.8204 5.2132 13.1906 32.1516 -7.09515 57.6692 13.8427 -43.037 -8.5931 -15.5013 9.62211 -26.3237 -23.928 35.1017 -27.3541 -1.93358 35.0689 -36.9694 14.7715 -16.6561 -16.2771 3.26215 -10.8106 -20.1413 3.72312 16.6959 2.61664 -15.4682 -18.4013 -9.27205 -19.9613 2.71435 3.46158 -17.8325 24.1679 23.1286 4.10442 -16.1858 9.78718 19.3088 12.0787 16.2536 21.0299 3.46753 -20.6401 15.9445 -14.9899 16.7001 -8.04658 22.3208 6.49286 26.1738 -4.04846 15.6108 -10.6809 -27.4154 11.9962 0.500433 2.43532 -17.8859 1.414 16.3386 -8.82589 -19.5621 -0.0646818 -20.6238 12.818 -11.2724 16.912 -2.55231 -22.9164 5.30394 -8.06566 9.69539 -17.4778 -1.25287 -12.8823 6.09372 13.5917 -0.135402 -16.1032 6.43651 6.63732 -6.7924 -7.08352 8.0884 2.12931 -19.5839 4.51212 1.72883 -3.56181 1.88386 -0.2866 16.6483 7.24987 -30.5188 1.0253 28.0362 -38.2966 12.1381 -24.7261 -5.81498 -32.6725 3.17037 7.99348 22.877 -3.76935 9.01863 27.9517 21.5893 -4.01548 21.1491 -12.3826 12.2847 -10.5412 -17.5719 31.5714 -9.24626 -13.9476 
-32.5479 -14.059 -13.287 15.9485 31.3115 -8.89021 27.4353 6.78562 -27.9092 20.1694 7.93333 14.0773 -10.9212 23.1236 -12.2544 4.11417 6.52367 -37.4327 8.31681 -16.4436 -14.7536 12.6681 17.4471 13.1691 5.52722 -19.9185 10.0655 3.69192 0.279154 16.1042 9.47452 20.6889 5.10844 -6.59836 13.4033 -4.35208 -23.0572 -2.55004 18.162 11.1426 -11.6506 10.7304 2.00866 -0.425966 -2.8441 -16.7008 -14.0719 -34.422 -11.1931 12.3159 -29.477 -12.2285 14.5197 -2.17506 8.13477 -1.58483 -8.99767 7.76174 -15.4404 1.7155 14.0344 8.652 6.38626 -5.93419 -0.466666 -17.0796 -17.3103 11.5415 19.4923 -5.42923 7.82037 3.44192 15.0445 -5.88704 1.25218 11.6475 9.74337 5.05281 11.0063 1.36891 -13.9095 -0.1224 -8.02774 14.7763 3.67959 18.9262 2.93578 21.4944 -19.4216 20.3001 4.54576 -18.1763 2.90064 2.71242 -3.85874 -13.5981 -10.76 -9.62581 9.61862 -1.35819 9.64727 -8.57868 0.607493 -8.31703 13.2483 2.51329 -9.22195 10.1974 -5.83818 4.2658 -14.9511 -8.02727 -4.52006 -6.30953 14.5568 -5.58418 -13.2064 7.96365 7.59627 -3.50292 -4.25604 9.49852 -15.1246 -15.7128 2.71325 -3.26987 0.184805 10.2716 7.51329 3.30043 10.2776 -15.2017 6.92932 14.9695 -10.1633 -7.72862 -18.3135 -11.3986 -14.1222 -9.41885 5.2585 17.9861 -13.2477 -0.0681147 10.1343 9.9849 -0.85218 12.6311 0.578581 7.42181 -4.70265 -10.52 15.0195 -4.65952 -5.72003 -9.15852 -5.37078 -13.8271 -0.323492 -11.7093 -18.4987 -1.40029 -12.2664 -10.8804 1.40889 -4.50925 -12.828 12.4417 -15.8154 3.78854 -20.4823 -3.75945 0.0718519 -7.97292 11.4731 -1.05333 15.3643 4.67565 -3.14007 13.3883 5.54065 2.76193 -4.83756 -5.99175 -5.23718 -16.4925 8.25456 -8.26053 7.63782 2.41247 -0.233913 -9.88854 14.2787 -3.57273 7.11394 1.84934 -11.9271 5.59611 -15.7441 11.3333 4.76577 -6.89705 -3.22202 4.23452 -1.74585 -8.82886 22.1255 -12.41 -1.76797 0.814955 11.5414 -11.4162 -12.7201 18.5511 
-9.7318 -10.2633 -3.20549 15.2985 11.3917 -18.4797 9.181 12.1139 -16.8325 17.2482 11.2979 9.43316 -12.6415 3.84661 -26.3414 11.3474 -8.36764 -12.7731 1.01061 -0.420818 -1.74729 0.434689 18.3718 -5.74053 10.8106 -11.2736 5.9645 -0.98066 -0.982142 15.2839 6.49946 5.99021 -1.96223 15.2763 -0.0852829 -4.09553 -11.971 6.72836 0.356841 8.9918 -1.62264 9.52053 7.09874 -4.87713 4.04401 -2.8743 -7.52469 -4.66081 -17.0578 8.23051 -19.2018 3.54084 19.5302 -4.06974 4.3165 -9.43946 2.90226 4.05709 -19.3823 -2.2985 3.26407 10.5626 4.38019 -5.66535 -2.30894 -6.46129 -9.38574 4.93789 5.91881 -0.114064 7.50278 2.00614 7.60926 -3.95237 9.22028 4.10491 6.01168 10.8801 0.107927 6.797 -2.23674 2.43106 -2.26919 2.90063 3.60981 -2.44829 7.99507 9.04747 -6.50591 10.8279 -9.8778 -9.65203 2.03509 -9.2758 -3.82814 -10.7528 11.5185 3.98544 -2.96688 -3.84295 4.55358 -0.905333 -2.88971 -3.43622 5.25196 2.77815 -3.96502 -4.70585 -0.302057 1.27047 0.692224 2.06938 -4.03362 -0.503622 -3.07776 -3.28304 -8.87338 5.48624 1.42033 -11.101 -5.17934 9.3404 -4.02921 -11.6006 11.5712 -0.279876 -6.22297 5.52971 7.83655 1.78026 13.6957 -8.19792 8.73767 9.48326 -0.724044 -0.504953 -13.0476 -9.42634 -9.16462 -10.2442 4.28137 18.7987 -12.0502 4.38551 15.2896 4.46036 -3.98279 -4.15138 -12.279 3.94556 -4.37001 -6.42147 8.45902 -3.48015 -8.33407 -0.385813 -3.7056 -12.0921 -5.04864 -9.96195 7.36744 -0.189535 1.80566 -7.08794 4.09086 -1.51729 -3.39863 14.0191 -0.713334 14.2773 -18.6147 -7.69251 -11.3082 -12.4665 0.915647 
-25.0555 -8.31207 -10.3413 18.1477 11.2289 1.78767 5.74888 15.2179 -11.454 7.18397 7.2802 0.319651 -13.8821 5.23356 -8.19065 0.379848 2.52491 -11.3405 13.4535 -7.69872 -5.65262 2.04726 5.58624 11.8218 7.14346 -9.06179 0.508302 -0.306066 -7.22396 3.12689 13.9763 6.86297 3.07514 3.31432 4.93037 -5.01431 -17.9621 12.6164 14.6762 19.5305 -13.1531 6.63119 3.94639 -5.11844 7.36032 -4.31315 -9.08686 -12.2536 -5.9571 18.0768 -14.5049 6.83975 9.46821 -4.68054 3.69701 -1.10543 -7.94951 0.91922 -13.7999 2.32596 2.55536 2.66541 6.62559 -4.98203 -2.18742 -4.16396 -3.91266 7.7678 6.87448 -5.97356 3.3237 -0.00858066 13.201 -7.09885 6.51258 2.08433 4.74553 -0.692891 -0.0376383 7.50525 -4.67502 0.305592 0.327747 7.4134 -2.61341 2.27909 3.62444 0.671213 -1.56112 12.8095 0.660268 -10.3365 2.66749 -4.96217 -3.26581 -13.7997 7.78032 -0.897855 3.06199 -3.35328 3.35221 -2.95749 -2.15639 -3.51506 4.12477 -1.60197 -2.69263 0.477032 -1.51648 6.43063 -7.71653 4.15078 -7.57617 -1.0463 7.82234 -1.70549 -5.40016 7.1637 1.09269 -6.15061 -4.45197 5.5091 -4.1805 -8.19366 9.70188 1.47571 -4.95955 7.15895 6.11228 4.82727 8.69833 -10.4524 8.58124 
-15.3123 -11.0736 -16.9031 9.21959 11.0257 -13.408 16.1864 7.36749 -14.736 10.8105 5.74289 10.2848 -11.2878 6.29176 -7.84288 11.0445 8.4611 -12.467 16.9317 -9.77027 -8.87867 2.58189 13.9291 2.22395 11.1385 -13.2332 8.31375 3.48144 -12.7995 6.74136 12.1751 5.33534 -3.96401 1.62727 10.7217 -10.9478 -14.199 7.52811 11.0244 18.195 -13.3594 7.07665 8.11993 -15.2391 21.0436 -5.73268 -7.73274 -10.3572 -2.78425 19.4678 -24.235 7.93529 8.42184 -8.3251 5.42932 -4.98569 -4.02764 1.62265 -11.3588 -0.21932 11.8876 9.32127 4.23345 -5.85049 -3.80909 -4.46553 1.20461 10.7409 7.8017 -10.2878 3.35535 -2.91361 10.0968 -6.56646 7.50285 7.95253 5.55513 6.87551 0.831784 4.28397 -4.35472 -0.140825 -5.34032 6.04881 -3.3149 5.89126 
-28.3165 -12.1529 -14.702 18.5242 18.0308 -19.1423 15.7683 9.87074 -16.0219 14.9622 15.2596 12.2163 -8.20817 12.4714 -13.8654 16.2647 12.5301 -14.7777 18.8014 -9.99199 -15.2866 10.1473 17.2933 12.1751 13.7126 -20.1601 8.15583 -3.95506 -20.7887 15.4774 12.0816 9.37141 -8.25291 9.55659 17.0373 -14.0691 -19.4539 12.4396 18.3113 15.8803 -21.9328 16.3492 15.7637 -25.0354 13.0873 -17.1997 -19.435 -15.9417 -7.56802 27.1026 -30.2933 12.3183 20.4813 -12.4814 9.21465 -5.3187 -10.0128 1.67901 -19.2134 -2.31761 6.83599 
-31.7815 -9.04492 -27.7256 20.1383 19.3636 -23.181 21.6099 23.3712 -23.8509 22.5696 17.2171 27.1471 -24.4583 18.7014 -24.6632 22.3011 16.6538 -16.781 17.8672 -22.6934 -14.5178 8.6112 25.5688 20.8587 18.109 -25.1727 11.1497 -7.61978 -28.9504 21.4385 26.133 13.9516 -9.99831 
-45.7251 -22.5364 -33.282 44.8282 29.4711 -31.4683 32.8672 25.6091 -27.7656 27.2792 28.7744 28.0425 -34.7442 27.4845 -29.0285 29.8016 31.3744 -37.1815 41.5957 -29.4881 -32.7528 17.9952 32.0779 23.8435 23.7594 -33.6228 12.8307 -20.0582 -37.1968 23.9756 
