-0.908069 12.0815 0.573811 -10.9983 7.14075 -5.40993 6.34188 -13.016 10.6014 -6.87528 -9.48692 11.6585 12.638 7.6549 10.0753 -8.53033 5.92972 7.40879 8.76142 -10.0763 -8.63307 7.35672 -14.8841 16.9875 3.50361 -7.01295 -9.34547 -6.12939 13.7874 -5.74271 -5.23406 2.72878 3.65515 -9.83103 6.24378 11.3285 -12.3166 -14.1255 -9.54542 -5.84737 -7.20958 4.75103 11.8536 8.49895 -7.84938 2.36948 6.33569 -7.77567 12.0677 6.63618 15.3199 14.3957 -1.80688 10.4667 5.80038 -0.743795 -0.931847 -3.49481 -8.34925 7.75634 -8.20655 4.2325 -4.61775 4.72819 3.93059 2.85833 11.1879 -7.75908 3.93756 -5.54029 -3.92117 3.6279 -1.6118 
-13.2475 13.5604 10.9034 -13.3419 9.27435 -11.9047 11.7116 -22.6274 14.9753 -15.9696 -17.7445 23.1903 24.0971 18.5484 11.8759 -14.5408 11.5855 10.1458 13.4164 -24.2194 -13.1562 12.5587 -24.1904 22.372 9.556 -11.9502 -14.3134 -17.2144 16.9665 -15.9304 -10.0087 6.91403 8.50803 -12.0937 15.1922 15.9079 -13.5846 -12.9126 -17.5553 -11.0617 -13.8134 10.2432 14.6618 11.1295 -14.1364 7.18309 11.9953 -5.61463 17.1198 
-28.092 20.2568 20.6216 -24.71 24.2574 -31.0282 24.5597 -31.5687 18.3293 -22.6842 -19.8481 25.6077 35.7962 23.8615 19.8981 -24.5198 21.3318 15.2257 18.2845 -28.9486 -21.9062 23.2553 
-40.9631 36.7367 33.9091 -30.1186 32.2275 -38.1965 35.2858 -34.5668 32.7759 -30.9903 -30.927 39.8601 47.3706 34.6498 33.0181 
-57.8122 48.3401 56.0571 -46.9253 44.2828 -51.3891 48.8869 -44.0075 48.968 -41.0197 -41.2003 53.8595 62.2796 51.2075 43.9626 -50.3623 48.4836 
-79.8837 60.1987 74.5272 -56.5824 53.587 -64.3901 62.4007 -67.628 67.9247 -53.48 -55.9047 69.6758 74.7232 61.1345 64.1662 -54.2648 69.1993 57.1553 
-106.456 75.097 87.8575 -79.6253 72.7371 -73.8263 77.2588 -84.4456 100.706 -76.2963 -79.5501 84.67 96.3383 71.015 95.6106 -72.1012 92.2699 71.4134 81.5182 
-125.492 96.3647 102.291 -102.359 85.923 -91.8291 95.5541 -109.94 125.939 -103.344 -116.221 107.948 120.102 93.8082 127.626 -95.2432 118.536 81.2 
-122.381 124.552 119.715 -115.929 116.207 -105.546 111.739 -123.608 139.078 -123.55 -138.066 130.905 147.016 112.532 155.642 -114.899 125.627 100.094 104.766 
-127.024 157.347 126.647 -133.172 131.002 -121.557 124.16 -143.907 173.293 -129.377 -154.631 150.465 165.237 136.839 166.947 -122.917 136.956 112.747 
-137.632 162.098 131.274 -144.415 139.651 -112.691 157.418 -146.153 151.389 -138.434 -148.11 154.341 160.516 138.101 167.726 -135.9 155.711 
-136.923 146.45 117.729 -139.458 104.887 -106.336 178.564 -133.827 169.71 -128.82 -137.12 140.472 160.776 121.57 170.676 
-108.331 145.88 112.577 -125.46 97.6936 -72.7616 173.787 -116.019 160.242 -115.463 -113.645 99.5954 146.653 102.535 165.288 -95.6658 
-103.791 136.014 112.532 -104.737 55.8809 -57.6306 150.999 -80.8842 115.242 -91.3565 -88.0515 94.6875 130.293 97.4924 105.403 -70.8624 88.1532 92.7901 94.3016 -70.2046 -113.565 116.694 -64.6413 102.306 25.342 -89.6933 -92.6039 -58.5369 73.4715 -72.8593 21.4439 32.8313 
-68.3723 80.8664 69.9932 -61.5393 66.636 -54.0243 116.639 -50.3612 61.4583 -71.3895 -59.6577 59.9224 100.321 69.0523 71.6808 -82.1996 67.552 23.872 -3.83289 -44.6736 -67.6101 102.93 -41.2518 107.775 14.629 -50.4084 -59.2403 -35.4661 57.1925 -56.3233 6.41707 16.6691 58.4878 -91.9541 51.8617 79.0724 -64.4071 -65.8206 -55.0444 -52.9807 -27.7798 31.8019 34.0003 110.155 -38.6907 91.9211 70.7668 -49.4187 99.4414 51.9534 50.1592 93.0212 36.5101 43.7704 30.4895 -22.7819 -1.00849 -26.8931 -51.0918 1.54183 -23.1986 32.1015 -18.0737 50.5631 -6.71762 53.8665 58.1543 -40.7272 10.3283 -5.39295 -29.6024 24.8321 -38.2474 30.4338 -2.74813 28.8381 11.328 19.1086 -23.9227 -4.53058 64.26 20.1568 -28.5696 28.6902 -6.00688 -37.3712 -24.1895 -8.88824 -15.855 
-23.617 45.0239 60.8654 -44.7999 57.2121 -36.3816 22.795 -36.6264 34.9805 -44.5705 -14.6137 19.5736 46.923 48.3992 50.3097 -21.8581 59.0717 -3.96902 -15.4887 -18.5257 -40.2802 50.2621 -27.634 68.1461 34.017 -25.3941 -22.3192 -21.4635 51.4825 -23.0398 6.17755 22.2456 49.6288 -39.3419 54.7414 19.2586 -31.1431 -14.2233 -63.1803 -43.0494 -20.5101 15.9643 26.5059 61.3562 -31.0315 14.7537 20.392 -21.7377 64.0561 42.4167 15.3905 40.0801 26.4444 19.852 20.0518 -16.1682 -3.2011 -4.95303 -23.4206 6.82838 -29.522 32.1811 -9.91414 34.2056 22.7818 31.4119 42.7297 -28.7575 12.3301 -11.9206 -22.0092 12.4937 -38.8333 11.0797 11.7844 12.8721 1.44003 16.0481 1.80541 10.3024 39.283 -6.19933 3.43966 15.0804 4.7127 -38.0005 -7.13391 -37.4474 -9.58657 10.8469 -5.72402 -23.0299 20.3643 29.3523 15.5284 -19.1173 6.416 -34.0943 -21.6254 -28.9257 34.0954 7.77298 1.95995 -18.3967 39.191 -22.6232 10.7998 -10.9356 -12.9655 -14.0884 -1.10542 -21.0511 0.904852 -39.0903 22.117 -9.63824 -23.9292 12.4782 -12.1628 15.1344 12.7813 -28.5299 7.99693 31.8227 -4.38794 18.4212 -15.1341 -7.53119 26.6116 8.58789 8.59336 -20.1592 -14.6068 
-9.20342 26.4259 45.3312 -24.9088 28.8829 -27.4081 10.4958 -16.832 34.3627 -31.9243 -26.6062 12.7377 12.0463 3.91567 33.7396 -16.0645 29.0369 -11.6585 40.8984 -23.7623 -24.7023 27.4358 -40.6156 19.7482 26.1349 -17.1801 -41.142 -23.103 43.6143 -28.8481 -11.6373 12.6249 8.42425 -19.264 24.868 2.00102 -2.03424 -7.90145 -28.3605 13.4944 -25.6282 24.068 19.3472 27.9584 -20.721 36.326 12.7116 -22.3368 22.3016 12.7618 25.0951 -5.92828 1.23173 2.52149 2.95492 -6.67884 -5.68834 -11.2046 -16.6279 14.7397 -31.0357 8.36152 3.68457 13.8647 -1.50942 29.2075 17.9363 -27.7622 5.21314 2.17199 -14.3351 11.8335 -9.91859 12.3037 18.5381 5.27195 3.36689 7.63518 -12.3917 16.9492 6.90657 -10.1784 -11.0415 -13.0325 -2.6753 -2.33012 -11.8925 -19.0267 2.05804 7.07581 -11.0293 -16.0285 5.87692 25.3439 11.1764 4.39873 18.1471 -10.7185 -12.4329 -19.3899 17.7774 8.04326 3.03843 1.39349 8.8607 -14.5957 2.63247 -6.78978 -13.7915 -5.43492 10.4552 -20.9728 3.13834 -5.69123 23.036 2.19973 -13.6599 -3.43615 -8.22625 12.2795 9.6175 -18.2825 8.22954 11.6717 -19.7959 17.7397 -5.1965 -2.86746 1.61936 -7.88982 5.47519 -12.6233 3.5101 -8.1158 0.214523 23.3555 -12.9052 0.696347 19.6372 2.81994 -0.0989037 -10.6438 13.3016 -12.2076 18.8698 -7.95468 -5.21774 -2.56792 0.841503 12.8867 16.1369 -5.08468 4.60246 22.9593 -14.9982 16.0853 -1.06909 -13.1276 11.0575 -6.63822 13.5874 -14.97 4.61381 27.0875 -2.05976 -15.5092 3.72944 10.0291 13.5791 -12.0961 -10.8922 -2.27816 22.1912 -11.7374 -8.30615 3.92122 15.4291 11.3748 -4.56582 19.2741 -1.08972 3.08474 -11.5674 -4.71731 -4.55747 14.631 13.3138 15.0544 -15.9635 -7.23507 -4.95954 -2.04981 
-0.0421609 15.8924 18.6896 0.4472 2.38767 -7.42594 25.5442 -13.5734 21.7802 -3.08839 -12.7783 18.9998 13.6992 10.0076 8.99877 0.724068 28.4264 -3.17237 13.3655 -7.18849 -4.0377 18.7913 -31.2828 4.83719 3.634 2.62541 -20.1746 -10.2459 -6.56644 -9.58013 -11.2436 -1.43107 8.18461 -24.6993 8.78021 14.9066 -9.65191 -10.5689 -17.2627 -2.56787 -11.3296 8.81634 9.2974 -0.574603 -5.28814 15.0487 0.315452 -13.1958 12.2552 3.72472 7.80614 9.67005 -1.32517 14.5649 4.71833 -5.40662 -8.64677 -8.92544 -13.2052 11.5392 -11.0188 8.85016 -0.013794 12.0133 -0.519562 2.73353 11.0055 -22.092 2.40862 -2.44776 -7.14474 5.19232 15.2658 9.07708 5.11842 1.56239 -0.753656 5.43363 6.03339 4.48651 3.61015 -6.96712 -16.258 4.53366 9.38594 -14.3137 -1.48997 3.69576 3.37764 0.525212 -0.994452 -6.11941 3.67967 3.67506 6.27901 6.76743 5.93255 -7.91711 -3.65475 -7.04049 20.9065 7.19799 2.86384 -5.0254 6.75901 -4.87317 7.21905 2.20856 0.110452 -10.9515 2.88216 -4.12102 5.4717 0.391653 22.8126 4.06016 -11.5068 4.13523 5.96332 7.2764 9.2263 -16.3428 4.33628 7.24426 -4.54835 10.3441 -12.5162 -3.58287 4.8928 2.49002 8.52605 -9.70635 5.69153 3.27834 -2.31876 17.9231 -3.00608 4.11343 -0.369678 -3.86699 -21.2257 0.91846 13.4995 -4.79423 10.6389 3.66193 -1.90068 8.60512 8.69232 1.70742 9.00241 2.69363 21.2956 -3.90239 -7.12424 6.28069 -2.14418 -4.15 9.1562 -14.038 17.4196 -7.87236 -0.538737 3.1402 -2.31061 -12.3836 -1.06251 10.7988 6.81884 -9.57031 -16.8922 3.09051 6.14594 -14.4246 -11.9394 16.7278 -0.802683 16.5233 -8.43222 8.59119 -6.42862 2.04748 -6.22725 10.9916 -1.36013 13.1864 -10.4409 10.8951 -11.9024 -8.63582 -7.49214 -5.57461 -1.51735 -5.20947 -0.678982 -2.37949 14.6052 0.857752 -5.09507 6.58037 -3.59579 1.6875 5.35502 4.63478 -5.69827 12.8369 8.68554 
-1.93132 7.84094 1.36621 -23.4156 10.2597 -11.9623 6.26263 -17.5133 4.69086 -4.13596 -11.9398 6.78196 13.8376 11.8548 12.2186 -12.48 6.23189 4.03829 13.8495 -0.037379 -17.3091 7.14462 -8.7281 18.5986 -3.81164 -23.0326 -6.78004 3.1245 12.7646 0.544876 -0.186845 4.50765 6.25869 -2.15622 2.67812 7.06852 -6.45348 -3.78802 -7.85191 -2.74365 -19.7753 7.95847 19.6401 6.63666 -10.7726 9.02673 7.25336 -2.02494 3.85982 4.73597 15.5128 9.46641 2.72105 2.78694 2.65945 -5.47929 -8.53784 -8.09514 -8.38051 5.52326 -7.26308 0.0884502 -4.01655 4.94963 12.134 2.32118 9.30395 -15.1651 -0.604711 -0.621372 -1.28311 4.6736 0.580468 8.2278 3.31284 3.06042 -6.26929 7.94939 -0.41826 10.2254 5.47521 -8.9126 -9.5488 5.89924 -2.70533 -13.3385 -1.75518 -8.3027 -4.25376 4.0048 -5.187 -1.93458 3.00456 5.96768 1.60425 -6.80633 4.37609 -7.09291 -8.99735 0.197982 9.25107 11.441 3.95381 -6.79474 6.57116 -0.856183 0.496569 -3.84498 2.55977 -4.87227 -3.64681 4.79215 5.28237 -14.1517 12.8264 3.37308 -3.2157 1.53151 5.52309 0.51248 7.19713 -5.72442 -2.21863 11.2901 -7.13681 1.00815 -5.25455 -1.59766 2.82543 -0.506395 11.587 -3.54083 2.4442 3.89073 -2.35738 8.1944 -11.437 11.245 -0.261136 0.415588 -9.91914 -1.86507 12.5125 -4.57304 5.21585 0.609773 -4.70855 3.18896 -2.20281 2.45243 15.1655 -6.54925 5.74032 7.41117 -6.12623 0.349226 8.90442 0.161005 10.2009 -7.11542 3.0167 -1.31238 1.68216 -0.966915 -2.58337 -5.32663 3.72517 5.98715 -0.459102 
-12.9061 12.8389 0.627421 -8.60339 14.5466 -5.90629 2.65158 -11.9151 8.66387 -12.2515 -14.7812 15.1975 7.06619 8.25747 3.96428 -6.93442 7.14701 6.31661 9.1137 -10.6683 -11.1086 1.61595 -15.5891 14.203 6.18837 -10.9079 -3.79685 -6.41321 19.2983 -11.7779 -13.0764 3.26574 1.51855 -8.55985 2.61727 8.41896 -5.25152 -20.9006 -2.6193 -11.549 -8.35771 1.18981 14.9169 7.02296 -11.8614 7.13252 2.26406 -6.69965 13.2193 5.63027 13.998 7.51491 5.97077 11.2096 1.64776 -5.29864 -6.69784 -0.805797 -9.13468 12.1549 -8.73202 -2.23879 -2.97528 6.49258 2.34186 3.58563 9.99937 -5.60788 2.54681 -9.65758 -1.6904 3.43421 -2.25156 8.16262 4.22364 2.49145 -6.60132 4.56759 -4.74801 3.83413 6.84386 -5.77777 -1.19062 2.98626 5.33197 -8.86013 -0.0195564 -10.4561 -7.862 8.88931 -7.9254 -4.31794 2.5833 4.17921 2.83755 4.14289 4.06573 -2.57063 -4.48283 -10.1315 13.4386 7.40932 10.4318 -5.39166 4.71911 -6.0148 1.15779 1.41879 -1.65528 -8.8311 0.583665 -5.59418 -0.510052 -1.48854 9.18082 4.12951 
-0.913729 17.3135 6.32411 -9.27689 6.10591 -12.6229 5.40934 -17.2238 10.4695 -9.19805 -5.87063 10.297 14.0676 7.49792 10.3983 -14.8351 6.02561 7.20372 9.18763 -9.55947 -7.88742 4.45451 -18.0224 14.8634 7.4322 -12.5882 -10.5195 -10.4068 13.9791 -9.79471 -3.00113 5.60298 6.34195 -10.5861 10.5106 15.0412 -9.19543 -13.4927 -10.5328 -6.60134 -10.0676 8.75308 11.8292 7.25871 -16.0635 7.7866 6.00199 -2.52221 15.084 4.83081 15.3751 20.2398 5.84024 13.1119 6.67514 -3.98817 -4.8551 -2.25735 -10.6252 8.08594 -7.29494 8.79204 -4.80458 4.29109 5.57641 4.81404 12.434 -4.79147 0.574566 -4.18009 -7.34157 1.47669 -4.90647 6.36028 7.28545 1.37223 -4.86557 5.291 -6.59801 6.00732 
-16.3008 9.74583 18.9464 -14.2338 5.60282 -10.8598 9.16105 -16.1211 15.025 -18.6727 -18.682 20.3093 29.9305 18.6287 14.747 -9.75178 8.64841 10.5132 16.9631 -30.0757 -15.9826 9.40555 -24.2333 18.8644 17.0622 -16.9871 -14.6431 -12.2901 9.5086 -14.3927 -5.84464 9.16749 5.68897 -15.9052 19.1479 15.4318 -11.9832 -20.3123 -20.8771 -9.13941 -13.0658 13.2327 12.5893 12.3575 -14.7652 3.17172 12.6176 -15.7998 23.5075 
-28.9534 21.9259 16.1811 -25.9283 16.5943 -25.4882 21.5293 -24.284 23.3192 -24.2788 -20.9809 32.3949 32.8711 18.0376 16.9693 -18.9003 19.0106 18.0044 21.1713 -27.2434 -26.1603 23.8105 -30.7251 28.3748 15.4985 -20.9722 -26.0466 
-44.2728 36.0369 27.1215 -38.5413 29.1634 -41.9017 29.0901 -35.7943 32.0987 -30.9723 -31.8998 42.297 44.5544 39.0527 30.7594 -33.0249 31.7361 19.4422 23.8708 -35.3523 -25.5212 33.1264 
-54.8001 47.3842 51.9426 -50.4407 45.5993 -54.8859 43.6017 -40.0022 42.9513 -37.073 -41.47 53.2333 59.9845 45.8949 49.6265 -40.1034 46.9155 
-73.3815 60.9132 64.1984 -56.755 47.923 -65.1843 59.3006 -75.8006 69.7474 -50.9688 -53.5123 75.61 78.3909 50.429 70.4804 -59.4254 74.0737 
-100.472 70.5855 88.3676 -74.3864 71.6579 -66.3105 68.4424 -77.7316 90.9453 -76.3449 -84.6892 90.9027 93.7587 63.7223 90.0222 -70.3546 88.2377 77.1269 
-113.826 90.4662 99.7808 -102.55 96.8106 -89.7723 92.9124 -100.382 118.261 -95.6901 -104.303 103.859 125.481 87.5074 118.209 -91.1486 113.334 77.8963 
-130.898 113.913 114.27 -107.005 115.078 -102.445 101.604 -121.002 140.495 -122.249 -134.867 120.505 144.181 105.799 141.649 -100.345 122.579 95.8864 99.064 -108.507 
-133.839 152.6 112.701 -129.26 126.501 -117.803 130.31 -129.218 161.779 -124.003 -156.438 143.305 150.36 127.429 161.418 -123.589 136.884 113.24 113.468 
-125.612 162.162 122.85 -138.031 130.53 -119.851 144.064 -134.817 155.835 -138.148 -155.316 149.462 163.073 121.675 158.92 -126.307 134.936 95.6119 
-125.546 150.569 109.285 -141.122 107.406 -105.998 174.056 -136.79 156.233 -122.301 -134.967 141.302 165.029 132.218 164.367 
-100.783 128.659 112.865 -129.825 93.111 -82.2478 169.739 -115.944 138.375 -110.677 -121.37 110.326 132.311 120.691 130.45 -92.5398 134.932 83.2463 86.2943 -87.5545 -147.159 124.05 
-87.1704 116.924 91.4843 -93.0646 40.0294 -60.9707 138.329 -80.279 114.573 -74.177 -79.227 84.5297 107.047 83.3338 113.423 -84.123 119.865 74.2572 40.2966 -73.5124 -107.418 85.3286 -28.7381 102.736 0.847666 -89.8113 -67.1675 -44.6165 77.3045 -76.3071 1.49092 29.1446 87.8023 -114.457 104.574 92.6656 -57.8258 
-46.0963 65.7858 69.2539 -60.4168 36.3451 -55.5005 91.1633 -46.6944 67.3139 -45.9589 -50.0263 41.3502 77.8594 48.5893 83.2852 -59.3331 72.2989 34.1575 45.2331 -36.0636 -60.3536 66.8779 -57.3917 74.7476 32.9838 -67.436 -56.5902 -43.1118 55.2828 -42.0529 0.108997 38.0504 56.6824 -73.4209 63.2405 75.286 -26.5325 -70.076 -61.2154 -43.7103 -29.3976 47.3054 40.5757 98.5562 -23.758 66.5867 36.6165 -50.4607 82.6851 41.4352 52.148 43.5266 22.6518 72.5078 24.5648 -9.19631 1.4364 -22.3505 -45.8762 16.7689 -20.2251 34.9924 2.82289 29.7577 0.827955 29.3104 47.5912 -40.4591 4.04214 4.59191 -33.4912 19.8167 -28.489 17.1262 4.45889 32.9051 18.4783 36.7885 -24.8024 -6.52183 53.6475 19.6564 -27.7278 23.2777 
-33.1851 44.938 10.2776 -20.7159 50.0434 -31.4725 36.8863 -12.2397 26.4149 -28.2121 -16.1249 27.6617 36.9383 20.5243 20.4413 -49.1372 28.7666 11.1524 27.4877 -41.615 -37.9029 57.7885 -44.4322 46.6575 37.2705 -69.5733 -55.0711 -56.1518 22.3582 -26.3092 9.15541 29.3128 33.9307 -21.3637 32.7392 17.3359 -2.3334 -15.3828 -57.3162 -40.2259 -34.1163 27.2532 40.732 52.2644 -15.5627 17.4825 11.845 -16.578 -6.25678 17.4983 29.3203 0.714706 13.0798 11.0628 23.0266 4.85125 5.68039 -5.53869 -33.8455 19.381 -30.0962 22.8861 1.53601 17.3375 -1.78063 33.0171 21.4259 -4.33569 7.37972 -19.1954 -26.0253 17.7233 -12.6507 11.4923 -10.1793 15.3445 -1.1374 9.99769 -8.40513 1.18139 39.7198 -13.1657 -27.3926 19.069 6.91059 -31.6085 -20.3731 -24.5694 -16.3173 0.0959201 -13.6087 -27.0509 4.81109 4.25032 17.5246 3.12304 5.11301 -26.7349 -16.9358 -13.0625 25.1748 5.27475 17.6937 -9.5508 21.9751 -10.8845 10.5975 -12.5492 -11.7414 -14.848 -8.05249 -18.3078 -5.86547 -36.739 
-13.9987 12.0497 13.7359 -25.9605 20.352 -16.8135 8.866 -20.6358 20.1769 -35.2648 -17.837 15.9439 11.3706 13.2537 27.9036 -34.3379 26.4764 -0.022324 22.4729 -42.6458 -32.7933 50.3156 -35.5279 44.6927 23.8579 -2.29615 -20.2242 -10.6538 15.3924 -20.4925 -12.1723 9.17625 15.6526 -34.7632 12.6591 14.8167 -51.0578 -7.87951 -13.5692 -11.0894 -29.002 14.7448 16.6949 28.4633 -16.211 8.6096 21.9027 -8.54962 17.4529 2.80257 17.8598 0.284778 10.2133 19.2725 14.6426 -1.27651 -11.7658 -1.19551 -24.803 13.0989 -6.40707 16.4229 -9.09255 10.611 4.94586 15.0984 18.7039 -5.77199 17.0708 -13.2529 -3.62091 7.45621 -0.540351 28.4181 14.0969 -8.45349 6.83286 1.86067 2.717 13.4688 20.2119 -11.8946 -10.9121 10.4397 9.2021 -22.0803 -1.48377 -10.1353 -16.6436 8.26435 -15.7814 -12.5175 17.5726 16.6766 -0.958376 5.04588 19.249 -5.19091 -20.8991 -10.99 19.3163 14.1303 9.96526 -19.1248 16.9982 -13.996 2.21329 -5.41576 -14.7814 -15.3102 3.29775 -11.042 -1.44897 -10.8709 14.2407 -0.809383 -15.0321 11.8063 6.14509 13.8148 8.51084 -21.9586 -0.496047 4.95804 -12.9766 6.6143 -11.6322 -5.31316 9.54327 -12.2221 7.82329 -11.2147 3.0821 8.91108 -0.889148 15.5977 -11.5264 7.35754 9.80222 -5.47608 -4.04352 -8.84264 11.1652 -10.1365 4.37935 7.26969 -9.00055 1.47182 -13.1473 10.9082 15.3251 -5.07412 13.8581 23.207 
8.28326 18.574 11.2798 -21.1755 11.2916 -4.1616 7.72538 -22.4153 9.37509 -14.7396 4.73959 11.3019 17.9661 8.91376 15.5198 -3.53095 9.22807 0.282921 16.1952 -21.9277 -21.3556 3.35671 -17.6038 38.7715 8.48765 5.75014 -20.7066 -2.41368 5.91564 -2.97963 -10.3437 13.6873 -5.29708 -16.9487 15.8375 15.6566 -11.279 -1.13296 -13.8196 -3.90888 -15.0466 9.02206 6.36792 6.57715 -17.4463 7.82937 27.4869 -19.0918 12.3871 16.1746 30.787 14.4752 -4.33901 -0.708161 1.17004 -0.0747545 -11.3752 -3.59513 -21.615 12.7237 -2.93077 8.28641 -3.01726 9.99982 2.88516 3.77937 12.587 -12.0943 5.09107 -2.31013 -4.90317 8.65491 -3.78483 7.5191 2.12583 4.72941 4.40245 6.7364 -5.89081 8.70725 9.97965 -12.1703 -3.95845 -1.45929 -1.65043 -17.2876 -10.0504 0.617065 -3.36663 10.5705 -12.3346 0.00139493 6.71889 -0.119787 11.1948 1.98636 11.9542 -7.23485 -15.1794 -17.5901 14.0265 4.77395 8.73284 -3.42952 -5.33372 -3.46851 4.49981 -6.19435 -4.67947 -9.09033 -1.15258 -5.65652 6.5907 -8.59985 24.1158 1.7208 -3.83478 4.16993 -9.09698 4.22483 8.52717 -7.22233 1.56874 10.1883 -11.7832 8.17344 -21.641 -4.95951 -7.44509 -3.73401 10.8962 -5.74706 0.456321 4.99387 -0.0453625 3.64999 -6.44715 16.699 
-17.1184 16.8962 13.5695 -6.59382 7.40079 -7.37041 11.8286 -11.6407 17.4465 -15.3441 -15.0334 21.6833 18.9447 10.6734 6.46085 2.6569 15.9798 14.1974 11.6977 -21.178 -19.1113 7.00253 -20.1086 17.043 20.0091 -17.7725 -9.78591 -21.955 10.588 -9.03777 -7.19118 4.14095 6.20916 -12.1328 6.59848 13.049 -2.21407 -13.2418 -13.3093 -4.56209 -3.13018 4.51363 5.2349 9.93862 -2.67215 -2.81867 10.3402 -16.7963 8.54634 12.8785 11.9367 14.6897 0.187852 21.7628 2.99224 -5.27994 -3.27328 -4.65702 -11.5545 10.4046 -6.69711 6.39965 -5.69013 8.62261 2.35624 3.21382 12.0134 -13.2118 0.264141 -4.8609 -7.9073 7.98848 -0.348362 10.515 2.62009 0.169658 -2.81985 5.17772 -11.378 1.36913 2.10991 -14.1959 2.05162 5.30867 1.56163 -15.127 -2.75538 -9.97449 -12.4744 2.96676 -10.4727 -7.09711 2.94323 13.338 2.524 -3.89634 9.52191 -0.858784 -7.65201 -3.90744 13.136 5.43383 4.07021 -0.0935687 6.11749 -6.7009 7.0099 4.84318 -1.0284 -6.3154 0.940201 -10.4161 -4.99398 -5.57884 11.6817 2.81583 -6.83823 11.1536 -3.49191 -0.181782 1.88692 -6.17263 -0.663849 13.051 -9.15938 4.49678 -14.8719 -8.83622 8.81381 3.88394 6.87921 
-7.88745 17.3683 10.7613 -13.6203 2.40243 -15.1579 11.8935 -19.0149 10.377 -14.3218 -15.9408 16.2063 18.5903 4.80378 10.8811 -19.2826 9.92429 15.0529 5.56866 -12.6545 -11.8764 19.4314 -11.0523 23.8896 4.85391 -14.4248 -0.938924 -8.6436 20.3956 -13.5043 -9.34047 3.01911 4.87811 -14.8033 14.2687 12.6195 -8.87232 -19.8534 -6.3779 -3.62988 -11.97 -2.16096 6.59454 -4.27777 -6.88592 6.12593 17.3093 -13.0487 18.3688 6.08023 14.4282 19.2103 2.38961 18.2543 5.32693 -6.12244 8.21208 -0.490627 -17.0563 9.45393 -8.28007 12.7536 -9.898 5.15203 12.277 -0.210152 12.4173 -11.4494 1.41211 -5.73257 -7.98891 4.49491 -3.49964 10.8015 4.23073 3.98999 -5.58325 4.64996 -7.74171 6.65456 2.10584 -2.38146 -4.18928 3.74983 4.55785 -3.33294 -3.91295 -9.73996 -14.4075 8.31187 -11.0921 -6.95315 1.36272 8.21565 5.56983 2.24148 7.96618 -5.40686 -8.5809 -10.4168 10.6592 5.47384 5.17456 
-13.1441 16.2017 11.6063 -18.6661 15.3402 -17.2137 7.76477 -20.0344 19.3498 -8.00085 -11.0388 22.1891 26.0473 11.1893 15.1588 -10.9837 11.3023 16.007 12.1729 -20.7452 -19.4944 16.4056 -21.3123 18.2262 10.387 -21.2172 -19.3994 -7.87252 11.6484 -16.5389 -13.7399 8.25562 4.51727 -13.5248 14.6459 9.94811 -13.2524 -11.3444 -21.611 -11.7677 -8.32673 7.07766 13.4214 11.3462 -10.029 2.0725 4.88942 -10.3699 14.2037 7.65242 13.9913 13.8554 6.02254 11.4025 3.52927 -1.56127 -7.05593 -3.29295 -6.34676 8.78674 -6.64451 6.65003 -6.51249 6.22416 2.51788 
-14.5332 20.9853 19.7039 -18.2139 9.74961 -25.1781 19.0196 -21.7635 25.5552 -12.5039 -26.2734 26.7233 26.0182 13.8552 19.3549 -18.1373 25.1159 9.80515 13.828 -22.5413 -16.2806 25.5531 -25.2425 21.8131 18.247 -11.573 -21.5734 -24.3878 23.3131 -10.4841 -15.8489 10.4781 11.0002 -17.4543 18.5016 19.3183 -12.4712 
-31.0381 23.0401 32.243 -23.5157 22.8058 -29.5683 29.7723 -32.5861 26.2956 -19.4658 -27.5091 33.7375 44.4213 36.3868 33.3537 -25.275 25.6235 20.66 24.9538 -32.4534 -27.1474 
-51.4863 40.9165 43.6659 -49.194 32.4939 -47.7524 43.606 -39.3902 47.6695 -36.9492 -31.25 43.7272 50.8343 38.924 45.4102 -34.253 36.4728 27.5009 27.4498 -44.5933 -42.6007 25.2267 
-66.8432 53.7587 62.5544 -48.681 41.5409 -56.9034 51.5267 -51.6016 61.3178 -47.7614 -51.7089 61.0464 73.3486 46.1631 61.7736 -57.1885 56.842 48.599 
-93.1938 74.08 62.1428 -68.9878 56.1384 -64.3046 64.317 -70.1975 87.9488 -74.3173 -69.4132 71.2571 78.3282 60.9022 83.9386 -59.7808 
-112.008 90.5189 94.967 -88.7436 76.1657 -84.0506 87.0168 -96.5425 102.141 -91.6429 -98.151 99.2703 106.122 81.7475 115.097 -75.9502 
-124.141 107.705 114.695 -104.969 89.6573 -94.524 100.752 -109.722 125.366 -126.03 -132.361 121.515 125.044 104.103 133.729 -94.9191 
-146.44 132.487 130.348 -117.656 120.531 -112.718 120.854 -140.068 151.178 -130.5 -135.791 128.735 147.939 129.413 
-147.391 157.304 126.87 -132.749 121.605 -109.142 142.828 -150.384 159.14 
