-6.06298 14.2871 -4.67377 -6.31611 8.80744 -6.42829 6.09561 3.26929 6.66934 -9.75008 -4.94117 -11.0595 -9.75552 -0.378917 7.0406 5.5143 2.3405 -11.8719 -7.66711 11.5764 -8.26816 5.31137 8.10269 -4.53548 11.9237 -1.19761 3.43981 5.04267 -7.21748 9.48109 1.99937 2.32346 -3.28792 6.28345 6.89497 -2.26658 0.719656 -7.75364 7.47641 -4.69536 1.4566 -14.268 -4.5932 -10.5211 -0.836267 2.41843 6.51564 -3.43548 10.0035 -3.51355 0.88388 -8.64321 9.3245 6.91202 5.11469 -6.84503 -3.23585 0.166542 -6.02878 4.64662 7.81397 7.89029 8.25639 1.22123 -6.06533 1.22221 8.69632 7.94131 -0.503304 10.529 -6.27799 -4.05241 4.60043 -10.2828 6.33399 8.08387 3.15081 -2.1496 2.3648 -3.70417 1.12156 1.49135 3.17642 -3.76467 0.519707 4.8064 -0.181778 -0.461955 1.54672 6.57533 -9.62234 -3.03381 -4.80131 -4.44474 
-8.72873 15.8355 -10.0541 -5.67476 13.3486 -12.102 11.1162 1.35403 5.10626 -14.5062 -15.5032 -10.7731 -16.1988 -5.27722 9.96926 14.4826 9.44073 -13.4852 -14.1962 13.8515 -13.0269 9.74896 15.1762 -13.779 15.2767 -9.05965 1.73237 5.81506 -10.0441 11.4252 5.73184 6.11244 -6.25142 14.7742 6.03789 -10.4168 -3.9803 -8.23111 10.5774 -5.55824 -7.77795 -16.18 -10.8303 -11.5383 -9.53505 9.16651 8.15047 -10.5937 11.4168 -11.0769 8.27788 -6.52491 11.6812 10.9985 5.88456 -6.28646 -3.82091 -4.61329 -7.69845 2.80518 9.01233 8.76002 7.53986 4.71869 -11.1399 2.0327 11.0983 12.1928 -0.218831 12.9636 -6.95642 -6.84986 7.61725 -11.2685 
-16.704 26.3504 -15.8766 -17.5167 22.5854 -21.0211 14.3946 -4.77531 21.0577 -14.4417 -20.7607 -21.2391 -23.8499 -6.89985 15.9818 19.4389 8.31943 -11.4621 -16.6759 11.2083 -16.1506 16.1614 16.1623 -22.596 21.9627 -15.6362 5.58506 22.1509 -14.8319 11.4086 6.6534 10.2366 -4.91662 19.1563 9.57042 -14.3574 -0.812628 -11.3161 17.2278 -8.48258 -15.5155 -17.5622 -9.64924 -16.4493 -16.9225 7.54419 13.0385 -11.3781 16.4522 -15.5827 
-24.6339 32.9042 -18.8215 -29.7009 22.2383 -28.2438 24.4425 -11.5252 28.348 -28.3965 -28.7217 -23.1751 -31.9727 -8.79904 17.3565 22.1697 19.0181 -18.979 -20.7639 14.2681 -13.5999 25.7796 22.7372 -24.6529 29.2374 -23.3326 7.59718 26.3597 -30.8603 11.9866 15.9913 14.3144 -22.8725 28.5547 18.068 -20.1521 11.0874 -24.5594 
-35.3545 39.9551 -25.952 -37.3222 33.5669 -36.3019 26.4919 -14.9501 37.7523 -37.5482 -36.3539 -32.1605 -38.3833 -12.3518 25.6206 30.2683 32.1182 -30.4381 -32.0406 31.545 -24.5762 34.2789 36.7501 -32.4937 31.0068 -31.2714 3.82696 35.199 -35.9335 
-44.2371 47.8258 -32.9226 -43.6335 51.1496 -46.9941 33.8526 -24.4524 43.969 -55.5017 -49.329 -37.5505 -47.0105 -29.3341 37.5614 36.378 41.1613 -34.2728 -39.6529 43.9467 -33.6238 44.5922 45.3966 
-61.6826 56.574 -40.6366 -53.3785 56.3034 -52.3744 41.0588 -25.2477 52.5431 -66.5166 -64.6898 -64.8601 -61.2724 -48.2643 44.2842 48.6147 49.4359 -56.2431 -53.8525 52.8059 -44.0105 52.3743 53.4922 -44.5077 43.1629 -55.8767 
-67.4958 63.8928 -52.9289 -54.6964 76.7735 -68.0798 60.5728 -31.1783 63.9099 -75.4868 -87.9619 -72.6671 -75.2769 -63.2671 49.11 51.0209 44.0143 -71.231 -61.5925 77.3336 
-78.8564 78.0531 -64.6624 -71.4854 79.6582 -74.3213 79.2059 -59.5364 72.8306 -87.6363 -87.4151 -90.2658 -86.0285 -79.2914 59.8412 64.6797 57.3214 -83.485 
-103.061 104.98 -86.6142 -77.578 89.0841 -82.4138 90.406 -96.1337 79.1133 -97.7451 -106.238 -97.2158 -104.471 -87.725 71.4356 78.3213 
-111.088 114.856 -97.7649 -97.7261 110.519 -105.764 112.456 -111.094 102.327 -110.702 -126.082 -112.211 -129.055 -103.76 84.8797 
-140.69 122.429 -126.587 -99.8418 132.074 -114.895 129.921 -127.074 124.563 -118.381 -136.141 -126.329 -134.659 -117.863 
-133.686 134.354 -134.215 -118.861 120.363 -137.922 134.375 -138.294 136.415 -142.75 -154.477 -137.46 -142.845 -117.06 
-152.612 161.501 -134.841 -136.232 131.23 -146.954 148.549 -162.445 164.595 -159.489 -156.171 -156.713 -134.444 -105.477 
-155.97 162.403 -139.701 -140.722 169.552 -157.432 164.603 -177.672 189.974 -162.43 -154.478 -155.389 -159.026 -123.771 
-152.216 141.039 -152.48 -138.487 154.594 -155.006 165.18 -157.1 200.84 -155.548 -138.636 -156.434 -147.966 
-111.753 136.829 -156.365 -147.884 111.646 -151.195 126.446 -168.332 176.33 -156.483 -129.559 -159.223 -118.621 
-73.0233 100.06 -119.455 -119.389 113.058 -124.245 132.248 -148.624 141.324 -132.423 -87.1094 -152.668 -91.7201 -101.03 
-63.6555 59.4295 -104.422 -76.7844 100.868 -83.5405 82.2766 -105.978 103.255 -102.373 -85.8215 -109.409 -57.5805 -52.0689 49.7128 44.3922 74.9713 -102.29 -49.9772 101.994 -51.4072 117.691 88.8655 -140.912 74.666 -124.833 125.204 81.7918 -132.148 35.2091 100.674 
-39.2855 21.0811 -53.7812 -77.2817 43.4722 -74.7048 26.8054 -94.1901 66.2009 -59.6625 -50.7274 -84.2491 -47.3674 -19.3363 -7.67036 51.2702 57.8352 -83.5448 -33.9085 71.9184 -36.6881 82.4315 47.7967 -86.7007 43.3281 -77.1108 33.9603 70.2036 -131.886 34.5976 59.469 60.4459 -96.9057 87.8278 65.9747 -76.1789 70.9142 -82.1952 85.3062 -80.7789 -122.319 -94.6135 -22.1775 -50.5968 -40.7399 74.4101 24.919 -51.3606 78.4398 -96.8642 64.9609 -70.252 90.1732 100.044 26.1622 -43.8912 0.416487 -25.3244 -12.1939 16.883 20.145 -8.35834 52.0053 37.968 -12.0823 21.2567 -0.546072 30.6487 -38.589 56.102 -13.7552 -19.7805 37.506 -22.2117 28.7141 35.594 17.7915 -66.0563 13.6758 -47.2956 30.6065 18.4709 16.7969 -21.9879 
-9.92213 42.2216 -5.99917 -18.3558 -0.545855 -5.67925 32.0918 -46.5654 36.9574 -33.3837 -19.277 -28.7147 -16.2506 19.6035 -8.8962 -3.15125 1.38176 -15.5821 -27.2099 13.5952 -30.7977 19.2961 38.7939 -52.5434 27.1094 -48.2768 25.2437 23.1454 -47.8479 30.1758 30.0081 27.9575 -44.8458 34.291 45.9821 -33.218 45.1074 -51.6917 68.3679 -32.892 -40.6221 -33.4882 2.82143 -30.4103 14.5931 29.6477 27.9701 -10.3363 47.3639 -75.2714 36.7725 -37.9371 64.9355 70.9435 -2.46957 -35.2703 -0.273099 -20.1289 -4.75231 22.3437 19.1644 9.58059 20.2773 11.3609 -6.66405 -14.1536 -9.44655 12.1974 -8.83563 33.0428 -6.62647 -17.3612 31.3941 -4.34589 34.9498 23.7883 6.55449 -36.5259 7.1281 -14.7037 26.9769 -1.65669 7.9491 -14.4844 2.46484 16.8531 28.287 34.0825 0.507571 11.0118 -18.5397 -10.1414 -22.2113 -9.44981 7.34666 -25.2926 18.6284 26.7224 4.95171 23.471 28.1403 22.6506 -13.518 33.3192 17.6487 -18.8419 -13.3356 36.3896 -33.1114 13.0195 -7.1615 22.7478 -25.9396 -17.0267 -16.8906 8.40084 -7.69145 6.85748 -9.84759 -11.2888 10.0926 -27.6831 -6.37087 -34.1778 3.16677 34.8222 -9.52452 32.5283 -14.4141 -1.44219 43.8301 -10.1863 -15.1101 -0.264062 13.3999 12.199 -2.51077 -4.55116 3.13736 -31.5185 14.8976 -21.1299 -27.0816 10.3673 11.6468 1.86008 8.78931 8.30952 12.3366 -6.97704 19.9364 1.08414 26.1415 20.237 -9.01724 28.5148 -24.0198 -2.01366 20.5262 -30.3796 -3.13203 1.10354 -17.7035 -2.99488 -19.4622 -20.9177 -29.7024 -0.96878 -22.4284 -3.15497 22.6926 2.43642 2.02658 9.32863 0.146584 -23.7393 
-7.54655 22.1422 -16.7661 -10.3733 -3.93203 5.22635 5.47788 -20.5086 17.0918 1.26858 8.62058 -17.1809 -5.03935 1.18073 23.7701 17.9402 -13.0616 -13.4007 -20.2413 -0.182761 -24.353 33.8865 7.36074 -16.6034 18.0621 -5.33864 15.2257 -7.59651 -26.3881 11.2667 11.3678 6.77427 -3.16096 -5.89193 -12.6739 11.0973 16.0517 -22.318 -14.8071 -27.3255 -20.4887 -2.45335 -18.6243 -16.3529 -6.29649 -10.8573 6.53315 12.7273 30.9367 -3.878 8.20083 -7.62582 14.7746 41.9204 14.6104 -6.97372 16.846 -7.18419 -0.0629385 11.5724 18.3294 9.6511 1.48542 -3.60784 10.0686 2.733 8.33367 29.7803 -6.55098 19.2775 1.04511 -4.84229 18.3082 -0.39171 4.12938 3.46332 9.19911 -11.5116 -2.07425 -3.58968 -10.4399 -14.2173 1.20477 -5.82359 -4.92782 10.0886 -3.26805 1.35754 9.35969 2.15842 -8.87328 -0.0916177 -2.72273 -8.1152 -7.37121 -29.0144 12.1396 13.9023 -16.1455 8.99508 8.38199 3.72991 3.22041 0.925886 -7.51503 -2.21585 9.1363 4.38536 -6.95347 3.91504 -14.8201 9.35223 -10.4795 -14.7479 -0.61192 3.89191 3.36075 -8.08353 -10.4413 18.4557 10.6895 -5.8828 -9.92521 -0.49873 -8.88615 7.81383 -2.73188 11.4291 1.62758 -7.81738 -0.753408 5.50738 -2.28938 -0.404701 20.3875 22.2423 -14.2652 2.21144 15.7452 -8.81357 15.8204 -1.57082 -4.84207 8.14902 -2.17092 -0.412632 -3.30884 0.836499 7.86409 -12.8677 6.64621 -16.7356 13.693 1.63358 0.14437 -2.25136 -5.98801 -9.09548 10.4298 -8.65815 -5.67985 -6.88469 -3.4147 -11.1468 -4.10667 -17.8334 -22.2865 -10.7773 -19.5787 8.95959 15.5044 4.60893 15.0414 2.28472 11.0624 -21.5949 1.54353 2.46902 11.7256 -2.03298 1.78499 8.27336 -9.34966 6.1331 14.3014 4.22777 2.54201 -10.5349 -1.73632 7.17208 0.308747 2.54254 -20.2128 -1.38638 -2.58482 2.41982 -5.41242 -6.8982 23.2442 -8.44895 -4.48441 8.77182 -14.8845 -16.5605 3.16239 -7.67021 -2.94004 -19.4852 -16.844 -3.78097 2.37268 6.04525 3.10257 1.46049 -0.0438103 -4.49089 -14.7135 -13.6908 -36.2051 -36.5958 12.7473 9.96932 -1.24679 0.293401 -19.9294 -3.79786 3.43023 -19.0679 15.1863 -15.6509 14.0966 13.1437 7.99039 1.53692 -29.3925 -5.75815 -33.5519 -13.0715 -11.6414 -21.8507 7.9616 7.78121 14.4873 -34.2676 4.45433 0.77909 4.49645 5.61342 -9.10241 -9.53811 -3.91552 -2.95768 1.92152 1.75857 13.6127 21.1738 -13.498 -9.25359 3.33772 -2.59284 -15.4358 -15.9829 36.9267 -6.5494 9.89713 -7.82501 14.9646 -7.67475 -18.652 23.7078 -3.62489 3.30484 4.27819 11.5541 -0.890039 13.0183 3.54225 13.5385 10.4657 -12.5621 -2.96653 -0.756726 0.52302 -2.30636 -12.6766 5.20322 9.53804 
0.534167 5.57884 1.31397 -22.6877 5.38556 -10.1151 16.4135 -2.25577 4.12825 -5.98494 -9.01935 -8.80145 -13.2711 -8.74773 14.1913 1.09633 -13.1443 -10.6785 -1.3745 5.14248 2.01077 5.35265 3.14369 3.0255 2.04028 -12.7397 6.84446 10.1437 -16.513 11.8933 1.07891 -2.78272 1.15804 10.9376 2.67458 -8.58483 -12.4189 -6.61583 6.42365 -8.29171 3.44073 -15.4382 -2.21166 -16.0553 -4.94496 -4.34109 8.9403 -8.29849 1.50457 2.77816 0.961243 2.5574 -3.97945 -2.03763 5.42682 -7.0184 -7.44414 -1.2656 -9.41544 4.79871 6.75303 6.35966 3.2362 -1.56649 -4.20241 -0.0162531 6.01226 1.24859 -3.43023 1.53974 -6.92494 -11.8037 0.15742 -12.3755 -0.712073 3.81699 0.305863 -0.74967 -0.685044 -3.77698 5.04392 4.45025 2.47799 1.65718 -0.0913928 1.34505 11.7015 2.9158 6.50956 1.3828 -8.4458 -3.83484 -3.98914 -3.90303 9.36495 -5.63651 0.73001 0.163115 -6.52109 4.32111 0.417485 -5.07267 7.07024 -1.54971 -4.75314 -2.12388 6.96673 4.61145 -5.47856 -4.67683 -3.55449 7.82821 1.56859 -0.91467 -5.84295 -0.828713 3.3718 -2.35657 2.17402 -4.91729 9.31955 -3.0082 1.31113 -1.10296 -2.83677 11.7954 4.88187 2.09393 -1.58467 -7.47477 1.17391 -7.51717 2.879 3.44996 12.6613 5.79129 -9.00076 7.69242 3.2557 -8.17478 -2.49484 2.09984 -9.33622 4.95759 -0.7082 -1.81715 -5.04527 -4.1694 6.74059 -1.57818 3.55769 -4.25772 8.85517 6.83591 1.26774 6.16253 0.202735 -4.28769 4.43237 -5.08066 -3.66155 6.34648 -4.66581 -0.27485 -4.72376 -1.80825 -6.9688 -2.98565 -5.1986 4.82822 12.5248 4.05752 5.94079 15.8192 14.0489 -5.35674 -3.05399 8.0819 1.18832 8.82878 -1.06807 -0.283621 -4.79398 2.12359 1.04183 8.25748 2.27597 -7.72196 1.6904 -2.12245 1.74342 4.53626 -4.74926 -1.45719 -2.71123 4.42747 0.0793754 -0.157045 0.385374 -3.37041 -8.56191 14.9526 -7.18843 4.34427 -2.32876 -7.21024 -9.16684 -13.9983 0.744912 -5.69276 2.70706 1.35046 -3.58514 2.8909 -7.6757 -7.6853 6.85408 9.80588 -7.09968 -1.53065 3.69235 13.9819 18.7007 1.78192 -0.0426662 -2.02649 -3.89606 -5.43362 9.83207 -5.15482 -0.692868 -2.66493 0.238058 -26.9429 0.63581 -7.3389 -9.12295 -2.34596 2.54095 -0.49001 -18.4346 -4.32964 8.99972 -15.1657 5.39367 -1.20061 5.89342 -12.4356 -5.12202 14.306 -6.43296 13.1937 3.11734 0.96766 11.6769 12.5922 3.40561 -8.3072 2.05368 -16.845 -7.61192 -1.92705 -4.84298 -5.13116 -4.90474 -3.35876 11.7339 -2.13029 -9.74555 -0.73818 4.35265 -1.0025 -2.8106 2.27787 5.6622 -1.16071 0.741052 -1.28218 
-8.61351 3.62572 -1.26308 -2.70112 1.35121 0.781081 8.63244 -8.70553 5.26769 -6.9211 1.62179 -6.41546 -11.2656 -2.73544 3.33608 5.2094 -2.92354 -12.3211 -10.0918 11.2764 -4.41947 4.70278 11.2284 -5.63414 2.94242 -2.45504 5.89268 9.16365 -4.56178 5.60597 7.1065 -1.12341 -3.58266 2.59848 4.83091 -4.49674 -1.00519 0.0534616 -0.735712 0.943617 2.74804 -10.2334 -6.61259 -4.84188 -0.302571 -2.99725 5.06634 -4.34182 5.44282 -6.85649 5.06589 -4.78936 4.51376 7.67012 1.31577 -5.28328 -2.99097 1.20444 -5.97502 3.40706 8.05882 9.67201 8.91048 -0.417669 0.161597 0.885134 8.27054 7.79134 0.110573 8.3834 0.529885 -0.343639 8.7592 -8.69843 7.08516 3.83223 5.46596 -2.74386 -1.48808 -2.82478 2.04485 1.15822 7.39508 -6.12749 1.59262 1.48775 -1.25745 -3.99397 2.40742 5.13565 -9.97159 -2.76369 -9.19317 -3.97064 8.7673 -1.18729 -3.1045 -2.04309 -10.2822 0.383204 6.65666 -2.17318 -3.91382 4.25657 0.377251 1.30632 9.10446 2.45164 0.584475 0.492006 -5.27104 4.57335 -7.40709 -7.3487 -8.09927 2.69667 5.27565 1.42457 -1.89091 -3.73379 2.94125 -5.92836 -3.07097 2.41291 -3.51102 6.34012 4.25074 1.60403 -5.96266 -3.08764 5.94798 -0.624339 4.00109 1.66016 6.84631 2.81572 -9.62286 5.95321 3.61008 -8.13712 -0.193629 -0.566493 -4.03326 6.61969 2.00602 -3.58823 -5.82398 0.710152 5.0113 -4.24277 2.29018 -8.95217 4.54912 2.4974 -3.97785 0.687956 -1.72235 1.04082 6.258 -5.0896 5.41921 1.84804 -5.03743 -9.53431 0.191116 -3.79894 -5.0588 -6.2971 -1.79462 0.261083 10.5322 4.11855 1.95827 15.3484 5.74726 -2.0168 
-5.42421 16.8104 0.783293 -2.98443 6.15849 -3.73793 5.9791 -3.71885 4.42209 -6.41158 -6.56777 -11.5303 -13.3333 0.586213 2.58022 2.13338 2.42379 -12.9905 -10.1094 10.87 -6.5579 9.11887 13.4316 -7.66197 5.77505 -1.40561 4.64865 0.0854948 -5.95589 6.86684 -0.398441 -4.18824 -5.06661 2.64479 3.40123 -1.57963 -1.6138 -7.34621 3.69004 -3.55013 0.429753 -14.9147 -2.1773 -7.65417 -5.30964 3.21475 0.53564 -6.64399 5.52676 -6.71452 5.27901 -10.4164 5.80865 0.963813 4.13082 -7.93687 -1.86298 -1.29485 -5.51353 5.50549 8.14307 8.5839 4.71938 2.45263 -5.36992 0.867469 10.0049 7.11166 1.85965 11.625 -5.27334 -5.29859 4.64093 -8.96134 5.08688 8.05094 3.15225 -1.48289 0.996676 -2.89309 -0.493892 0.218477 5.19278 -3.35105 1.49211 2.76416 3.48902 0.798175 1.03223 5.32602 -10.8133 -4.69912 -5.36873 -4.35331 8.04316 -5.66671 5.42675 3.26456 -13.99 4.34947 6.13844 -1.11157 -1.09984 3.33071 4.9249 -4.01535 9.7135 9.73061 -2.14436 2.30748 -5.26738 0.754091 -5.45313 -3.97345 -6.76167 0.264756 4.97387 3.49896 -1.39262 -3.89846 5.66266 -9.5827 0.308433 -2.91902 -3.00348 
-11.2357 14.5157 -4.9965 -5.63398 10.4064 -10.0129 7.85519 4.60475 3.27553 -7.04602 -13.0902 -12.5415 -12.9334 -2.15828 5.41488 7.08424 4.08455 -8.01102 -14.7647 13.9075 -7.70129 5.22192 15.8931 -11.9354 12.0916 -9.74498 1.65324 7.2573 -10.1946 9.23883 1.75014 8.46738 -1.60049 9.35815 2.47613 -9.99491 -6.18774 -5.65289 8.60094 -1.89255 -5.26381 -8.86869 -8.56592 -7.69665 -8.20938 4.1705 7.57836 -7.67158 10.1379 -6.29468 2.86786 -2.38016 11.3156 5.37908 5.68601 -6.91049 -2.49879 -2.76852 -5.8226 4.28717 7.02992 4.68026 5.08508 2.06691 -7.73898 1.8361 10.3957 9.34424 -1.48775 11.5921 -8.04102 -0.994236 3.06558 -9.90163 5.62043 9.58106 3.35746 -3.88617 4.88762 -3.23945 5.18264 3.91623 3.44273 -6.3242 1.38072 4.30453 -1.31848 -2.00001 1.45736 6.15233 -9.42782 
-9.51186 17.2438 -12.2683 -9.79346 13.6507 -15.0832 8.34467 0.77173 10.5272 -12.04 -9.87306 -17.3032 -22.9647 0.596087 15.2955 16.2791 16.0305 -8.3682 -13.491 11.2375 -9.28541 5.87298 12.2959 -13.2008 15.1151 -11.1609 -1.72658 1.5858 -16.1318 10.2869 0.30464 6.24592 -3.52048 18.1618 6.5669 -10.9123 -2.62547 -6.78312 10.1503 -7.16054 -8.42923 -14.8254 -6.31343 -7.07604 -4.42616 5.26457 9.23956 -14.2268 15.1715 -8.8675 5.72929 -7.00252 4.48718 11.6482 5.68416 -8.58412 -3.27923 -1.89614 -12.4777 6.00906 9.14231 5.90723 11.0804 4.72881 -8.9358 2.67996 10.3245 10.8763 -2.25237 15.4839 -8.83223 -4.49762 6.25054 -9.69374 10.3691 8.45584 3.72346 
-17.6045 23.5044 -14.6239 -20.8083 14.7631 -20.669 15.8839 -4.25455 18.4314 -20.7502 -17.3601 -17.5503 -30.779 -12.0187 15.3316 18.2489 9.12125 -14.7986 -19.4361 13.6309 -11.6742 18.5027 21.4196 -17.1493 20.231 -18.5746 3.41695 21.3613 -14.9638 9.9197 13.4477 11.425 -14.6663 23.0027 8.89329 -10.4871 0.90829 -5.94955 12.1879 -7.23248 -16.467 -20.6614 -12.1342 -17.6537 -16.066 14.7128 7.02809 -14.5273 18.5887 -19.2602 10.5519 -9.24655 20.0442 15.9531 6.59091 -10.1021 -3.95299 -8.18661 -10.659 2.64512 10.1588 10.1398 10.1743 7.60326 -15.084 6.01073 
-23.7914 25.3596 -17.759 -26.6896 25.324 -24.3513 22.9055 -11.055 27.4504 -29.214 -28.1896 -19.7293 -32.6478 -10.1716 17.5218 21.3 22.9734 -20.0238 -22.8195 15.8049 -13.1475 24.0847 21.286 -24.9566 25.0114 -24.8847 -0.94615 22.7268 -32.2212 11.9347 14.1305 11.6992 -15.4295 21.4841 14.5456 -18.5703 7.93098 -19.9759 20.7185 -16.9146 -20.3591 -27.7152 -21.1718 -28.58 -24.5662 21.8331 27.2944 -17.8854 
-37.9064 33.4349 -23.5726 -38.0895 29.709 -35.4186 27.3516 -13.8598 36.3444 -31.5868 -36.3857 -27.8908 -36.5326 -20.9345 25.1309 29.7444 32.1849 -24.0128 -31.4657 27.2802 -22.7019 31.469 35.0444 -29.6717 33.6464 -28.9015 11.2399 35.1338 -35.4155 23.7281 18.3831 18.412 -20.5208 
-49.8689 48.3491 -35.0535 -45.9088 38.8013 -46.1394 27.3161 -15.145 43.2152 -50.9616 -49.4224 -45.7022 -48.0099 -32.1867 28.9299 33.2399 32.3118 -33.2077 -37.1457 40.2154 -31.5787 41.7648 42.0376 -35.6028 42.8872 
-55.1064 56.6282 -32.3098 -48.4185 61.6648 -56.6187 37.1524 -30.2456 50.699 -57.5775 -63.9312 -58.9865 -64.12 -44.7468 41.5112 41.7702 50.2292 -48.947 -45.0103 43.9282 -40.9046 50.5542 45.5337 -36.2509 45.6445 -60.3202 29.8965 
-60.8114 54.8584 -49.5461 -58.1203 72.2581 -62.0958 49.7133 -30.2259 58.3077 -74.3901 -82.2472 -69.4978 -69.5537 -56.9251 48.7752 48.1929 44.1026 -52.1824 -58.4124 71.3358 
-84.6903 82.3912 -61.0092 -71.0004 81.8071 -70.3146 65.6879 -56.9494 66.7634 -81.2248 -85.82 -84.4002 -81.1428 -74.7456 53.1041 
-79.9586 81.8069 -78.3068 -83.5188 78.8149 -89.0335 85.4937 -80.1058 75.5168 -96.0251 -106.495 -90.0705 -96.294 -85.3918 63.5482 
-110.157 108.811 -99.5961 -90.5988 108.79 -98.386 105.196 -90.9709 101.22 -103.488 -119.787 -107.063 -114.846 -102.137 79.3585 
-116.668 109.915 -118.779 -101.807 110.702 -107.088 116.443 -104.431 107.229 -121.103 -121.71 -125.32 -129.073 
-141.596 125.877 -135.9 -101.27 121.225 -134.2 135.382 -125.731 138.93 -139.7 -147.992 -131.408 -131.244 
-153.663 138.649 -127.324 -135.352 134.628 -123.726 136.703 -145.621 169.25 -135.897 -156.579 
-137.343 146.488 -141.151 -111.636 139.328 -135.925 158.01 -167.95 180.358 -148.903 -139.268 -139.323 -148.082 -122.527 
-123.049 151.224 -147.617 -143.445 136.047 -143.22 145.999 -153.668 181.501 -147.872 -151.635 
-116.984 148.921 -139.658 -135.438 121.217 -129.382 137.75 -158.316 165.715 -155.695 -110.168 -152.313 -124.475 -109.991 
-96.4068 68.3514 -105.228 -98.0721 132.787 -133.032 141.914 -120.097 110.969 -152.031 -103.192 -127.757 
-99.1197 61.974 -95.3059 -87.3128 79.6371 -77.812 72.6992 -89.1975 99.5828 -89.4523 -90.4432 -116.191 -66.5405 -31.9333 14.3979 43.0212 58.4423 -130.416 -31.9786 90.3123 -63.6209 104.87 85.0603 -123.605 62.3511 -122.02 111.539 
-52.6481 43.5818 -25.9346 -100.766 48.8108 -75.5816 39.1778 -72.1403 73.8941 -73.0514 -43.4935 -106.14 -33.2021 -23.5601 -4.12934 16.2815 48.8349 -43.3597 -16.2737 53.2886 -44.7794 74.7434 44.5641 -73.1013 32.731 -89.3578 32.8358 52.0755 -108.968 23.1003 61.1991 67.4861 -91.9693 57.2871 58.9545 -98.1721 67.3387 -64.912 97.533 -67.0821 -98.4991 -58.0373 -6.2341 -53.542 -48.7369 67.1018 75.7365 -24.3687 50.2267 -82.348 30.4252 -59.3144 99.2029 73.3598 20.5787 -49.2406 -6.24585 -49.45 -19.5444 22.4434 34.7404 7.20335 32.4296 52.2654 -16.075 -11.5849 -10.3767 29.0063 -31.1445 57.1646 -3.48327 -18.9587 41.6851 -9.50767 38.4343 35.4471 10.7301 -48.2428 15.3489 -48.022 30.0638 21.0338 
-31.6137 62.4784 -7.35 -47.5141 6.37423 35.1578 42.1472 -13.2755 45.2694 -55.6206 -34.4885 -20.8985 0.932236 -20.3316 13.2253 -17.6268 15.9573 -40.6033 -34.3621 26.2724 -25.4754 10.8673 27.7745 -58.8693 39.3424 -33.9992 34.268 21.1312 -60.2158 31.5277 39.821 -14.8665 -66.0089 20.3469 50.219 -21.0156 13.0583 -48.6409 39.1306 -30.5795 -35.0601 -10.2434 -29.4589 -18.7048 -24.4371 56.5188 47.6517 -38.395 45.3431 -34.479 49.0761 -52.3451 2.82826 75.6366 -9.36003 -31.1303 13.0838 -13.474 -24.1629 8.85828 27.7776 21.0381 32.9912 2.14915 -4.79225 11.9414 -21.6892 -0.975795 -15.813 40.0177 -11.3509 -13.2232 20.0336 -5.66979 22.9289 16.3907 21.7274 -24.3627 27.2326 10.961 3.23454 -3.593 13.6075 -4.97008 3.11795 22.1551 41.4347 27.4161 -12.8583 10.4409 -12.2725 8.43904 -18.6233 -5.68643 7.80288 -26.4223 17.2633 26.1265 -5.18051 33.7086 15.9642 17.1215 -16.1727 26.0143 32.0598 8.88228 10.993 32.7563 -12.2473 6.75747 -3.20063 23.1326 -19.7747 -19.5224 -18.2156 -5.68109 3.3255 14.3285 -19.0847 -12.8451 23.9726 10.6174 -11.7063 -19.3855 -4.07432 27.7309 -11.9979 27.8735 -5.62567 -2.95923 23.6936 -26.1907 8.76325 0.576853 14.0445 21.602 -2.23175 -14.0002 26.5477 -10.53 31.522 -14.5151 -16.5779 6.84122 1.9517 9.71271 8.423 0.714476 10.5217 -23.8789 21.4151 -12.5602 29.6919 32.199 -21.7282 6.95899 -31.0033 9.177 34.9377 -36.2608 5.63115 -1.73389 -25.9469 -7.5972 -16.8821 -12.1689 -11.824 -3.25004 -10.8342 24.6175 36.6411 -1.34384 25.0814 0.461335 -1.16907 -15.0413 -12.1345 
-1.18595 13.5679 10.2277 3.49335 2.79916 5.70882 9.08143 -9.53382 -14.7455 -2.00653 -8.76616 -33.0948 0.0503205 -0.113867 -10.329 -3.30434 -3.70092 -15.8159 -30.4031 -6.91382 -2.29643 9.66371 15.1524 -11.9645 10.0082 -9.04905 -8.40166 11.7439 3.8018 3.11696 1.91638 3.35362 -9.116 6.38861 7.08244 5.65718 11.259 -12.4106 -6.2269 -28.4014 13.031 -8.86304 -31.6703 -14.8546 4.0863 26.4911 7.23053 -6.25796 22.6881 9.8961 19.3044 -2.74238 16.3058 4.14848 10.932 -13.4152 0.93403 -6.46206 -13.7912 10.0884 9.96799 3.0041 13.1447 -6.12971 -7.25432 1.43174 12.2106 38.8725 7.92927 19.1739 -9.02818 -4.60447 13.0137 -16.7806 5.71975 11.0871 12.5397 13.3186 1.12497 8.44131 -0.268697 4.79818 0.323995 -5.0598 0.97075 -0.104633 0.997315 -2.59938 4.01137 -2.38672 -15.7453 -10.1863 -1.25036 0.151105 17.7493 -25.5992 6.46097 20.8363 -10.8764 2.53055 5.43091 0.895384 -8.35702 -9.65523 1.47825 0.93922 15.4821 11.8549 -15.1578 3.24428 1.38668 -4.34779 -5.64391 -19.5283 -1.16714 10.5817 4.14371 -7.538 -12.6868 9.94124 0.880763 3.90143 -7.66741 -2.72421 -1.76597 26.2243 1.39513 -1.58754 -10.9885 -12.29 10.2769 2.28144 -3.08274 9.77428 13.8673 18.4952 -13.7911 5.62342 9.61298 -6.47998 1.5455 5.59752 -7.93708 0.0429405 -14.1935 6.09478 -6.77605 -1.86478 -0.181991 -9.60459 0.974158 -3.31149 9.57977 -5.5267 1.01539 15.9583 -13.127 2.9999 1.70798 -7.77685 15.678 3.28078 1.07216 0.989328 -3.90277 -11.2233 -14.3594 0.669614 -2.41886 -1.64836 12.3378 2.63215 11.7637 12.7064 2.71734 7.11623 6.19459 -0.492458 5.01796 7.41569 5.20509 13.8337 3.84213 4.83363 1.80814 10.8801 11.6485 -9.84127 -8.92413 -2.05455 -8.40769 -6.66207 9.47469 2.92701 8.07684 -5.43094 -3.90645 -13.6691 20.2391 7.48064 -14.7879 8.73474 -9.01849 -21.3821 3.99488 -9.62495 -1.72837 -26.8449 2.24847 -28.7429 -0.323746 5.99825 -13.7917 -19.5535 1.71001 -5.85784 -2.50011 -5.22543 -13.2747 -0.802246 8.00003 -4.57815 14.9776 6.84766 -14.4926 -4.61599 -6.04019 -17.5831 5.15517 -8.54187 -10.9157 15.7854 -15.6436 -3.49295 -28.3475 18.4768 -8.09908 -15.0757 -11.7117 -29.6556 -3.44087 21.2774 2.13034 -17.6202 0.171342 -6.3848 -14.7616 9.96045 2.85441 6.08544 -1.59521 -16.5058 5.79293 -2.76602 -5.21549 -14.4111 -11.7846 -9.59441 6.21505 -1.00963 9.08269 -5.41008 21.7842 2.76657 29.7496 -20.9829 5.00479 -23.622 -29.389 9.63935 5.95996 -10.1848 -3.21063 -2.46454 10.4174 -8.95149 8.2134 0.712572 9.91055 -10.4571 -7.32398 -6.54163 11.7827 -3.97246 -14.2471 -4.40511 5.46646 -2.87287 11.4866 4.54685 -17.1112 15.0706 7.98372 10.3785 2.95156 -4.72499 0.334123 5.8807 -8.66661 9.34417 8.92373 -1.45329 9.14198 -5.06026 -7.00218 5.90919 6.3752 13.0155 10.5047 5.89948 1.76799 -10.7814 17.1071 13.9892 
-5.55014 3.39248 -1.17121 -12.4753 2.90931 -11.6235 11.4739 -3.72602 2.17108 -6.84145 -1.56685 -2.05276 -10.6433 1.38722 -2.33651 10.7031 -4.07878 -6.61399 -12.7878 5.59081 1.05337 5.69431 9.17378 -4.79364 -0.825375 -2.92704 -3.63703 7.43424 -9.63459 15.3661 8.59896 -0.875849 2.7305 2.81393 7.07841 1.03275 8.80723 -6.88494 0.188573 -5.08654 -3.34291 -2.84061 -10.7211 5.63683 -6.11601 11.0241 4.93449 1.30129 11.0108 -10.9347 -4.15414 0.45765 12.0804 3.43222 5.80706 -3.67014 -0.577784 0.280643 -6.57081 6.05711 10.2743 6.02629 -0.280134 1.01821 1.75451 -0.119752 14.9483 -3.06507 0.406215 11.3491 -1.70788 -8.37373 7.91847 -5.06508 1.1414 3.72539 1.89015 -7.43349 -4.2391 -1.86489 9.06855 3.37521 5.19142 -5.03255 0.23856 4.28742 5.79752 -0.0809727 4.68692 11.3587 -12.8168 -4.93026 -7.57159 -12.4119 8.08627 -5.83453 0.729388 1.39967 -19.0777 -0.179305 4.30545 -2.2575 0.965807 5.30908 -1.12904 -7.03062 6.28479 2.68475 2.98546 2.53583 -7.53576 -0.266064 -3.68972 -1.82579 -10.3317 1.34763 3.6739 2.43736 -0.778579 -2.41677 0.13225 -1.85091 2.79898 -0.789835 -5.47184 10.2706 -1.10111 1.18097 -2.48165 -7.91948 1.76174 -1.60886 -2.88533 2.15578 8.86515 -0.549603 -14.668 2.72351 6.32322 -5.45846 -0.641113 -2.71428 -4.55242 3.95042 -2.78641 -2.79865 0.0609204 -0.0142681 2.02992 -1.76651 -2.67181 -10.1482 2.49704 8.44304 -7.62803 0.251009 -3.40238 7.20271 1.24745 -5.19523 1.26235 2.52283 -4.66218 -7.10964 5.94871 -5.61138 -1.67762 -2.84232 4.51034 4.72714 9.6329 5.69527 -1.33546 15.1199 2.95473 -0.63646 1.14547 1.23213 4.60286 8.60673 -1.5638 4.1912 -2.43041 -3.76001 3.69098 10.5342 7.06508 -4.18137 -6.94441 2.38032 -9.41525 7.87218 -0.538731 7.62052 1.92123 2.26369 1.47137 -13.8259 8.44789 -7.2608 -14.786 5.90439 -2.3263 -6.77803 -0.587471 -8.54376 0.294768 -13.0174 -9.1131 -3.9742 -2.03717 1.18539 -1.89161 -9.08588 -2.33617 -0.814152 2.6509 8.93866 -15.5869 -2.51063 -1.50397 12.9001 -4.20251 4.04111 2.41972 -3.43843 -5.95767 -4.26489 0.7716 -4.76442 2.09164 8.05665 -0.476572 -18.7783 -6.39377 -16.0749 -10.5568 -3.5977 -4.927 -7.85216 0.853256 8.04404 5.90555 -11.9155 -2.05533 -4.15678 -3.39224 -10.4602 -8.85791 12.7019 -2.32312 5.16868 2.3836 -19.0981 
-2.29433 15.8147 -0.375222 -10.9753 4.51367 -1.50537 9.01103 -7.25751 2.79677 -3.11514 -6.20235 -9.72887 -10.6474 -0.129419 -0.286864 5.56178 0.955283 -6.36157 -8.64379 8.13912 -3.17398 2.52237 7.00577 -11.1104 4.17167 4.7138 4.62192 2.68815 -5.19907 4.47929 2.67744 3.72641 0.230017 4.51773 10.1796 0.470876 0.225106 3.21366 2.52299 -0.710659 -0.253195 -1.79447 -3.79323 -3.33067 -2.80117 -0.029627 3.42156 -4.65653 1.59861 -1.91067 3.16252 -1.71614 1.99374 0.257909 4.47649 -3.20295 -1.75357 -1.07366 -6.1232 2.96641 6.57332 5.68247 7.2256 3.58181 0.717725 0.514651 5.80433 4.7749 6.1732 10.8945 -1.02418 -0.87393 7.82285 -10.1387 8.24603 2.99407 0.637392 0.312203 1.59181 -7.68386 5.08076 1.2451 5.92977 -4.46465 -0.977105 2.30534 -4.83007 1.72326 -1.52837 6.23621 -4.772 -4.64574 -4.12231 -4.25758 11.8257 -2.97688 3.51542 -0.571203 -7.56586 0.108122 8.5608 -1.21027 -4.98311 2.15696 0.758448 -5.88712 8.43045 2.32058 -1.13053 2.15827 -1.72974 3.71569 -5.93046 -7.41033 -6.55922 2.67335 3.75228 1.5697 2.08295 -5.75015 3.72205 -2.53295 -2.98758 -4.05346 -4.04124 9.08872 -1.01709 -0.910879 -7.00101 -5.8244 6.28982 -3.55483 -1.87117 2.09396 4.82197 7.95577 -8.55171 2.26379 3.49452 -2.38769 -0.679027 4.82565 -2.84361 6.76367 0.713595 -5.99858 1.26093 -1.87164 3.05085 -0.550783 2.66607 -7.06575 7.76021 6.59347 -4.30579 1.97204 -3.67332 3.32719 4.72112 -2.00613 -1.58041 2.48864 -5.78219 -9.02569 -0.0832724 -5.63958 -9.52326 -5.18354 0.671519 1.27438 10.4271 5.02513 3.47139 9.35606 7.16585 
-4.13497 12.9736 -5.43675 0.809331 10.0747 2.63157 7.48271 -0.0269349 4.30215 -4.87463 -3.61338 -7.35672 -6.12201 0.236973 1.6806 3.89731 4.27923 -14.6163 -8.37721 8.20704 -2.5596 1.93621 7.4074 -1.85201 10.2901 -2.06661 4.66532 4.52033 -11.4167 5.19912 -4.33748 -1.83003 -3.55666 6.76293 3.2226 -7.23053 -2.27222 -6.22418 2.31475 -3.666 -1.5953 -11.2358 -3.74847 -11.1707 1.79847 6.0459 0.550338 -4.91818 8.02227 1.7482 4.0066 -5.63752 3.17322 3.76965 3.88604 -4.10194 -1.92681 -2.15293 -8.78238 5.28814 7.29343 7.73479 3.90833 2.63414 -4.35766 -1.35773 8.09957 8.81506 -0.358326 10.295 -4.58174 -1.26219 6.46982 -8.33745 7.29508 8.04562 3.50062 -1.56942 3.88512 -0.325916 -1.12685 3.3576 3.84534 -2.93796 0.999436 0.397853 2.37018 -1.19093 2.55936 8.55668 -10.1146 -4.68922 -4.67929 -5.17315 9.73214 -3.19945 3.04479 0.888443 -11.188 2.04457 9.14914 -1.06322 2.17708 4.07534 4.50013 -4.53799 9.07487 9.13014 -1.73864 -0.461738 -6.71852 1.62874 -5.37603 -3.63785 -2.95845 2.55408 2.49248 2.22925 -3.25274 -3.50576 4.81548 -5.44292 -4.46629 -1.55843 -2.56912 8.40728 1.15769 1.28072 -4.68732 -4.77352 6.73969 -2.2932 
