10.4085 -16.3705 3.83935 3.81446 11.4797 8.25387 -7.7746 -12.9131 6.05673 1.64734 3.71551 -8.16664 1.74244 -6.52463 3.11017 5.21626 -2.6424 9.46009 -7.69487 12.345 11.5764 8.03538 11.0696 11.9153 13.9315 6.36047 -6.99105 -7.91625 11.1454 2.15351 15.7159 -1.54341 -4.86814 -9.23 2.7334 -7.54606 -3.64649 -9.0134 -12.6331 10.4426 4.66674 6.76978 -5.08349 -5.18 -10.1709 -8.13696 -9.36175 -8.47745 5.23641 -8.93209 -1.86818 -3.36448 -12.2305 -10.8544 7.81298 -4.03448 -9.12547 10.1909 -8.52673 -7.29026 -1.51686 -2.2633 -3.49204 -11.2914 7.42132 -6.65156 5.66705 1.83725 1.2563 11.1445 7.18269 -5.63749 5.23317 -7.46187 4.90871 -0.125431 3.42401 6.93361 -8.57142 -5.10735 0.809695 -2.47038 -5.11462 8.30631 -1.63142 -3.90175 
16.0922 -18.6299 9.0136 3.86387 12.8544 14.5199 -14.2706 -13.4524 13.3382 3.14811 6.88244 -17.2457 9.40253 -10.2981 6.17901 20.5178 -5.27825 15.393 -16.232 9.04921 11.5158 10.7016 16.1388 15.9309 23.7068 10.4561 -9.58079 -15.0544 22.0688 6.95231 21.2185 -6.70922 -9.63695 -15.5031 7.46403 -10.1298 -8.504 -11.1002 -10.6684 13.024 12.6396 5.9015 -8.77243 -10.1851 -19.2032 -11.9504 -15.2893 -10.8212 13.8829 -12.3837 -6.88891 -3.88196 -17.4266 -13.9801 10.1857 -6.45309 
19.3085 -23.6458 17.0702 13.3104 23.9662 16.9913 -27.3012 -21.3293 18.0281 9.49898 15.3204 -22.411 16.1571 -17.3385 14.3757 28.1407 -11.2594 22.2728 -22.4876 14.4537 17.1193 14.2951 23.6837 13.6052 31.233 11.6736 -14.3493 -25.4592 31.1573 10.7706 29.3312 
25.0155 -34.0546 29.3743 26.8945 32.5099 31.0551 -39.0657 -35.5011 24.1444 20.992 23.1124 -37.2143 24.5396 -29.7616 21.617 37.4068 -21.5106 28.8451 -22.9519 20.4762 27.2642 24.9992 
39.7713 -51.8519 42.5039 41.8102 43.9169 48.8782 -56.57 -48.2131 34.4561 34.7513 41.0067 -48.0826 37.424 
43.8219 -69.1962 55.0751 55.382 51.4144 58.8986 -68.453 -67.6924 52.8911 49.6496 58.4066 -60.0233 52.7943 
70.8899 -89.8991 68.2005 71.8638 60.9088 66.0469 -83.7518 -77.6439 66.1557 70.2851 76.3255 -72.2039 71.5926 
87.2037 -105.349 87.7779 79.013 85.1553 83.899 -103.336 -94.6169 95.2549 90.341 93.9628 
97.6913 -122.347 112.939 107.747 102.336 100.864 -127.237 -117.483 118.75 112.201 118.88 
119.661 -130.65 131.437 126.643 122.603 129.989 -140.759 -149.676 141.879 132.08 
142.782 -159.916 147.829 159.951 140.758 146.714 -178.378 -171.046 169.945 152.495 160.731 
177.429 -168.393 151.499 181.444 139.212 175.147 -206.976 -207.074 194.043 176.646 188.116 -202.241 
203.934 -186.557 167.38 212.824 157.133 195.186 -231.447 -223.027 214.561 197.291 220.706 -232.171 210.6 
205.32 -188.124 171.63 217.645 162.52 211.405 -228.005 -240.839 229.865 205.566 238.993 -250.147 227.618 -224.457 
173.329 -189.589 175.612 229.317 179.208 228.016 -249.437 -235.833 224.202 194.177 249.016 -250.929 
159.538 -163.86 157.742 218.782 168.815 250.299 -238.66 -240.738 205.47 198.553 203.602 -253.346 
152.953 -137.447 3.00001e+07 181.127 146.838 227.374 -193.603 -213.351 156.575 189.654 6.00001e+07 -215.082 3.00002e+07 -215.36 251.788 224.091 
125.403 -113.996 115.583 159.147 129.361 166.346 -171.069 -173.051 167.904 141.75 187.283 -193.25 189.677 -216.346 202.06 193.276 -202.839 177.173 -3.00001e+07 154.476 169.431 172.682 
79.3934 -103.567 89.1477 113.371 112.078 124.185 -107.001 -86.7354 81.729 110.822 142.944 -117.419 176.08 -180.266 138.076 155.743 -135.955 138.06 -131.519 131.749 67.06 154.199 153.895 103.887 63.0364 68.2421 -37.8216 -75.2983 113.768 29.2809 24.9344 -107.419 -75.2647 -39.7667 46.3318 -72.669 -48.1693 -85.4914 -83.2656 103.095 110.861 45.8194 -40.5445 -50.7925 -40.0985 -93.4237 -81.3365 -90.3875 60.6354 -45.2257 -55.5702 -83.5924 -109.225 -77.2958 42.2465 
36.7989 -29.5731 63.4422 67.3373 53.5912 58.4435 -72.7606 -42.8521 32.9887 78.0976 92.4878 -58.4394 85.1832 -72.9145 24.8615 97.1483 -71.2561 51.2133 -83.3844 54.157 9.57517 128.384 39.9997 1.32127 16.0639 27.1553 -63.6362 -53.8355 56.1438 29.2798 25.3201 -33.2891 -25.9302 -2.17141 10.6667 -48.948 14.1785 -30.3642 -23.8875 31.2937 46.7273 12.3761 2.29373 -52.9799 -44.4891 -54.1652 -44.1182 -67.9542 31.658 -68.7844 -44.3676 -38.9738 -62.4327 -65.3317 33.0132 -48.7862 -52.5 -0.819742 -30.928 -16.8656 11.0565 -24.4107 -31.2167 -41.7993 16.6232 -46.5012 15.4466 -32.8818 -4.24401 10.5846 25.0996 -34.2903 28.2984 -16.0178 32.8003 13.0092 13.3849 50.6164 -11.3808 -12.6559 7.53776 -32.7414 -36.411 14.6637 -37.1914 -27.1636 50.2645 39.4884 -20.7726 8.90383 6.82667 -20.9629 -36.476 -28.9962 -5.17563 29.6547 13.9906 -20.0836 23.6433 -19.8425 -21.5638 14.1728 25.9645 -33.9777 -11.3332 -11.834 22.7087 30.4382 -49.7436 24.6226 -16.3306 -18.5293 -31.3226 9.61144 -23.1223 9.91783 4.4809 11.8158 -3.80041 -12.9154 1.50796 17.3436 -2.55653 3.42634 -6.81698 -3.79594 -14.73 -22.615 38.8504 -13.4318 17.4997 -21.5325 -17.3171 30.2123 -16.3081 -8.42079 -18.7442 -36.6403 -30.8891 -11.232 21.5021 -35.4731 -20.6946 -18.7472 14.9463 46.017 
6.3213 -9.80722 31.7038 30.9984 37.0699 19.6861 -20.3129 14.5019 3.71885 16.4479 -0.98239 -21.8236 39.249 -61.1275 -31.3588 46.7743 24.6287 -2.79892 2.35804 20.0926 -15.7625 33.0356 20.8217 2.16903 -1.05926 -7.1667 -22.5005 -8.10841 -18.4319 -12.9862 28.8753 -1.47422 -19.8978 5.51641 4.20018 1.49509 -1.0323 -38.7586 6.70616 19.0373 -6.64051 2.27565 9.54265 -7.04101 10.3575 -28.8887 -1.18809 -24.1567 28.8626 6.26749 -39.2894 -21.0402 -62.4168 -1.62671 0.464984 -9.84325 -19.3373 14.4317 -10.7532 5.24714 -0.208042 -21.5515 -14.5303 -35.5246 -0.121092 -4.21172 -10.4698 -12.6886 -8.30078 -0.821169 6.3123 -21.3071 17.6308 21.8468 8.66762 1.56253 31.1388 8.51699 -18.814 -12.4517 -8.57823 -17.0644 -5.18132 2.2064 -11.1552 -25.0189 9.58115 8.2118 -6.24979 -2.22222 -0.776661 8.6367 -20.9947 -16.6081 -3.61772 -6.86874 17.0805 0.295252 13.0164 -11.6327 -12.1578 4.15974 -3.14957 -24.0931 -1.96645 15.2533 -0.307787 7.1937 -15.3495 13.1759 7.96003 6.82418 15.4599 8.03337 7.55804 31.8061 15.5366 13.6001 4.28129 -1.01118 9.36032 12.8267 -3.14633 4.40944 -9.99196 3.10192 -18.883 10.5629 -1.30887 -3.45512 4.33234 -7.68937 -17.815 4.54487 -1.85877 3.83395 -1.64296 -1.2379 -17.1975 -4.72325 14.7748 -9.95561 -14.6254 -15.8848 -4.58292 1.5848 14.0443 13.3804 10.8437 20.9182 -2.93719 -8.14869 10.5472 -0.340573 -12.2157 21.0791 -11.8201 6.57704 -23.3087 -11.2124 4.95528 -3.25993 -8.94089 -16.735 12.8816 5.47547 2.4269 -0.972319 13.191 -9.33176 14.9541 -5.85498 28.1627 -11.1588 8.72502 9.41147 -0.418146 5.53713 8.51969 -12.5682 -33.6229 -5.71452 3.92412 -8.60586 -16.7997 -9.52426 14.6252 -3.765 -10.6533 -30.5187 -8.53416 -4.44996 -2.66939 8.08239 -4.16711 -4.82456 -1.60556 -11.0174 25.4504 9.97007 -17.9837 -15.4078 -4.36563 14.3573 19.4921 -0.216844 32.4196 -8.88076 3.69892 7.1402 14.3944 3.93024 -24.0057 18.0142 -8.08714 -1.22782 -32.0193 2.23158 14.7129 15.4731 -16.929 10.0868 12.8215 -16.1186 -15.2571 21.5267 9.4239 -22.9576 17.3933 54.6302 -6.64196 -19.301 -9.30637 32.2305 -19.8089 -14.3862 20.8855 -44.1896 -16.8228 5.21791 -18.8104 -9.15239 -19.3049 -10.6007 30.3536 -5.65116 26.1568 16.621 -11.0103 -6.52956 33.917 1.236 -15.0065 -11.2902 -4.76473 -13.7778 -7.76063 -50.6135 -49.6712 -17.6339 -21.9774 -7.75392 7.86363 -3.47359 16.5537 7.80714 32.9769 48.1406 11.3536 -3.29724 18.5101 6.65429 0.498038 -13.787 -8.70205 0.281881 -12.746 4.21116 -14.543 15.7123 -5.42961 -8.12607 -10.6813 -5.84548 1.23436 -21.2448 3.84071 -5.3856 -5.31743 3.40232 16.7492 -2.75615 17.32 -0.080794 -11.2112 -16.5964 17.0023 9.10092 18.9092 -8.74001 -18.2411 -5.43499 3.04382 -19.9483 24.7583 -23.8007 11.3417 17.9379 -19.8944 -13.5483 8.92921 9.61149 23.4884 -22.6266 5.30374 -18.787 16.4052 1.58163 9.3781 6.98868 -13.9777 -22.682 26.6318 14.441 -3.74112 -16.619 -2.61453 3.85763 -5.42459 -7.98383 
-2.88217 -7.79188 12.7697 -4.94603 18.3197 -0.961423 -22.7536 -4.00919 5.89675 -7.68178 2.82903 -20.9062 7.42262 -6.96 -7.83097 -4.59825 0.775161 10.9054 6.67002 3.2652 -3.37477 -5.90649 2.87834 -0.118549 16.7969 8.33333 -7.93528 -21.8584 10.745 4.65489 6.21714 -2.10188 -14.308 -11.6463 -6.08473 -1.63967 -5.01875 1.29597 -13.6179 10.9413 9.03175 -0.80427 7.63593 0.127996 -10.3338 -4.33448 -17.2588 -1.46846 2.38201 -3.10556 7.69186 -10.1603 -2.61602 -22.3723 -0.858091 6.04859 -2.58996 5.48683 0.0304249 -7.41034 -5.17649 -5.73029 -4.57129 -0.000869013 5.71078 -3.23961 3.55946 2.32177 4.94846 8.80012 11.1303 -9.9953 1.07749 -5.25558 8.01228 3.41077 -1.4936 5.18266 -6.42917 3.67296 -4.46824 3.25848 -4.33002 -1.14073 -0.576188 -4.02667 2.72011 2.3462 3.03909 0.735932 -5.49809 1.02009 4.09222 0.769198 -4.22074 2.79372 4.13089 -4.95446 -2.94921 -12.9734 0.208034 0.150953 -0.606982 -3.67072 -3.58238 0.830126 3.5861 9.66217 -5.12707 4.93085 -1.68554 -6.00029 0.569458 0.788675 2.66601 -2.25079 -3.41228 6.1804 -4.77662 -5.42953 -2.33981 7.79751 2.65684 -5.73419 -1.63388 10.0299 0.500747 -1.39507 -1.07724 0.872847 6.36326 -6.47503 1.71412 8.61342 9.18454 -0.885584 -0.117562 -0.19565 -4.64287 8.23151 2.47289 -14.028 -6.84262 1.82068 2.56695 -4.22534 13.6471 -1.12865 4.58702 -8.25193 -1.90172 -5.16886 0.657622 -0.808116 2.29098 -7.86993 3.46755 1.03382 -4.4021 -3.91498 3.00962 0.496657 0.449527 -13.2576 1.24006 8.13678 2.30991 -5.37104 -6.36238 -9.73075 1.65838 -3.90144 -4.86541 -7.30753 0.889594 15.0254 -7.7698 8.84305 2.5204 2.0633 -4.79075 5.43992 5.65476 -5.21371 2.47447 0.449434 15.076 4.6676 -1.38442 -14.5051 -5.69972 -6.52051 9.92402 2.68327 1.01283 5.87688 1.28389 0.838173 -0.273169 8.99396 -13.2818 -6.62849 -1.23785 3.54645 -3.17264 1.40708 1.94652 -0.0435721 -10.1615 -7.35123 11.7124 0.597093 -4.75628 1.41922 -2.1114 -1.61877 6.11938 9.35197 12.2161 3.31736 -3.8289 -5.34917 -9.94061 -2.66049 7.90043 0.190322 3.87805 -10.2213 19.7126 21.1444 -6.77913 -9.41503 11.4427 20.7987 1.60562 -6.87051 5.95993 -7.93518 21.1818 5.5817 -7.35317 -4.00883 -1.98747 10.1118 -1.58332 19.2931 -3.3036 3.58438 6.89212 0.627244 0.740454 -3.94957 -15.7375 -23.1955 2.99362 1.62934 6.07597 -1.40129 -14.8175 14.104 -15.8704 15.4962 6.32808 -3.06015 -4.89246 -7.14953 0.945456 11.557 11.7231 -8.3553 9.40829 -4.65281 -6.86521 -5.12198 -0.710449 -11.6387 -2.4724 -4.05041 -2.30787 5.33858 0.519767 0.464647 -3.16333 -4.58527 -2.55859 -4.83059 -2.31359 -10.3149 4.38949 16.0471 5.04991 -7.41224 5.20254 -3.26477 2.49819 -2.23984 2.73596 7.75345 -0.225353 0.760157 1.12407 1.89892 2.06226 -6.0102 2.4633 -8.98332 0.92271 8.35419 -0.705106 -0.116134 3.0051 9.62784 10.7021 -4.11759 10.6361 -1.28902 4.31787 6.34114 6.84376 9.19554 -5.81646 -7.46946 2.79722 10.4724 -9.12519 6.13794 2.37265 -10.3651 -7.43191 4.71505 -3.21243 -1.94378 8.73438 -7.41483 -6.61009 -6.07924 1.51391 -3.63172 -8.06355 -9.27637 -0.847088 -3.6608 -8.34083 -2.0374 
11.4526 -5.86778 4.45204 -0.211202 10.5747 -0.8426 -6.79439 -3.95314 4.0503 2.41844 -2.20397 -2.33536 1.34865 -4.79545 -7.95585 6.01412 1.61961 5.25543 -5.48722 9.86237 6.96845 4.21805 6.31016 8.67095 4.63658 -2.54251 -0.936948 -1.8957 11.6555 3.30013 7.4811 0.393573 -6.38953 -10.1676 0.717166 -5.02179 1.45712 -11.79 -7.45839 3.00711 -3.70277 6.39819 4.66958 1.31039 -6.46964 -8.94235 0.813714 -3.39442 4.59004 -1.47197 1.76925 -1.25846 -6.28244 -8.65769 6.02989 -3.81953 -4.28198 10.6969 -5.16497 -5.27336 -6.05325 -5.73201 -3.36215 -10.63 7.98793 5.109 7.92904 7.81032 -1.38761 1.40279 3.73363 -5.13467 5.68543 -7.45368 4.45135 -1.08376 -0.532763 5.01618 -11.6837 -5.28993 4.78584 -4.6302 -2.34641 10.3824 -1.43207 -9.28311 10.9432 4.79177 2.119 1.20536 6.52409 0.695997 -3.40898 -2.30048 -8.0395 0.953447 9.2051 -5.80575 3.83633 3.68833 -0.810427 -2.69791 0.121066 -1.6452 -9.91796 5.24274 6.19271 6.35716 -3.71603 8.85637 -4.4848 -8.68039 -0.155908 1.43908 6.61119 -0.112402 1.56462 2.3889 -6.72266 -0.042739 2.34847 10.1408 -4.99508 3.84964 -3.21293 -3.23811 0.5177 1.00289 -1.87303 -0.269816 6.10463 -2.19959 -2.41652 5.68735 10.5186 4.73766 -0.012504 -5.01947 -3.2625 -5.17432 0.811835 -0.749582 -5.00197 -3.2399 1.08639 -0.845261 7.10075 -2.24474 4.0629 3.53937 -2.25426 -3.69416 0.0802589 0.784321 5.38995 4.74124 -1.87644 2.28153 -5.16673 -5.23389 -8.12646 -4.08348 -2.06912 -4.46187 5.62544 2.689 2.18429 -0.759196 -2.3062 -8.20999 1.12833 -3.34567 -1.69281 1.92061 1.46252 6.18304 1.58856 1.23272 6.88693 3.49737 -2.40576 3.87765 7.44114 0.154666 -1.74293 -1.34903 1.06492 6.04871 -2.99618 -7.61805 -3.05923 -3.32807 7.68484 -0.581511 -7.72742 
6.36119 -7.13025 4.6688 -2.09088 8.11639 6.17866 -4.28267 -6.36777 0.66545 -1.81099 7.18971 -6.55444 5.30422 -3.24223 4.28986 7.38863 2.90917 4.41979 -3.29489 11.026 8.91771 10.0463 6.06093 3.58308 11.2366 2.27584 -3.37687 -4.8582 5.34527 2.01612 11.9002 1.29826 -4.8139 -8.29288 11.3779 -2.72033 -2.26094 -4.59061 -11.2956 8.10722 2.06925 5.72081 0.117251 -5.04531 -3.51707 -4.76303 -7.66296 -1.19012 9.60891 -5.34025 -5.87749 -3.28734 -11.6693 -3.78041 5.13179 -2.16954 -6.72478 8.95169 -8.53806 -6.32463 -3.63588 -2.33763 -2.76434 -9.49938 4.98409 -7.38903 6.60994 -2.24415 2.7715 12.5564 4.25312 -7.75205 2.25427 -7.36379 2.9291 -4.72739 1.79375 5.25167 -6.49194 -4.85263 -0.769682 -2.69025 -4.00513 6.11181 -2.19486 -2.39316 1.94179 4.12977 -0.989679 8.84711 2.39536 -0.799386 -2.35329 -3.52063 -9.48939 0.958304 5.08236 -6.52691 -0.571913 -3.35439 -5.63331 -0.443976 -1.23271 -4.95408 -6.19668 2.37131 6.44053 9.03854 -5.22123 8.10362 -5.43843 -8.01515 -2.56089 4.32646 6.44063 -1.81964 -3.95175 3.26155 -5.01118 -1.35228 1.59017 10.1292 -3.27125 -0.122727 1.71386 -0.775451 -0.607982 -1.53776 -2.97683 
10.3995 -20.8824 2.85213 0.731062 14.1317 15.8968 -10.8705 -9.91747 10.0619 1.03311 -1.44333 -8.73985 6.16489 -7.71275 4.26041 12.3055 -3.41236 6.66339 -5.4337 12.6898 13.7128 7.97669 13.4104 4.05213 16.6245 9.67072 -7.32022 -11.468 15.2504 3.14318 15.9823 -6.52779 -5.83697 -6.71503 6.9281 -8.27582 -7.7123 -7.14868 -10.3687 5.43967 3.74138 7.86183 -8.17694 -6.54628 -11.6202 -6.76344 -12.8797 -10.1131 7.96404 -12.8896 -5.20839 -5.10909 -10.4661 -11.3224 9.91644 -3.71346 -9.27605 7.80722 -6.21205 -7.90087 -3.21767 -3.73566 -3.21276 -11.0058 8.52014 -4.86553 5.6248 0.115573 2.13462 9.8769 7.3716 -5.92689 8.21236 -5.94822 7.02326 1.59403 3.27654 7.26565 -8.62375 -4.14033 -0.514636 -1.90946 -4.62666 10.8789 -0.922614 -8.17786 6.62667 9.2361 2.10898 9.17137 2.86162 -2.40751 
16.6787 -21.5732 13.2853 11.2104 16.1673 13.4502 -15.2146 -18.6133 10.8263 4.70826 9.28855 -21.4746 10.8081 -10.7217 3.90972 21.3297 -7.415 12.6632 -16.9053 9.78209 16.2152 13.4098 13.4699 12.4969 23.7971 11.6602 -10.3056 -18.3362 20.1222 9.33215 17.9446 -5.5612 -18.2738 -16.99 9.46182 -11.4665 -8.57314 -10.7022 -21.7988 14.0264 9.65902 5.65849 -7.88378 -11.6222 -21.7654 -12.4311 -14.8177 -13.0258 11.6086 -16.9564 -13.5019 -5.78715 -17.5081 -14.5418 
22.1202 -19.4651 16.1979 14.2678 26.7441 16.9509 -23.4803 -21.2887 17.5396 11.5788 18.499 -25.3862 15.2688 -14.5268 13.5215 30.794 -12.5623 20.5869 -15.3813 14.5293 18.5528 17.4607 24.9867 8.57992 30.0167 13.031 -11.6336 -23.9944 31.2674 12.2899 31.4535 -10.8995 -26.4844 -23.7051 20.9657 -16.1049 -10.9246 -19.6972 
24.5854 -32.7439 30.5098 22.7621 34.1964 29.5756 -39.2538 -33.377 26.9163 21.6506 26.4887 -37.3495 23.5784 -30.9716 21.6255 36.1061 -20.1512 28.317 -24.6008 22.9584 24.7745 29.1701 35.9852 15.8039 40.3842 
42.5801 -43.7518 42.8969 39.7876 44.3679 46.5773 -52.5652 -43.6984 33.0479 32.6383 40.4093 -46.5606 
47.4193 -60.1428 50.1508 49.8661 54.1052 58.3206 -67.4488 -60.4955 48.6168 44.6126 54.2976 -58.6754 51.2319 -51.7783 40.5623 
63.131 -89.0022 70.7057 67.6692 65.8962 64.9014 -80.6163 -73.633 59.4976 65.5962 74.0137 -67.9754 67.5307 -77.4259 
94.0027 -105.85 87.0554 81.5895 83.6209 81.5331 -97.8929 -101.446 89.1485 92.7992 91.959 
97.0887 -121.543 103.634 96.9847 93.638 101.546 -122.276 -120.878 119.914 102.831 
112.26 -127.318 129.585 129.821 122.253 126.343 -139.712 -147.158 134.608 132.34 148.55 
139.628 -153.772 143.062 149.311 134.652 147.833 -161.706 -159.4 163.198 158.196 166.928 -169.093 
172.194 -168.728 150.166 169.337 140.439 168.694 -200.188 -201.241 183.419 174.74 185.456 -201.77 
197.979 -175.4 153.587 193.744 153.148 183.491 -221.998 -229.288 211.122 199.023 215.058 -233.135 
202.245 -183.871 165.519 216.229 165.326 204.763 -238.453 -237.236 219.076 195.228 233.222 -248.169 
173.518 -178.264 155.662 3.00002e+07 177.81 239.348 -241.646 -244.306 223.134 197.616 253.855 -257.856 3.00002e+07 
170.526 -163.663 154.971 217.674 184.333 243.429 -227.582 -228.094 210.616 
147.019 -146.666 141.989 197.637 159.125 238.805 -185.46 -214.985 181.724 193.619 6.00001e+07 -233.951 248.04 
116.612 -124.996 122.592 147.818 126.212 186.381 -168.981 -176.602 143.358 150.876 173.471 -194.268 205.118 -199.62 208.94 200.268 -182.696 187.919 -3.00001e+07 178.648 136.855 161.462 193.359 127.82 80.6938 93.8357 
68.5612 -103.253 68.1272 107.505 107.495 119.845 -98.916 -85.4659 96.9258 129.14 127.412 -110.981 154.752 -176.697 115.173 157.236 -123.632 99.529 -116.968 130.902 30.5014 131.832 120.365 86.8009 24.617 53.5374 -32.3279 -74.7379 72.0144 21.2452 31.8547 -82.3082 -60.214 -27.1895 40.0442 -69.193 -9.55062 -54.7802 -92.4493 82.0912 94.6357 31.4332 -43.6837 -58.4621 -30.87 -76.2723 -71.8457 -91.0551 31.2964 -54.0134 -68.3379 -62.7424 -109.108 -84.3602 46.3818 -51.2156 -54.2105 20.7458 -42.0923 -23.6985 28.0819 -34.3714 -28.5789 -62.9439 10.7943 -42.0255 28.2221 -47.8885 -1.99671 40.6382 34.8172 
31.226 -45.5039 36.4356 63.9606 76.7871 55.0851 -53.8922 -34.8976 28.5533 82.3118 36.4048 -19.7951 66.1528 -60.8264 14.0023 102.77 -62.648 34.449 -60.7788 73.0429 10.6366 97.9568 41.0072 34.4544 -22.4121 28.0267 -34.362 -29.6773 21.9152 -2.88244 21.2339 -27.6799 -29.4906 3.21322 26.5224 -31.4899 4.0054 -31.8801 -18.2016 35.3748 27.6661 23.2562 6.84263 -43.4322 -26.7441 -53.3427 -48.7351 -55.668 24.6099 -31.4788 -31.6196 -30.8384 -72.6987 -52.6841 20.2728 -35.7142 -39.1385 3.53373 -22.9461 -15.2658 15.9239 -20.6681 -33.4575 -37.7805 0.854472 -23.2168 15.4823 -31.1935 -13.3697 13.9351 4.87156 -17.8948 26.2971 1.20662 25.8567 25.9346 24.9318 50.5277 -8.09493 -13.8605 1.28493 -34.187 -32.0493 11.3115 -54.1433 -26.5226 38.1345 47.9782 -13.1754 18.3658 4.52953 -19.4516 -18.0303 -24.9612 -19.3619 30.8028 13.3211 -10.1184 18.9992 -17.4742 -7.68464 12.8228 4.21553 -43.4007 -8.85639 -3.98624 34.5026 -12.1685 -27.5127 30.3956 5.15568 -12.5347 -21.6971 17.2686 5.27968 18.7659 9.74588 5.99135 -10.7974 -12.8584 12.3981 11.966 -6.69276 6.77783 -3.9134 -5.62519 -18.8843 -5.55105 26.362 -6.79539 10.7358 -18.5027 -12.0551 28.8293 -5.72552 -11.2261 -19.819 -35.4104 -31.3887 -12.2583 27.726 -21.4911 -5.64174 -20.2826 11.2078 45.3402 34.6694 26.9308 25.9755 42.6861 -16.0526 8.70533 44.2443 -6.43028 -0.494545 64.0252 -25.8702 10.7942 10.5318 -4.48229 5.80891 -12.2441 -26.6427 -43.6666 17.8189 43.4805 6.98153 -14.1106 -28.4279 -16.0722 22.3317 -13.4558 31.2091 -13.002 -19.0635 21.7334 -38.7105 35.565 26.0369 -13.9124 -26.5404 -0.0516425 12.4822 -17.75 -6.73076 7.99163 
9.60778 14.9167 0.838717 9.73295 23.2789 31.2176 24.7566 0.0236104 -9.85081 10.6598 -7.16745 -0.737605 19.3451 -28.6333 -14.2029 40.822 -27.8408 -0.0530579 8.16089 21.553 5.85399 15.4743 9.13094 3.90121 -10.1292 -14.4008 -21.0371 -11.7123 9.63217 -2.62695 1.19165 23.4301 -15.2955 -0.267765 -4.39124 1.41452 -17.8201 -14.6113 -12.0303 4.8476 4.91722 17.9079 8.55358 2.84436 7.66348 -22.3047 -30.2153 -10.8417 41.5191 6.40989 -26.2906 6.27596 -8.2137 5.64626 -1.67654 -12.1601 -27.5502 -5.71471 -17.7008 -1.19664 -4.15844 -11.6266 -7.10564 -20.9729 2.80418 -4.63506 10.1531 11.1213 -7.75393 16.5082 -1.2878 -8.69917 23.8465 11.1137 8.5588 -3.13846 26.5274 10.0656 -24.2959 -3.09612 12.6516 3.30804 15.3082 5.91049 -20.4595 -16.2196 26.0106 8.61223 7.20103 -0.687932 2.39194 -3.20447 11.1284 -15.5092 -5.31119 4.95446 16.3071 4.78921 3.66594 -3.82289 -12.7748 -13.1319 16.1936 -16.4987 3.13541 13.9283 -0.109882 11.8918 -14.5003 1.08329 -1.50056 12.601 -2.05563 -3.12838 11.5756 23.8683 -2.64596 20.6531 3.11407 -13.6028 9.27672 -0.547706 -17.4015 -7.7929 -2.04344 8.90869 -16.9372 6.16226 4.78448 -9.75009 8.44335 5.25621 -12.0429 11.0396 2.51953 -5.3541 -5.60233 -18.634 4.66516 -6.69218 -1.92269 -0.677656 -10.2033 -10.71 1.93413 8.77666 15.7938 -6.46028 -4.93206 19.9571 0.363279 -20.9259 -5.97847 8.41336 22.2493 10.5793 -12.7163 7.32982 6.03845 2.6154 3.44637 -13.1245 12.8089 -12.2012 8.13141 8.12789 1.68611 2.04445 22.2597 -6.05242 15.1873 -6.44951 21.6617 -4.05859 4.27497 5.19228 -7.15451 9.23779 7.12898 -10.3164 -17.8768 -5.13808 -1.48688 -15.3597 -17.2684 1.62719 10.1805 2.90297 6.01821 -16.2463 -9.07701 -12.5533 0.495721 4.78522 -7.22579 3.59171 -4.11582 -12.4357 18.3524 4.97957 -16.9687 -2.14184 -3.04377 17.3091 17.3798 3.37598 6.64493 5.55658 10.2176 -0.592342 10.0091 -5.73678 -0.304884 20.4351 -3.83569 3.57631 -42.5182 9.29444 11.8945 -2.05972 -16.2581 25.2105 13.7493 -18.6086 4.12645 24.4922 -13.2911 6.10188 20.3005 17.4584 -3.27352 -1.62191 6.67038 22.4203 6.43338 -13.6129 0.802994 -0.738665 20.4617 -7.00954 -14.4835 3.25683 0.749778 9.54701 34.9354 2.85874 6.47381 -6.42213 -8.26409 12.717 45.6754 11.3272 -4.92816 -6.67797 -4.55855 -0.790549 -20.557 -6.97575 -35.6112 -18.3716 -35.5203 -12.0743 10.6096 -15.7001 -16.7686 22.2541 28.1126 7.96589 -26.1524 0.180135 8.02684 9.25604 -1.09606 -6.45029 -1.2363 -6.68469 7.6845 -2.31831 -6.99668 -8.19361 -0.478876 -1.56215 -11.551 5.70491 1.43437 -12.5489 -2.89075 -19.4023 -11.3033 -0.776059 -11.36 -6.9925 4.67582 -1.28962 -13.7079 -2.8629 1.11484 13.8412 17.4699 -22.594 -13.8934 -6.8416 -9.41375 -20.3243 30.1074 -24.8864 13.8258 10.5743 -6.56336 -2.39493 2.57028 13.0451 7.38583 -11.824 1.45808 -8.44529 4.37524 2.87187 9.28388 -10.1318 -2.90198 -4.44912 7.36164 22.8696 -11.1549 -29.6358 0.639784 0.250893 -4.56593 7.0127 0.623283 -7.55701 15.6077 -0.668272 -12.0275 -8.73549 -0.11553 19.765 -18.6871 -9.95867 1.88899 6.59375 6.5234 17.1378 
11.4655 -15.222 6.49179 5.03294 14.7227 -5.86272 -2.37157 -7.61353 2.685 3.1669 13.8039 -0.768649 17.9352 0.116029 14.2233 -0.739921 6.92313 5.62228 4.59265 1.13374 1.53566 -1.87586 3.51598 9.52769 9.62543 -2.11327 -2.34861 -9.809 1.72911 6.09533 10.1551 -15.3553 -3.66887 -13.1338 10.1538 -7.93346 -1.67382 -2.5354 -11.5137 -13.2616 -2.10628 9.3242 10.2194 2.24653 -12.4129 -7.07818 -11.4933 -5.78783 8.46726 -8.21192 -9.74396 0.925421 -17.9557 4.9617 0.503382 0.257105 -0.102026 5.59129 -1.29441 -4.27464 -8.04456 -1.60021 4.06808 -13.3417 5.19171 -7.00355 2.79554 -4.36042 2.17819 9.58927 10.6232 -3.89543 0.513707 -4.8978 3.58623 -0.886988 3.79079 6.56831 -1.72298 -3.49483 3.08874 -6.95218 -10.2071 1.36602 -3.33277 -4.57557 9.50805 5.65331 -1.03315 5.32584 2.55314 3.25785 -5.3767 -1.83966 -8.91375 1.90452 7.66483 -2.14796 2.39576 -7.88999 4.36587 -2.66761 1.10181 -1.44319 -2.60012 0.888365 3.00722 9.67248 -4.60098 4.85887 0.154649 -3.61658 -0.456038 2.44161 5.99724 0.105291 1.04574 4.21034 -9.97705 -4.19883 -0.0827211 12.7831 -3.5568 0.927955 3.84002 -0.352063 1.4333 2.91585 -3.25093 0.994678 4.82348 4.0284 -8.56463 6.0285 6.33919 1.75989 -3.25041 -2.98649 -8.42417 1.30755 -0.616962 -3.89294 -10.3057 -6.00877 0.332858 3.02419 9.9994 2.46167 6.82833 -0.173126 2.44623 -7.11628 -0.0549738 1.00713 5.12188 0.894735 -3.17869 7.93405 -3.90003 -7.42841 -5.86254 -3.02193 1.30314 -7.75737 2.03441 7.45003 6.12326 -6.91867 -1.55589 -11.7541 1.01587 -0.784724 -2.67332 -3.29246 0.61856 13.3608 -1.74847 5.22331 7.13688 8.08425 -2.52602 4.98588 15.6882 -4.02547 5.49085 8.17296 -0.750845 5.28108 0.785516 -9.85695 -2.23268 -11.4202 19.2749 -3.82626 -3.75276 1.05676 3.14541 -11.4969 -10.4793 2.0726 -14.8471 -0.701739 -2.45923 1.06722 2.53462 10.9497 -2.60847 1.61899 -3.64177 -3.65077 11.0527 7.20624 -4.00941 9.03088 -2.40852 -4.2963 -5.72973 -1.66469 6.43444 11.8781 5.84612 0.88947 -1.69712 -19.3708 9.15366 2.13383 8.42004 0.734367 0.525435 -0.213105 1.08299 -14.3317 18.8292 13.4126 -3.65268 -15.7848 -31.088 -15.0945 -2.7763 -11.4015 -7.82811 -0.260237 -3.35745 10.9941 11.2414 6.71435 -12.7812 5.81885 2.1572 -18.3533 2.80234 -4.7606 -9.98142 -6.18236 -5.13839 -1.81815 0.937158 -11.1853 -3.20995 -2.40872 -4.82369 6.28479 -6.41683 -12.8877 -9.68572 -1.87504 2.56612 3.98851 -10.5945 -8.06746 7.53172 -6.4703 -2.08621 -4.49465 7.38773 -7.34571 -0.338013 5.98548 2.89766 8.06562 9.19378 1.60943 -2.31166 -4.73751 -3.33017 -6.71809 -0.972952 -4.35074 
9.00038 -7.99397 -1.48052 3.95312 9.87326 4.77684 3.12239 -6.22321 4.40194 3.58635 8.91199 0.278151 2.32529 -3.95054 -1.72049 -2.80284 6.88306 5.67358 -8.1795 7.87963 2.33097 0.284736 8.29305 9.31621 5.94016 3.55217 -4.33302 -6.42283 10.286 1.40531 13.6519 1.37703 -4.71436 -15.18 -0.77635 -2.94123 1.29744 2.06386 -7.53771 0.620786 -0.892527 11.0448 -5.07177 -2.64471 -0.661182 -3.37077 4.50718 -6.36273 11.8847 -3.99593 -4.55598 -6.17047 7.23151 -9.04296 2.80972 -0.169611 -4.00617 8.22155 -6.12257 -5.99992 -7.51111 -3.96961 -2.72931 -4.18702 1.42135 -10.2913 5.83285 0.189253 0.0154166 9.3999 5.11098 -4.55371 -0.244496 -6.09288 2.92011 1.04882 0.294659 6.53285 -3.0811 -5.424 4.10079 -2.61779 -4.49987 3.92878 -5.0204 -0.341638 4.86962 3.54284 -0.733187 6.69713 -1.47986 1.42937 -1.01935 -3.27337 -6.69888 2.49607 9.31592 -6.61009 -0.872859 -1.45004 -4.60706 1.5291 -5.44903 -9.55739 -1.67747 1.51511 8.23866 10.3184 -2.63911 7.46027 -0.723803 -7.93821 -0.995112 5.65748 5.10379 1.65855 0.92306 3.92796 -3.29819 0.265099 1.03277 10.4643 -4.99719 -3.19951 3.85734 -5.68253 -0.238905 -4.86584 -3.47386 -2.40986 5.81673 -5.05844 1.16149 6.92964 9.76976 -4.72004 2.96252 -8.42753 -4.6607 -2.24612 0.893622 -1.85378 -8.92294 -2.87739 3.35452 1.55386 12.2637 -2.35887 5.77231 6.04994 -3.6535 -5.34436 1.21322 2.97532 5.3178 4.89339 -6.38554 3.14776 -4.82308 -4.63609 -1.68576 -4.62566 0.715232 -1.79572 7.35927 -2.25124 -1.99236 -4.8463 0.953433 -4.64969 0.762947 0.0320424 0.410653 -1.36269 3.83512 10.3626 -0.102836 6.17281 6.40509 1.105 -1.42376 1.13603 8.23018 -3.09258 -3.08949 -0.257584 -2.66938 6.59339 
12.3115 -6.86619 4.19327 4.23635 9.04393 9.04316 -4.81154 -10.3146 5.48601 -0.788674 8.82022 -2.05421 0.812318 -1.47156 1.90799 4.86549 0.518913 8.2443 -4.87999 8.73715 4.64707 5.11743 4.1007 8.39209 9.37643 0.220492 -5.15383 -7.15215 9.8227 2.90531 12.2378 -3.43106 -10.9252 -4.28965 -0.235623 -10.1155 -0.889192 -7.14022 -7.52566 5.10346 3.44149 3.48348 0.656659 -3.12896 -6.96235 -11.0344 -3.74052 -10.0017 0.407734 -7.07041 -2.06858 -3.19528 -9.25194 -9.68249 7.13001 -1.07005 -5.64264 6.79018 -5.20948 -4.44799 -3.18251 -2.36352 -2.30717 -6.07513 8.07743 -8.5438 4.95559 -1.69903 3.60308 8.09274 5.87513 -5.13344 2.07166 -6.72154 -1.0473 -2.26152 2.52346 7.0527 -4.86476 -6.34649 2.14549 -2.9236 -2.91566 5.14884 -3.14135 -4.06579 5.90529 6.67746 1.96157 6.51887 2.98833 -4.00744 -4.54991 -0.412758 -8.28169 2.64448 9.37405 -4.3095 -1.79221 -4.95423 -2.50262 0.375406 -2.66936 -3.72027 -7.65771 -0.326956 7.30987 9.299 1.09221 9.89877 -4.26645 -7.44436 -3.45676 1.82632 3.38232 1.58056 -1.5863 4.4558 -4.1098 -3.52835 2.23168 9.54975 -4.71547 2.64329 -1.89502 -3.25172 -1.54192 -1.87343 
10.3332 -17.6993 5.71105 2.13954 8.67114 11.1752 -4.76934 -14.8319 3.23427 3.79237 3.61101 -9.48254 2.91333 -9.30866 5.48971 10.2099 -8.15969 4.65742 -8.39594 12.0982 10.6394 4.56427 13.1589 12.3388 17.8243 5.67958 -7.31342 -11.0285 12.299 5.04538 14.308 0.432873 -8.4062 -4.85806 3.71599 -13.1361 -10.1413 -7.95204 -11.4188 9.35618 4.31466 8.17963 -5.08006 -5.25868 -10.7972 -9.56148 -7.94521 -3.62808 9.63935 -13.3942 -3.53216 1.17053 -13.4718 -14.9321 8.14557 -3.2111 -8.39163 9.80793 -8.81778 -5.58055 -1.9606 -3.63166 -2.3716 -10.8753 8.39712 -4.65831 7.19471 0.255582 1.26518 10.3069 6.17926 -5.68834 5.37441 -5.09208 4.1746 -1.22826 3.36084 6.62194 -6.79536 -5.42968 2.14559 -3.53774 -8.02859 9.4985 -1.11237 -4.05371 4.30183 9.16575 1.34411 7.45468 1.35802 -2.76303 -2.80459 -0.109791 -11.8414 0.106635 7.55064 -7.19797 -1.34923 -5.72848 -4.86843 
6.65228 -18.7703 7.48147 2.34074 11.9854 20.7755 -16.1781 -15.4373 12.9502 0.747027 6.5896 -17.7846 12.664 -9.78874 9.13382 20.3686 -8.40941 10.5175 -12.0655 6.3425 14.0607 10.9207 17.6261 10.1573 24.0747 8.64521 -14.8889 -18.4416 14.1241 4.84326 19.0574 -6.01694 -7.45479 -15.8313 7.12986 -6.16055 -0.512476 -9.61903 -13.0339 14.5087 6.45478 6.22341 -6.53552 -5.4742 -15.3188 -12.4169 -13.8516 -9.85677 13.1245 -9.86712 -8.56576 -0.761959 -16.8793 -9.53406 8.17334 -4.81482 -9.58956 12.1757 -7.87046 
