3.44238 13.2424 -8.07225 12.422 -6.36884 -5.25299 -16.9039 5.09406 17.5606 -6.65678 8.26307 -10.2476 -10.0864 3.09341 9.97687 -8.16878 9.26624 -15.8875 4.09864 -6.42976 -6.20969 9.97401 0.848459 10.9012 -11.1586 -11.5055 -2.7811 8.05239 -0.803331 13.9601 -10.6156 -2.51986 -10.9105 8.63172 5.06447 -7.44533 -15.5653 4.64177 12.825 6.53152 5.99387 -14.5313 -10.3199 -3.49862 13.285 -12.3472 4.5558 -15.0685 -4.14186 7.30903 -3.39004 -14.348 -11.3318 1.80658 -4.22706 -5.35107 10.0673 -6.73256 -13.5732 -7.92014 7.60714 5.78228 -9.53608 6.94242 9.42583 0.262646 -11.1693 -13.849 2.95149 -9.40412 -8.03458 -8.05893 2.56836 -6.36644 -0.761092 -7.82257 -7.26687 -0.182839 -3.90786 -1.25908 -5.70092 5.38141 -2.97651 6.50248 7.49519 -1.03747 0.919459 -2.24953 4.72164 
4.5012 13.4105 -15.2756 17.9882 -14.6724 -15.0835 -25.1789 7.47689 23.3479 -10.5635 7.92104 -18.2644 -7.94736 7.5589 14.0178 -13.9711 19.8701 -28.098 2.40448 -15.3172 -17.2066 14.9487 6.64487 15.6399 -17.8933 -16.1633 -7.19657 16.7679 -9.26395 17.1263 -17.2444 -11.6378 -14.8477 17.5701 12.0544 -12.5393 -22.6873 11.9028 22.6271 14.0596 13.8932 -15.4052 -15.0207 -10.6758 15.6982 -13.326 16.0998 -19.1278 -6.87163 17.0511 -12.8311 -22.8236 -15.1694 1.22116 -7.59876 -6.23818 13.167 -11.4566 -13.6846 -7.98532 13.9638 5.75856 -10.1364 11.1296 12.2219 1.31429 -15.3889 
8.5171 26.595 -23.1962 27.3901 -20.3013 -20.8274 -32.0044 13.7949 23.5809 -18.5121 11.1819 -28.098 -17.8126 18.7091 17.9103 -18.3886 22.2688 -41.0015 -0.878736 -27.932 -22.9624 22.9536 13.8061 35.1015 -25.492 -23.0233 -17.994 31.2901 -11.694 29.6658 -21.0693 -21.1534 -14.7713 21.4304 27.0231 -16.1428 -35.0377 24.7444 25.3382 22.6039 26.0817 -26.1877 -27.633 -18.2138 21.8292 -26.8935 22.8987 -23.6752 -13.3662 28.0796 -21.2149 -27.1646 
15.8371 33.4821 -27.006 34.6562 -24.41 -33.6318 -31.7519 18.4267 23.0384 -29.9489 14.973 -29.7742 -23.8943 27.3975 33.7107 -29.7096 29.3585 -53.3751 -10.5901 -32.0137 -30.745 31.8854 20.0254 42.9166 -37.8005 -34.6068 -32.3926 40.9962 -21.6629 29.1314 -33.8005 -28.8631 -34.4871 43.0664 39.9869 -22.915 -49.6429 35.1514 37.5391 32.517 28.5227 -32.5173 -30.6455 -33.8862 
19.5332 41.5687 -33.9463 53.2596 -21.5542 -36.9594 -41.8207 28.7855 29.2044 -32.1372 20.8094 -34.873 -29.5824 34.7641 36.2448 -42.1734 29.9261 -58.2988 -15.4508 -24.986 -34.0145 52.071 30.9596 45.7668 -42.558 -39.6645 -34.5217 45.8758 -26.8294 31.7483 -42.667 
25.4282 40.0611 -33.5868 61.1731 -32.044 -45.8303 -57.7095 46.2903 32.3038 -41.8738 23.8686 -40.3665 -23.8291 37.3821 45.3922 -36.159 36.9553 -66.692 -35.2755 -27.1993 -50.9091 56.8177 44.4162 47.6724 -39.8798 -42.1805 -45.4259 50.7413 -30.8289 35.278 -48.0582 
34.2383 41.6924 -37.1437 73.5319 -46.7372 -48.7534 -54.4194 52.31 30.6281 -38.1536 29.5733 -44.1486 -39.9175 43.7859 51.8011 -39.2348 43.3337 -71.1884 -36.8731 -34.649 -59.4258 60.9717 56.6555 44.5688 -38.6941 -43.4304 -59.574 61.428 -40.1665 42.0715 -57.6305 -54.6143 -47.4445 66.4232 66.9315 
43.2361 44.1628 -38.8783 83.2789 -45.1919 -51.4792 -60.6342 58.3941 30.6656 -43.2971 32.1783 -40.9851 -47.8965 38.0377 52.1997 -38.9535 48.7201 -72.0262 -44.9049 -43.5401 -77.7543 72.3758 68.7142 63.1966 -39.956 -51.7639 -61.9591 55.2181 -37.1346 58.4688 -67.0165 -68.6199 -57.704 65.574 67.4734 -50.1388 -67.9234 62.4347 69.9659 56.511 
40.593 49.1749 -56.4808 84.8638 -39.3571 -64.5914 -66.463 59.2279 50.39 -53.507 35.1365 -35.4707 -53.1116 58.4948 66.624 -33.0285 48.1338 -68.4635 -37.9171 -44.5911 -74.9179 77.8526 66.8221 63.3803 -45.521 -64.9868 -55.6302 62.0399 -47.3058 51.0575 -91.9353 -66.973 -64.569 74.1167 
47.6307 49.6063 -69.8741 72.0464 -50.9205 -66.5999 -57.5841 48.938 51.4552 -59.2048 38.4201 -31.0634 -59.5326 58.1049 56.1293 -43.5333 52.0768 -75.1178 -47.6354 -44.2033 -66.1548 90.0754 72.6329 60.7527 -66.8679 -69.1209 -63.9417 77.3974 -38.9013 60.9956 -79.2227 -61.2258 -67.5269 77.2348 
54.987 59.2818 -62.3548 77.4202 -52.5938 -60.9253 -55.0549 57.7129 92.913 -67.0244 67.8626 -46.4473 -60.9517 60.9387 69.5932 -39.6555 47.6204 -71.4194 -39.8263 -48.2579 -69.2507 82.2772 73.3461 64.373 -54.6543 -68.855 -77.4739 82.5681 -52.1227 62.8594 
49.6052 50.0141 -64.081 89.6419 -74.4399 -69.9788 -60.3004 73.0954 88.2244 -45.6712 63.8337 -58.0909 -55.6741 69.2128 64.3973 -54.2064 74.6824 -87.1883 -57.7413 -52.4931 -90.1073 95.8275 102.779 62.3389 -54.2858 -86.3742 -86.7399 77.8679 -54.1698 55.7078 
69.5896 48.2626 -66.079 92.5139 -53.0042 -82.7896 -73.8554 71.7632 85.5818 -58.956 64.0214 -72.4724 -66.4555 64.561 83.261 -57.691 76.1745 -98.9288 -69.633 -72.1698 -105.278 73.002 89.8482 72.8509 -67.1644 -81.0121 -108.318 109.983 
65.0276 69.5599 -69.0783 94.0587 -38.3427 -67.1222 -70.1347 82.051 94.2212 -67.9287 70.8211 -55.0233 -63.6804 74.7519 91.1862 -67.8155 74.7346 -92.0191 -63.851 -69.3312 -111.113 88.7984 96.6085 88.1762 -91.3191 -82.2014 -108.669 101.652 
42.8231 59.4702 -77.6804 93.6903 -39.008 -69.2504 -55.207 77.9734 79.6316 -52.0116 62.0284 -43.9304 -67.8324 84.3165 85.7294 -40.7632 62.2094 -98.6102 -64.0425 -82.599 -113.262 79.7597 76.9767 78.4483 -103.157 -86.6386 -110.278 
29.2044 53.8682 -45.6312 91.9659 -45.8701 -64.3594 -69.4704 47.3829 73.1955 -60.7165 59.7514 -34.0679 -56.2328 84.5441 82.3081 -46.217 62.208 -103.054 -61.4108 -80.0576 -104.831 83.8024 63.1819 70.001 -78.4442 -111.422 -106.159 92.2205 -61.6978 67.7372 -102.061 
38.2481 46.8897 -70.7497 60.1701 -32.7016 -62.4559 -62.4016 62.2547 83.9642 -47.0041 22.1336 -31.8558 -26.2965 60.0435 87.1525 -34.0072 47.5194 -79.2631 -56.5144 -52.2303 -121.361 94.5602 71.3598 60.8782 -84.9926 -76.4171 -90.0154 82.5 -66.6647 63.74 -72.7212 -108.5 -86.4295 71.8478 101.652 -77.2668 
47.2556 28.5997 -59.367 62.1403 -28.0488 -48.4605 -53.2425 62.9146 60.2979 -37.4368 37.1883 -32.6908 -41.405 57.0305 78.5996 -53.2844 49.2456 -70.1316 -41.6098 -43.5691 -86.2826 68.785 49.2861 60.8651 -63.6462 -74.7799 -77.2554 73.8507 -46.7911 58.458 -62.824 -64.3242 -84.4505 65.9413 91.7719 -69.4859 
35.3256 17.6285 -37.6054 31.0123 -31.2522 -32.3632 -52.6799 41.2843 26.6487 -49.9627 28.8081 -32.0894 -40.2601 43.7747 52.5052 -40.3301 55.619 -72.0038 -36.7919 -40.6928 -67.0002 56.4579 52.119 83.7862 -78.7283 -48.8624 -67.6395 70.3231 -29.2517 45.7687 -28.0287 -57.7987 -86.4687 64.2158 51.8566 -50.116 -92.6208 69.3141 57.0452 
11.9993 43.7456 -42.5252 52.5055 -21.7835 -43.2769 -54.648 38.6745 57.5158 -48.61 10.2635 -27.207 -26.3196 41.1501 55.1302 -49.1956 38.5284 -61.5516 -45.6435 -17.4301 -67.7862 18.7987 12.5107 51.4427 -26.6223 -55.1823 -55.1701 33.3569 -38.833 59.0996 -18.7307 -56.6726 -46.0981 48.2691 70.6535 -56.099 -78.2888 66.6829 50.5118 52.5833 51.3819 -49.3435 -34.4259 -52.9987 54.285 -42.5742 53.808 -47.481 -61.5242 42.5589 -34.0835 
32.9387 25.9185 -29.042 51.4305 -14.7679 -33.4124 -28.7577 47.474 10.9604 -26.4965 9.82671 -5.7525 -36.4242 31.2102 37.9622 -9.02287 38.1245 -42.0443 -23.4692 -28.4161 -73.4734 49.0218 28.0431 51.3397 -28.1085 -65.4847 -19.1393 37.563 -31.4531 60.9439 -33.7311 -38.6807 -33.5133 54.7791 48.3874 -49.9732 -53.4965 68.7636 33.4454 38.611 
29.3104 41.6643 -24.4766 37.4237 -12.4462 -34.9455 -69.1382 41.4944 40.2198 -39.0481 24.4658 -44.1494 -31.5521 42.6964 32.5722 -29.9138 22.0198 -32.9252 -15.6312 -39.5028 -40.6353 59.6024 36.2296 36.0574 -27.1853 -37.6203 -30.6535 34.348 -27.0456 49.7884 -56.0576 -46.312 -62.3451 65.6424 45.2714 -58.7657 -72.1909 46.021 39.2995 28.506 45.5078 -39.4907 -52.749 -55.6987 32.5659 -54.5074 46.0371 -40.2563 
25.8616 50.5709 -8.22255 41.2256 -34.0664 -37.0558 -58.3893 29.5117 35.3678 -36.2517 18.3319 -33.9465 -15.6473 25.2203 35.7981 -31.1026 39.8941 -76.5748 -27.7503 -53.3194 -44.2847 41.0034 18.9057 47.473 -33.8834 -25.8899 -41.811 57.2001 -27.5884 27.2723 -54.1532 -65.6019 -42.1034 40.2718 57.5781 -37.7111 -53.7078 45.1375 35.2208 30.573 51.6726 -52.8598 -48.0942 -33.5179 44.0377 -67.8538 35.4796 -47.4482 -23.2137 47.092 -42.9602 -49.4356 -28.2864 37.6591 -12.9468 
12.8829 27.6425 -18.0542 46.0871 -21.4898 -53.1287 -47.2778 42.4028 45.6347 -24.9861 14.5561 -26.4109 -22.0756 19.3995 35.946 -25.4639 23.3265 -61.6373 -3.95642 -13.7783 -45.7712 51.4718 31.5831 44.9443 -26.9938 -41.3819 -44.7084 48.8256 -17.5205 35.6788 -62.421 -53.7292 -44.9354 38.6371 50.0914 -41.5374 -51.7369 58.2143 43.0562 52.7803 23.4241 -57.3086 -54.0699 -50.9297 
45.9328 50.9906 -30.8984 46.3483 -24.0007 -49.2713 -36.8792 44.3378 37.6265 -31.9824 22.4668 -26.6569 -25.705 35.3433 34.1464 -27.6795 32.9872 -67.528 -31.0431 -33.2765 -31.4271 58.6289 28.6212 34.7212 -43.3996 -48.5368 -41.7847 43.1311 -6.12763 56.9529 -36.2569 -59.4318 -49.1309 63.5853 68.1598 -47.0092 -58.9077 56.4765 42.7818 42.7024 38.9591 -46.3528 -57.0051 -52.3981 34.0622 
30.3959 28.5687 -36.7581 51.0651 -22.6948 -32.8709 -35.4226 26.8358 16.0605 -37.9007 12.6338 -30.083 -33.3947 44.9245 41.2776 -26.8476 31.3182 -62.9796 -21.1282 -51.0496 -50.4861 45.6836 34.6321 65.8617 -35.2957 -40.6362 -41.9005 39.4672 -42.3255 42.9928 -40.0547 -44.2272 -47.4174 59.5425 45.1804 -43.1159 -57.4707 43.0668 44.2586 40.4721 60.4512 
30.2564 48.151 -42.5268 58.8832 -31.7317 -52.2317 -56.9937 49.7022 43.8353 -36.4436 26.1859 -18.2255 -32.7994 49.6807 43.6917 -39.0452 45.9461 -55.8626 -27.62 -35.3791 -53.8666 44.2942 28.3888 38.5044 -25.8275 -43.4051 -45.3372 47.5455 -39.4365 56.1721 -66.7965 -41.7392 -49.0982 58.5853 60.8269 -53.5926 -70.9784 59.9843 51.9224 
42.1698 39.951 -39.1131 58.0714 -54.9917 -50.6573 -58.3465 48.6859 44.1953 -41.4834 36.7597 -32.5221 -37.8697 37.1069 38.1833 -14.6321 42.6408 -66.9673 -27.2632 -46.0791 -49.2886 56.8058 44.0021 43.8808 -53.8495 -57.4091 -55.9896 57.6452 -17.2075 63.8218 -66.7754 -63.7554 -55.2 65.2068 
40.0531 29.8111 -46.3375 74.5538 -42.1779 -51.8505 -55.8252 39.5403 62.3338 -35.0192 24.9488 -31.4444 -32.6746 48.503 44.8637 -35.0573 48.8697 -72.6743 -32.959 -45.4228 -62.6013 64.9041 56.8771 46.0491 -46.7688 -60.4469 -52.4404 71.2199 -31.8135 34.5375 -69.6725 -69.6178 
32.9455 44.4782 -47.6202 66.8548 -32.5135 -58.1957 -79.1811 42.002 60.0679 -50.8071 36.5709 -43.1238 -27.3573 64.5159 51.3674 -38.005 35.9826 -68.68 -50.4182 -46.7215 -80.2969 67.6244 41.4089 59.4778 -47.9593 -59.2419 -71.7761 69.1384 -40.1511 46.6125 -76.1243 -52.5364 -71.9816 
39.7891 49.3754 -58.8292 71.2889 -54.1058 -64.8663 -47.439 52.2076 49.4339 -48.0025 36.0121 -28.6752 -50.2283 44.5727 67.8239 -50.1883 33.9616 -89.5314 -28.201 -52.7501 -77.3671 64.2795 51.4444 60.6018 -57.6791 -58.8553 
36.0731 40.9923 -50.3102 82.9572 -50.1555 -59.532 -47.7591 72.1586 60.9151 -39.8786 40.6217 -32.6155 -36.6825 63.6455 61.3137 -43.8118 56.089 -81.187 -36.7968 -60.7072 -88.9243 86.662 59.1641 59.2008 -67.8961 -69.0196 -73.9924 74.1538 -56.2379 
43.8568 50.1191 -56.222 79.0374 -49.0103 -60.2065 -59.8922 65.2603 75.2953 -54.2773 39.789 -37.9917 -53.281 67.4409 71.416 -39.3648 63.1007 -75.438 -61.2944 -54.0144 -71.8035 75.9175 82.4495 62.2498 -53.403 -78.2579 -71.2001 82.6479 -59.548 68.5659 
57.5079 53.5035 -48.0482 84.2658 -47.3124 -62.8059 -51.5338 72.096 73.9309 -54.4418 34.1523 -38.0425 -79.6854 53.0167 73.6034 -35.7368 62.1577 -78.5445 -66.9952 -62.3084 -102.62 94.5501 69.1526 53.691 -79.0808 -85.0575 -90.6207 90.26 -53.0252 53.3614 -68.9764 
53.351 56.2627 -78.1812 88.8316 -61.2855 -61.0037 -72.4982 64.5201 78.9623 -46.8274 57.1622 -41.4323 -54.4054 58.2286 63.8584 -43.392 51.4625 -75.0937 -51.9766 -57.7653 -96.949 78.2955 66.0967 65.8311 -68.2506 
57.6475 53.1962 -58.3765 94.4219 -41.5318 -55.6597 -71.4614 53.8338 75.3791 -58.1269 69.3584 -47.9835 -66.1683 73.1055 82.4721 -55.4652 78.8724 -84.7932 -37.9502 -55.5968 
49.5065 67.7874 -68.1357 85.8191 -61.2814 -68.9745 -65.4515 79.7814 84.0426 -61.6185 32.4917 -34.988 -54.4827 76.124 65.5159 -54.9139 47.5331 -84.1713 -58.6462 -49.5541 
65.5222 57.7625 -80.7559 93.6881 -27.1631 -77.5837 -68.7163 71.8541 52.3114 -64.5992 42.3573 -39.7809 -58.5352 69.5692 86.1778 -58.3467 48.8115 -98.6093 -46.5097 -53.7201 -90.196 
49.9823 42.8925 -86.5611 73.265 -46.5935 -63.3526 -66.6951 72.9021 92.8505 -51.9998 39.6154 -51.9501 -52.6791 65.3774 62.2263 -41.4744 59.0923 
72.258 60.6431 -52.0429 86.4983 -75.5828 -80.2969 -65.3322 78.1394 93.8817 -53.1163 23.1022 -31.9296 -72.6092 57.0883 
44.651 65.5443 -59.3771 92.0312 -62.3065 -53.1507 -61.4834 82.2897 79.2887 -55.4635 53.4031 -46.1704 -44.6935 62.7237 61.4384 -36.6216 
64.9756 50.6021 -55.1286 74.34 -55.0047 -71.0445 -64.9706 84.7494 108.516 -52.427 40.6344 -38.4189 -47.196 76.9237 76.8422 -64.6801 63.0638 
79.7701 37.2961 -66.5547 82.4927 -52.6702 -63.6612 -90.1484 86.1311 85.5415 -69.8333 33.6532 -74.6912 -41.2878 75.7852 67.5297 
76.6115 63.5623 -90.8067 67.2625 -58.9747 -81.4664 -95.8518 76.1723 81.206 -62.3878 67.4894 
49.5137 60.7635 -68.0479 66.4522 -64.1568 -47.577 -79.272 69.0284 96.147 -78.6773 
61.4205 67.8825 -91.4531 68.9733 -81.5584 -92.8988 -72.9113 73.0439 
78.639 53.7576 -48.4138 87.0821 -63.964 -97.6205 -81.4777 92.929 
90.7753 113.549 -91.6295 87.5331 -69.3122 
109.158 81.5448 -50.7818 
72.6619 117.215 
