15.7339 -0.91206 -9.7827 12.189 -13.4873 -2.57414 5.42183 -5.47581 7.56044 -11.399 -13.3899 -3.67443 1.63133 -10.2184 6.81119 -6.44023 -8.64818 9.00026 -17.7368 -6.34878 1.82493 -6.06676 -1.68083 5.69013 -6.62359 -9.57662 5.22864 -3.43881 6.37004 6.12956 2.66435 5.58174 -3.68013 -7.47961 -8.82955 11.2277 -2.42128 6.20913 -11.7651 -11.3671 -8.17881 -5.60975 -0.571623 11.9437 11.492 1.7464 -11.3704 -4.20033 11.3791 0.872734 -10.6118 -3.55708 -6.55332 7.59942 -7.03012 10.9287 1.47568 4.14682 0.192067 -6.72593 1.90217 -8.52373 10.5191 -4.07846 8.21014 7.36627 9.1281 -10.824 4.67956 -7.72845 -0.368691 1.31183 4.30938 0.091307 5.81244 -11.6409 -3.73298 -4.5818 2.18146 -4.98082 -4.64051 5.25108 -8.1965 2.55043 6.54004 8.13613 -3.64466 1.25559 -2.69253 4.96614 8.50764 2.98291 1.15204 -10.2022 3.01414 6.04001 12.6182 6.9993 -2.19192 -5.79685 
18.0161 -2.49648 -10.4814 17.8146 -18.605 -8.73567 12.0885 -6.4811 8.87944 -16.6668 -17.8714 -13.3978 -8.43165 -11.7777 9.74085 -8.2712 -13.7668 16.9356 -23.2449 -8.86985 6.05758 -9.06794 1.4853 8.21262 -12.0295 -12.2175 10.4052 -4.40931 8.68201 13.932 2.18414 11.386 -8.09693 -7.71286 -13.3109 14.2808 -8.70619 4.21226 -17.5701 -17.6183 -14.3861 -8.53984 -0.653559 14.5563 9.58262 2.97219 -16.9381 -5.09553 18.5497 -0.785438 -17.5341 -6.71947 -12.146 5.59853 -8.92208 14.0078 -1.08782 8.20606 1.65253 -7.58758 1.58059 -6.14424 13.2798 -2.70176 8.52368 12.073 8.95409 -11.6692 4.82481 -9.94404 
21.4116 -6.77045 -13.6813 21.169 -25.8797 -14.6247 22.2006 -16.8455 18.3454 -18.1317 -23.6081 -16.2707 -18.438 -19.7535 13.8666 -15.7762 -17.5906 19.8789 -27.246 -8.09358 13.8677 -12.9184 4.52967 12.2815 -14.8523 -18.5111 16.4102 -12.9011 8.62377 18.5435 6.86916 17.5707 -15.3152 -9.98854 -13.9436 16.8817 -15.2566 7.95121 -20.3412 -20.3989 -20.4963 -15.7437 -7.88288 20.2109 16.6837 0.704422 -15.0319 -18.9852 25.4756 -9.83718 -21.0939 -9.72103 -19.8005 13.8259 -13.35 15.0688 
41.772 -14.823 -19.5247 28.0062 -37.3553 -26.7169 29.67 -28.4434 32.621 -26.5457 -39.1619 -24.6965 -19.6449 -28.9421 19.0953 -20.5881 -28.5757 24.8568 -39.9504 -17.8591 22.039 -18.8128 15.9577 17.7732 -21.9863 
50.1919 -20.6435 -31.4856 41.6574 -46.4317 -35.8036 32.1904 -38.729 44.2284 -33.4662 -51.1182 -42.6297 -32.8384 -31.0708 30.6132 -26.6758 -36.2849 37.0632 -44.4555 -27.0601 31.3999 -24.0114 26.4758 
64.8184 -28.5399 -45.7844 56.3692 -60.8685 -40.7701 38.6173 -46.3549 53.4519 -41.1175 -64.815 -53.4078 -44.8604 -42.6415 42.6436 -30.9377 -52.873 53.1757 
76.9003 -41.7234 -56.1479 66.753 -74.0724 -66.0619 57.783 -50.8932 66.3358 -58.0309 -73.9229 -58.305 -61.367 -52.7034 57.3877 
91.7451 -60.4275 -70.9647 81.3252 -86.4742 -90.4699 76.0707 -60.1477 77.0288 -66.491 -87.2984 -74.2054 -79.0153 
104.639 -71.1582 -83.2034 102.127 -102.758 -101.089 94.9115 -69.348 90.6861 -90.9833 -102.898 -92.1513 -98.9235 
131.258 -90.9355 -98.3092 126.458 -126.467 -121.605 109.708 -87.7694 107.043 -110.27 -117.127 -105.589 
156.39 -110.641 -116.007 148.5 -151.573 -140.912 130.966 -96.2123 127.172 -127.685 -130.863 -118.375 -139.463 -118.624 
187.159 -132.71 -141.963 167.656 -175.324 -166.442 148.362 -109.804 150.222 -153.773 -160.672 -141.757 -165.751 -133.735 
214.5 -161.757 -167.981 195.432 -198.243 -196.997 170.285 -132.651 174.846 -183.497 -193.362 -174.49 -185.454 -153.54 145.582 
231.702 -175.646 -197.622 234.367 -214.345 -219.242 194.56 -154.157 203.427 -205.774 -222.623 -203.771 -220.555 -173.274 159.81 -186.015 
266.663 -188.761 -222.367 261.67 -227.633 -240.172 209.704 -162.914 235.652 -230.691 -239.482 -230.546 -239.555 -200.468 175.821 -213.197 
291.665 -212.979 -232.19 294.372 -240.553 -263.679 220.536 -173.259 257.381 -232.707 -251.388 -239.807 -267.861 -210.224 185.073 
305.506 -223.697 -237.653 297.82 -254.94 -284.848 242.087 -196.547 290.331 -236.986 -258.075 -264.459 -3.00002e+07 -256.146 194.642 -258.517 
299.741 -235.388 -3.00002e+07 305.66 -252.473 -301.004 245.986 -214.757 302.638 -252.233 -271.007 -297.109 -280.105 -284.191 193.652 
3.00003e+07 -271.897 -3.00002e+07 311.56 -219.911 -6.00003e+07 255.609 -220.952 3.00003e+07 -262.504 -276.495 -3.00003e+07 -3.00003e+07 -274.565 
3.00003e+07 -6.00002e+07 -279.085 3.00003e+07 -217.398 -9.00002e+07 255.483 -203.031 3.00003e+07 -3.00002e+07 -3.00002e+07 -287.082 -6.00002e+07 -256.862 3.00002e+07 
6.00002e+07 -240.682 -242.592 292.772 -166.728 -3.00003e+07 3.00002e+07 -196.701 271.055 -3.00002e+07 -215.347 -271.919 -9.00002e+07 -3.00002e+07 3.00001e+07 -223.787 -159.406 3.00002e+07 -197.41 -239.342 
3.00002e+07 -206.376 -184.527 246.288 -110.427 -3.00002e+07 206.204 -3.00001e+07 3.00002e+07 -149.659 -187.04 -223.323 -9.00001e+07 -195.505 120.057 -164.943 -3.00001e+07 3.00002e+07 -125.094 -199.499 3.00001e+07 -140.877 130.144 179.387 -3.00001e+07 -142.083 94.0434 -135.56 39.7171 139.115 121.371 166.112 -51.4019 -67.6926 -104.236 
153.024 -205.205 -142.893 163.149 -112.832 -200.88 163.492 -140.441 191.742 -113.897 -167.892 -114.863 -152.182 -176.269 101.486 -128.926 -78.2865 3.00001e+07 -66.6724 -113.058 100.869 -93.9689 112.155 102.822 -74.484 -85.229 60.224 -118.623 16.977 100.216 90.9989 110.801 -39.7185 -41.8372 -25.5436 133.087 -79.2861 168.584 -79.2127 -98.3209 -78.7646 -139.986 -101.635 112.954 106.39 3.00001e+07 -87.4017 -125.681 180.713 -130.332 -3.00001e+07 -3.00001e+07 -131.637 186.274 -51.0894 53.1946 -34.113 54.6093 53.3417 -50.8843 
87.1843 -140.954 -74.7622 129.643 -93.4194 -114.428 85.173 -104.843 99.5018 -107.141 -100.693 -38.3478 -83.3019 -113.228 52.625 -66.9472 -33.2364 91.398 -44.4433 -78.1845 81.8408 -51.4809 86.0344 65.4671 -46.4438 -54.5717 54.9411 -66.275 -10.3503 12.4653 27.685 59.7789 -24.0584 -24.8455 -31.7115 87.0519 -36.8881 100.603 -31.9586 -14.1373 -25.3572 -99.8977 -56.1239 99.4444 79.3293 23.1278 -44.8462 -61.6789 137.444 -107.329 -62.4573 -64.8055 -116.062 117.426 -40.3909 25.8073 2.63021 24.3401 19.0984 -59.6011 -44.7117 -58.9867 38.0562 -3.4703 21.4124 15.5071 48.0491 -38.2333 20.8981 -36.0992 -33.325 35.8916 41.7905 -25.437 9.28775 -24.5494 -65.8743 -42.0544 10.7962 -46.4271 -34.9841 39.3792 -32.669 -1.01023 63.9491 13.7905 -46.1109 -31.0274 -18.7456 42.7278 35.0937 45.7688 31.6887 -3.56837 31.5839 2.028 29.981 10.2323 -47.1877 -28.7828 -5.14765 
49.8485 -47.1511 -55.9053 74.4087 -27.6592 -20.8948 19.1683 -75.7938 104.893 -48.2956 -24.1257 -21.2865 -74.6628 -42.3392 23.9756 -35.3253 -45.8004 35.1755 -50.2593 -23.182 34.2208 -27.9477 -3.50585 -7.78049 1.47294 -29.4327 45.0983 -4.46183 1.29054 16.4892 12.729 58.4127 -5.741 3.52005 -16.6721 11.7573 -47.4023 69.9529 10.5098 -2.0752 -18.7034 4.4716 -23.5923 50.8968 14.492 22.259 -27.9514 -31.4781 23.7924 -20.0034 -59.7801 11.9487 -46.7963 32.4847 -29.12 5.44507 16.4656 11.4759 17.9176 -49.4624 -18.054 -33.5131 27.9176 -22.2947 13.1926 0.773158 26.0489 -27.0709 15.9694 -17.0192 -20.4595 13.0194 36.6761 -23.142 7.16043 -11.2513 -37.4468 -28.1444 -8.18489 -34.9935 -38.3908 33.2297 0.750412 1.62198 36.6866 19.1574 1.31854 -10.6543 -15.2332 20.1626 10.2606 28.0213 8.27282 -4.4493 -15.9414 13.2193 27.1974 13.8614 -5.99254 -32.0152 -0.148247 39.8266 -2.1153 -42.5393 2.54092 -11.3178 46.7249 29.3738 1.11368 -38.6063 7.05798 -5.7914 16.8315 -2.64382 12.4198 2.67501 8.69438 30.4286 5.38391 -6.81607 -12.4205 -10.6897 -35.0281 -14.286 18.9606 9.52915 -9.83258 2.53656 -22.8728 -0.0821837 -27.9329 7.70766 17.6187 13.2398 18.394 -20.0802 1.83974 -26.8502 -38.4602 -3.05999 1.31384 -18.6289 -45.4873 27.774 0.665054 -28.61 -15.8129 46.402 28.3078 -15.6831 -11.3544 -0.503436 24.3553 16.3056 23.3686 18.5979 12.6779 11.9325 0.818048 20.2092 18.2596 -2.98614 14.0824 -3.56239 8.43498 12.4778 9.97733 26.2776 31.6905 -13.3653 33.3418 -42.4126 -7.45802 -23.7942 10.0146 31.8527 26.9342 -0.0410756 -14.5865 16.9513 15.0401 1.7756 6.82671 28.5625 19.7987 8.86049 2.56594 2.52066 3.23208 21.0176 -40.2499 -0.955186 1.96462 0.0896752 4.55631 -9.97797 -20.6925 12.3565 27.5067 -16.5743 -24.0543 5.29342 -15.0804 -19.8208 15.001 7.42675 20.1032 -17.5308 -6.86849 -25.6352 34.3026 12.2947 29.9221 14.4974 13.6091 
40.3724 1.69996 -24.164 8.53404 -5.5689 -18.4239 10.9168 13.2065 17.9176 -16.1832 -2.27805 4.07006 44.7501 -8.05401 -29.2942 -5.66146 -9.09278 4.27257 -4.69633 -22.8632 20.3748 3.0741 -1.8338 0.579605 -1.11954 3.70043 6.2444 -8.93949 -2.49765 -6.01311 -7.23572 24.5471 9.83889 -16.2074 0.547778 -3.28261 3.97533 -21.5757 -40.7795 -6.98236 -24.5887 1.02864 14.2351 23.1528 15.2505 13.0476 -5.89648 4.92181 14.1254 14.8835 -23.6875 -3.69945 -36.9652 12.4124 -23.6316 15.3808 -3.20589 13.471 -4.00721 -12.374 9.08521 -22.9312 8.53833 -4.65628 24.3278 13.1256 7.79978 15.0317 6.35841 -10.0695 -15.136 -5.06506 -1.03918 5.5882 5.50413 -22.5013 -4.21266 8.39544 4.59845 -1.17598 -31.2253 6.71891 -22.7018 5.24456 36.3105 10.6673 -3.36541 -14.313 -7.8397 13.9862 -5.43206 -2.61427 17.6611 -12.8346 6.87135 -0.17259 8.16061 -3.76863 0.558296 -5.59129 -10.3145 -0.36446 -8.62996 -1.74275 -11.4802 3.88853 3.65118 12.1496 12.2188 -13.1834 4.80247 -4.18601 -3.14189 2.02321 -10.4306 12.8316 -3.38142 1.57985 -7.10621 2.99528 3.73113 -9.86238 2.71891 11.3378 9.18201 5.97707 0.453003 -3.70436 3.44032 10.827 -13.1152 12.6469 1.47538 6.20404 -11.1769 -15.9078 22.9422 -3.35567 3.48736 -3.02251 -1.3057 -6.33388 -13.6677 -5.29716 -9.58616 4.80596 6.54032 14.2749 11.29 9.07971 -5.08647 2.97413 5.27763 -5.77633 8.74977 -4.89577 6.42324 -0.550238 -0.991199 -1.01861 -9.55519 -3.93557 -13.5895 19.623 7.52629 21.6673 -0.0219566 4.70754 -5.16991 -4.85183 2.84334 1.22111 -1.92307 6.8416 -5.28474 20.0361 8.34975 7.45942 -5.70886 14.3608 4.99257 4.77804 -0.213223 -0.839237 7.83242 9.7375 -7.84595 -6.6002 8.70156 -4.22244 -24.4958 6.029 -5.54101 3.75639 -7.76489 2.55879 -0.0861823 15.917 20.6526 -0.281613 8.50437 -2.3806 -3.01569 -5.23668 12.5938 -3.50544 9.96785 -18.9204 -2.16932 -1.02856 3.0511 -6.3086 6.1995 -4.09216 15.2609 -7.82105 -11.5515 2.08166 -20.8159 -17.2244 -10.4447 -2.66777 6.86079 8.56782 16.8051 -31.1777 6.44449 21.0461 3.83582 -18.7854 -9.64457 -18.1535 -31.7841 4.97185 -6.43965 -13.0795 8.97787 5.12224 -0.819855 3.36091 7.59348 -5.83463 6.55788 -5.97564 -2.92318 1.79323 -12.9862 -3.39883 -17.265 36.4576 15.1285 -40.5713 9.94136 -0.957878 -14.0493 13.2756 24.3683 4.33621 9.17143 -21.9865 14.9067 -8.43173 10.5071 18.8561 -7.22488 -11.6144 10.4741 8.48248 -10.9269 19.1908 2.73581 1.53116 11.3053 10.934 2.54978 1.16606 -1.22274 -0.756356 -7.99076 1.83822 -5.54492 -2.5748 -5.52663 8.75662 -5.53402 0.691986 8.11009 7.15997 11.3098 -6.37827 -8.20101 -11.157 8.46163 3.5276 15.3699 2.3927 3.51132 10.9162 8.43701 -2.54814 6.47424 -17.9485 10.1462 4.32495 8.17643 2.50063 4.90511 7.87055 8.26535 5.25398 7.68281 -15.2004 -7.85161 15.8503 -12.6884 -4.646 3.27633 -0.883757 -3.00418 7.85288 -10.3443 4.54892 -3.2364 11.1411 -8.50575 -12.9428 5.75293 10.044 10.3324 20.0903 -2.38832 10.4947 6.27382 5.29602 10.6147 13.9204 -3.42123 -28.3599 8.97751 17.439 -19.6634 -1.65007 9.32427 -4.62671 11.1921 -13.3763 -1.85241 -4.51032 -13.2335 5.39642 1.04757 -15.0787 -3.13948 -14.93 -1.7467 -4.98587 -9.1764 -20.269 -8.88762 -15.275 -24.913 8.44839 5.48796 5.69361 -15.6517 
11.3707 6.26253 -7.30806 -1.30599 9.01365 -1.08267 7.68649 5.37849 -9.38048 -3.25439 -5.19659 0.620606 -4.6788 2.38752 4.89613 -1.09202 -8.84199 -10.3905 -15.4468 -0.0147916 -1.09845 -1.71117 -6.08244 6.6385 -2.83683 -4.46524 -2.22083 -4.33416 1.1202 7.24955 4.5493 5.77712 1.93623 -6.54705 -0.624226 -1.7624 4.01925 7.99359 2.48773 -12.7103 6.78947 -7.27516 -2.45636 5.22261 5.42791 -4.01457 4.65698 -8.28728 12.3191 -3.80849 -3.328 -8.72385 -1.91886 6.665 -8.40258 8.25541 0.462241 1.46307 1.69533 -6.44816 -0.787654 1.84464 10.3495 1.75637 5.02781 6.95216 8.92305 -7.55974 3.70451 -4.48279 0.100114 -2.25788 4.73878 2.79165 6.84355 2.65686 4.00142 0.599787 1.16277 -4.84015 -9.88441 11.4122 -4.97867 4.35258 -1.95824 2.89667 -5.8893 0.0527414 6.61319 1.44338 4.52066 8.99588 -0.399935 -0.60403 2.47493 5.22846 6.2259 7.90633 1.1388 -8.39863 -1.24875 8.83687 -13.0774 -3.76278 -8.16074 -6.68303 10.0823 9.17105 2.34553 -11.3144 6.43596 0.10643 -2.44457 1.507 -2.28856 2.03479 9.02107 1.65984 2.99821 12.9377 3.52558 5.31689 -1.76604 -4.77781 2.68683 1.08787 0.873682 -3.40742 -5.82957 -11.4127 -9.80766 5.95735 2.59509 8.09449 5.72458 -5.98712 3.2045 -13.1764 1.73001 -3.19991 -4.68185 -11.3616 -3.79001 2.6365 -8.94209 -16.1497 0.145422 3.16458 10.4924 -3.71171 -6.0964 -3.81278 0.147657 0.150021 5.75423 1.71195 0.128845 -8.34389 -1.13189 6.31475 -0.561223 -5.19178 -2.13673 7.34672 7.37441 -4.81205 8.63715 -3.2333 6.56805 -2.29371 4.64555 -5.87314 -1.04174 -1.58744 -6.87588 4.16343 -7.6956 2.38337 -2.81424 2.23385 4.12464 -8.28907 -1.08015 -0.531447 3.20481 4.57601 -4.42182 1.46166 2.30268 0.823965 -8.83875 9.86719 -1.72228 -3.55086 0.722778 -2.94832 -6.35799 8.31166 7.19613 -9.80297 -1.22049 6.2607 -5.22387 -6.72897 6.10315 7.73189 0.89553 -0.171042 -1.6225 -12.3852 10.7687 -6.38872 6.9957 -4.77023 2.21133 -5.64054 -14.7363 4.07628 10.0942 0.976535 8.4199 -0.623339 16.4989 3.41239 2.85488 -4.10321 2.45174 -3.32146 -8.46411 0.998779 -7.79879 12.3218 -8.07911 6.72802 2.17463 1.26186 -5.33717 6.37632 4.61334 -4.28292 0.0733712 4.65522 -13.7817 -3.87209 -13.1907 -3.80808 6.89336 0.719937 -0.148379 -8.04456 9.44246 -4.73532 5.25995 2.71272 4.12359 -8.53008 3.72174 -4.99183 4.53643 7.83261 -0.85202 -8.24542 -6.97746 6.04151 -1.74433 -9.55725 -10.1921 -1.63604 -0.362401 
11.5009 2.32412 -10.0838 2.10208 -4.10698 -8.83954 -4.8261 -7.17327 6.24547 -2.23407 -7.83442 -7.99558 3.36892 -5.12277 5.51355 -7.03276 -1.89186 3.51516 -9.93928 -7.87749 -3.03259 -4.97541 -2.2725 5.31013 -3.46233 -7.09037 1.96495 -2.78028 3.30505 0.855121 0.2134 4.45244 -0.260116 -10.0727 -2.76888 7.16562 -4.95265 6.88778 -10.0036 -8.45024 -8.38999 -6.5786 -3.56086 4.90393 7.69656 1.698 -4.30101 3.43223 11.5457 -3.66847 -6.99894 0.247046 -9.24674 -0.481159 -5.8083 6.70374 -0.945543 3.2009 -3.26544 -6.0757 2.48892 -4.67777 8.48158 -2.39469 6.5682 2.52385 9.73145 -10.0318 4.95007 -4.82996 0.0793871 3.34198 -0.640911 2.74298 8.78358 -6.52447 -3.63864 -2.24624 8.33691 -5.32448 -4.84566 6.82492 -8.14138 5.21698 2.64061 6.66625 -3.99837 1.66128 -2.1505 2.8567 9.68591 3.89041 1.65758 -5.08674 2.34353 4.12524 9.68713 4.51745 -0.447402 -3.78087 -1.58014 0.957774 -6.02817 -6.76334 -8.2755 -3.56655 7.89808 8.1776 -1.5015 -6.07297 1.61288 1.17997 0.38183 -5.03826 -3.74911 7.08471 1.44051 10.756 -3.74081 8.52867 5.73878 -3.21226 -6.53074 -4.83514 5.84167 7.51444 5.76782 -7.15756 -1.64855 -8.31205 -4.27485 -1.43918 3.47507 3.09385 2.79592 -19.0682 3.60304 -5.57239 -0.752124 -0.0301849 -2.21555 -6.25256 -5.19384 1.96977 -1.32596 -9.09843 -0.175015 3.88741 7.95898 -1.58292 -8.85915 -1.37063 2.29783 -0.689153 4.12833 -0.729395 0.935216 -4.54261 -1.72774 6.04268 -5.25167 -5.87676 -3.02609 7.08832 -2.27045 5.38175 5.25801 1.69333 5.18481 -2.58608 5.68119 -1.23272 -3.06505 -2.03177 -0.524692 1.50082 4.17549 8.35659 -1.14204 1.49218 6.86733 -5.91857 -4.2787 12.7207 11.3198 6.81477 -9.07689 1.43316 1.65598 -0.799432 -4.46842 5.46699 -3.64215 -1.03708 2.32434 -0.122048 -7.75423 7.24787 
7.01505 2.13063 -5.413 7.68763 -12.9633 -2.62148 3.11212 -6.5136 6.71779 -3.8278 -10.8218 -11.822 1.10433 -2.70922 6.50667 -2.13347 -0.132235 9.41588 -16.6238 -2.29048 0.0405907 -9.3762 1.80798 0.71096 -4.08726 -6.29147 6.15244 0.571519 7.1583 9.25494 1.00866 6.50389 -4.95552 -8.76479 -8.5619 1.16239 -2.35039 1.94688 -12.5216 -12.7979 -9.31398 -0.855522 3.2825 9.75104 4.01188 3.32399 -16.5771 -5.27744 14.3166 -4.3454 -2.9302 -6.72888 -2.94204 4.08736 -4.37038 10.6181 0.398735 5.4289 1.15571 -6.7694 2.26278 -8.4194 10.0175 -2.33333 8.40106 3.0795 11.6629 -11.4233 2.69228 -7.09253 1.80778 -1.77819 4.91239 -2.24569 4.87476 -8.79384 -8.75322 -2.33197 3.38673 -6.00531 -4.18968 6.21985 -10.3018 3.23993 6.60229 6.82208 -5.10165 1.61615 -3.73677 3.1982 8.80795 3.22443 0.852695 -5.71857 -0.887606 5.82433 11.7759 8.23418 -2.34689 -5.30914 -4.1492 6.9014 -7.68911 -4.4392 -11.4293 -4.33705 9.23404 6.93776 -1.56112 -9.81976 3.95687 -3.03151 1.68914 -5.63851 -4.8898 2.82533 9.91201 3.00328 -3.13574 12.0057 1.21116 1.20669 -7.87988 -1.71888 3.7011 8.81701 5.46459 -8.60867 -3.40691 -1.70466 -3.82009 1.94784 1.71237 7.4391 5.1704 -12.9708 -2.16572 -9.36757 -9.58901 0.826115 1.13756 -3.03546 
17.955 -3.29771 -4.15044 17.0189 -21.5467 -12.2327 5.57605 -6.01634 6.84319 -11.4481 -14.5001 -12.5989 -4.50834 -10.5508 3.66428 -9.85905 -13.7842 17.4165 -22.7873 -4.44035 2.17683 -7.21925 -3.90333 7.47675 -9.15225 -4.27374 11.0943 -9.15576 8.84132 9.65751 5.93393 5.56611 -8.52604 -5.69076 -9.579 15.3603 -5.34924 3.74912 -15.5605 -14.8868 -8.54801 -7.98372 -0.00463888 10.6539 11.5934 2.62565 -7.00019 -4.37247 18.423 -2.75462 -11.0963 -4.65262 -14.3799 -3.16024 -9.61903 12.6713 -3.07449 7.0367 0.88437 -7.13597 2.69397 -8.5706 11.3987 -5.85866 7.90861 9.28369 9.89824 -11.9883 4.499 -8.51173 0.977385 4.83658 6.23352 1.5314 2.33357 -13.1772 -11.0796 -7.29968 1.69388 -5.24126 -7.70293 7.36227 -6.74705 3.23742 5.03196 7.43693 -4.17602 -4.69681 -3.34304 4.43519 7.52372 11.6355 1.49634 -12.7779 -0.00328426 5.97625 13.2366 6.62788 -3.19389 -4.99241 -3.65182 9.69611 -10.0362 -11.8935 -12.5946 -4.49476 5.29558 10.7423 -7.1801 -9.76928 3.25864 1.10597 5.12521 
23.1292 -1.72429 -14.8969 18.8114 -23.6392 -8.87401 17.7009 -14.1565 16.3601 -15.3323 -19.6309 -9.0598 -14.5989 -13.4401 9.41963 -10.0029 -17.6894 18.8646 -26.359 -10.4967 7.01238 -12.9988 3.88004 1.25096 -11.4364 -16.272 15.5903 -6.85349 10.8312 9.52793 5.56926 11.1453 -11.4628 -3.50187 -12.2469 14.9782 -8.69931 1.56047 -17.254 -12.686 -19.0884 -12.9067 -5.50659 17.6352 16.8828 -2.8315 -15.6296 -8.865 18.5443 -8.12733 -15.01 -9.48685 -14.2616 14.4672 -12.4949 17.9555 2.52719 7.41769 -0.214293 -7.04543 0.233329 -7.56334 15.1017 -4.19744 6.99042 12.8299 8.04985 -8.06631 3.55437 -11.4616 0.605405 7.14482 5.43053 -2.34396 3.09771 -17.5646 -8.68846 -12.5214 2.8386 -6.54718 -10.0888 9.93883 -8.4562 3.41108 
28.3622 -7.4456 -9.87877 22.3223 -29.7965 -20.357 16.7666 -18.7017 24.0039 -13.1531 -24.8931 -17.6675 -16.6018 -23.0205 8.5346 -13.5224 -15.5457 19.6772 -30.5512 -12.0176 16.9378 -15.5091 5.95283 11.1693 -15.3327 -22.3209 12.8942 -10.4753 8.51223 23.5575 4.6962 26.394 -18.869 -15.1552 -15.6353 16.955 -10.0933 2.26637 -24.0255 -15.1068 -20.2978 -14.2944 -16.2614 18.3038 19.6718 2.76258 -17.3847 -11.6573 26.1085 -8.15436 -24.2013 -8.1066 -21.8742 12.7394 -11.2057 14.482 -5.26664 9.67497 7.51572 -12.9609 -1.17574 -11.1925 
37.8798 -13.0921 -23.3755 32.5784 -35.867 -25.2346 28.5399 -24.7164 37.3413 -25.6242 -39.201 -29.1544 -22.4195 -24.7365 23.9697 -19.4931 -24.1353 19.7196 -36.3058 -22.2548 21.1228 -12.3177 13.7 11.978 -13.9366 -27.1304 25.9549 -10.9867 19.053 29.4873 5.13852 33.1715 -17.3621 -16.9972 -13.8088 25.5009 -19.475 19.2659 -26.2474 -23.6196 -27.8036 -21.0905 -19.2514 
51.7532 -20.7418 -32.7126 37.692 -44.6398 -28.0319 29.2292 -36.5273 29.5794 -33.4557 -53.66 -35.5047 -28.9641 -29.2595 33.9229 -24.0586 -36.4644 34.8037 -44.6961 -27.2678 33.8514 -20.1666 22.7532 25.04 -29.1391 -35.9292 29.4073 -18.8936 18.2848 
60.5121 -25.6848 -35.7782 46.6777 -62.053 -43.7784 42.9335 -38.872 56.13 -30.4854 -58.1054 -50.0667 -42.9695 -41.2701 44.5317 -26.6113 -41.0528 49.2018 -54.8085 -35.1586 
67.1809 -32.582 -42.5852 63.1315 -68.6035 -64.9936 49.9622 -52.9958 69.459 -54.4867 -71.354 -53.2391 -55.4614 -46.7422 52.2911 -36.5838 -54.1837 63.964 
86.5293 -46.2611 -71.3519 70.2756 -86.0681 -78.847 72.92 -59.3489 69.088 -66.5028 -83.2755 -73.577 -69.3422 -59.2259 55.899 
94.9386 -65.9112 -74.6311 92.9048 -100.429 -90.5056 76.7872 -68.6781 81.199 -87.0938 -95.1878 -83.7294 -84.5548 -57.5048 
116.247 -75.4033 -99.127 114.319 -118.263 -109.278 101.728 -82.6928 104.455 -99.5092 -112.721 -92.6656 -100.7 -94.0927 
148.246 -96.5428 -112.089 139.115 -145.745 -123.943 123.452 -97.7327 112.678 -113.844 -125.095 -107.15 -129.855 -95.7912 
171.813 -119.233 -120.963 161.891 -163.907 -160.714 142.587 -107.045 125.206 -132.001 -146.412 -131.944 -150.18 -119.587 
200.199 -153.544 -159.054 187.527 -179.649 -166.46 152.02 -125.469 163.104 -172.94 -168.697 -159.652 -169.269 -137.691 
225.15 -166.107 -178.008 208.783 -199.427 -202.691 172.071 -140.359 186.103 -199.775 -200.158 -187.607 -200.94 -164.23 156.257 
253.531 -178.517 -203.176 246.207 -222.535 -229.616 185.17 -159.239 216.172 -210.318 -230.431 -218.139 -226.644 -184.028 153.121 
268.519 -184.44 -220.053 271.302 -236.059 -246.095 199.938 -150.818 253.395 -213.946 -246.022 -244.572 -256.199 -223.966 167.155 
286.918 -213.371 -225.661 288.812 -233.478 -270.216 228.959 -186.031 269.661 -210.867 -253.524 -260.889 -268.615 -233.599 177.769 -243.643 
302.273 -224.567 -243.543 290.089 -244.573 -281.782 233.674 -196.908 296.142 -237.014 -256.16 -3.00002e+07 -274.234 -255.149 192.262 -260.715 
3.00002e+07 -228.266 -260.534 291.202 -234.169 -3.00003e+07 232.588 -193.608 296.581 -3.00002e+07 -238.463 -3.00002e+07 -272.644 -263.252 187.969 -267.334 -216.62 261.336 
3.00003e+07 -218.901 -218.657 294.264 -182.748 -6.00002e+07 223.865 -182.905 271.049 -208.517 -235.063 -290.356 -3.00002e+07 -246.349 3.00001e+07 -235.346 -182.704 265.82 -191.313 -201.954 167.252 
254.243 -202.9 -228.252 244.946 -139.724 -294.463 212.733 -164.685 3.00002e+07 -163.445 -3.00002e+07 -266.439 -3.00003e+07 -190.321 3.00001e+07 -208.644 -148.544 221.537 -159.267 -200.684 3.00001e+07 -121.596 139.574 191.313 -184.82 -147.194 104.429 -125.061 
