8.78922 -1.88907 7.25725 -0.658847 -5.94473 -6.28075 -1.41992 5.72134 7.86483 12.2774 -4.64862 -1.48059 14.7091 4.62203 -4.2687 -10.6625 -8.89347 -6.01589 -10.5549 -14.1376 9.81623 6.56598 11.7935 -5.62788 8.94922 9.0798 15.1541 -13.1793 8.96753 -6.89302 8.95135 -14.5103 7.89191 9.95967 -9.59849 -8.1963 0.75675 -6.22324 -3.36476 -8.69658 -6.79756 3.86748 -2.08908 -18.5064 7.17147 -10.6073 -0.506123 -6.16786 9.25521 6.59842 -6.28168 -4.71025 -2.60748 -11.2619 -3.1108 -11.0256 6.76828 1.17947 -3.89826 8.29439 -4.3923 -3.82045 7.58956 -7.79248 7.46964 0.786298 -4.54178 7.97602 -5.16643 -4.649 -4.44628 4.57788 3.70133 -5.37548 8.89841 -9.02347 5.55483 -4.27278 5.73296 -8.01252 
13.4787 -6.22841 10.7584 1.9638 -7.78015 -7.84208 -9.85901 10.2938 12.8955 14.2478 -5.79471 -8.6348 16.1116 16.7937 -7.99153 -13.1805 -18.1267 -9.67985 -16.5155 -20.4997 8.45055 8.16396 16.8995 -10.0597 16.0321 14.8995 20.8766 -17.0259 16.6239 -12.4633 16.0919 -17.2579 9.40549 8.19472 -19.3642 -5.5834 -7.40277 -9.85944 -4.42087 -8.81354 -13.6158 11.9618 -14.6439 -20.0912 14.5604 -9.97602 5.03456 -4.6855 10.8944 9.56554 
16.4135 -12.2921 14.7017 5.08616 -14.239 -10.8252 -12.1441 17.3439 18.4358 20.4688 -13.1512 -13.757 29.524 29.4197 -8.42701 -13.5304 -20.4824 -17.3389 -21.8168 -23.8367 16.4009 13.9078 26.8595 -13.5546 19.2403 20.2246 30.7474 -17.2817 21.0241 -18.7269 15.8665 -23.5656 23.7294 13.6646 -23.8954 -6.89184 
28.2421 -17.4978 24.6852 12.9501 -23.7033 -24.1331 -20.2184 23.5001 23.4331 30.5707 -23.8358 -27.5461 33.8919 36.4132 -25.2695 -27.9403 -40.7905 -33.2526 -33.0206 -30.1212 
38.2687 -32.8041 39.3234 20.3575 -37.2318 -40.1106 -38.0768 31.4432 44.8328 41.4449 -34.3914 -36.1548 39.8921 
57.4034 -49.9769 57.7236 41.6422 -56.7882 -54.1769 -48.7102 50.7117 57.6367 58.7714 -46.4874 -54.1176 60.2183 68.6473 
64.2421 -71.2233 72.0162 63.861 -85.7115 -72.7048 -72.6382 69.4118 79.9485 71.8486 -60.9587 -67.6962 80.7492 84.191 
82.2822 -88.5107 91.4432 75.8013 -109.232 -87.1689 -90.3607 88.3059 96.3908 89.9038 -82.2505 -96.5093 107.444 
107.137 -111.162 97.773 85.2364 -137.071 -111.123 -116.518 108.857 111.293 100.969 -104.539 -119.861 129.231 
119.14 -125.485 115.586 98.4951 -154.303 -125.563 -144.069 121.605 128.02 126.742 -131.83 -140.746 157.115 
134.832 -152.22 137.451 114.899 -177.955 -143.493 -158.551 138.277 137.692 139.467 -156.523 -158.241 
157.753 -164.079 160.624 109.441 -202.499 -156.944 -180.785 140.535 148.158 158.671 -172.673 -180.712 188.566 
162.046 -178.131 174.747 116.687 -224.131 -187.054 -196.996 157.643 158.204 173.412 -190.257 
179.127 -193.07 183.594 117.891 -237.839 -208.366 -206.527 165.314 161.101 168.296 -192.548 
187.454 -207.64 183.022 128.307 
179.614 -207.028 180.075 121.271 -242.093 
168.686 -192.144 149.322 123.919 
128.688 -171.05 152.477 92.0261 -186.323 -152.131 -197.137 167.235 
87.2162 -105.88 157.232 83.1178 -140.766 -139.686 -135.692 143.853 146.108 148.151 
54.4882 -68.3607 125.746 105.499 -81.6488 -130.917 -103.535 133.046 107.222 143.681 -131.934 -96.9005 86.9613 64.6937 -81.445 -85.1113 -114.861 -116.204 -144.794 -106.189 55.1785 54.3041 99.8552 -123.378 90.1206 139.967 116.033 -126.27 
36.4479 -83.177 60.3203 83.3877 -60.4797 -94.5369 -109.733 45.9736 58.9612 123.198 -73.304 -83.5067 74.9861 58.8083 -83.4571 -28.9207 -76.5633 -56.2973 -91.1288 -50.611 19.3645 10.4659 68.4736 -95.6401 40.1483 54.6118 54.4594 -89.7134 117.931 -78.5872 95.2298 -102.035 59.1233 129.189 -27.3991 -4.99966 -108.983 -47.4979 -58.5576 -69.983 -87.8216 67.469 -76.9275 -33.6405 88.9716 -64.3939 43.7073 -65.2464 98.3853 39.1713 -32.3404 -74.7695 -47.2029 -90.9589 -6.86729 -58.3473 62.4377 6.91218 -45.4923 25.1415 -43.8845 -14.0759 28.3898 -26.4308 12.3776 30.5056 -1.47886 43.1511 -27.4676 -62.6966 -19.4689 45.8795 -24.3461 -56.5574 27.5712 -33.3645 23.5485 
54.837 -50.0993 75.7763 39.4005 -40.2473 -40.3561 -32.9702 17.6383 59.8425 52.1275 -64.1458 -60.0184 28.4909 -15.4791 -24.3475 -32.4395 -34.6128 -18.9766 -53.325 -45.676 39.4979 19.8027 14.0936 -39.9653 29.6173 32.3765 45.4142 -21.0708 41.6647 -15.0225 50.6662 -49.9756 9.46209 98.7431 -29.0084 14.1001 -39.5579 -9.32034 -9.49488 -41.1245 -61.1679 49.2796 -33.6723 -2.11025 59.3008 -59.1275 24.3368 -20.5056 71.6775 21.4346 -34.1137 -78.8505 9.38129 -44.986 -11.1913 -25.9307 26.2257 12.4626 -13.2027 4.68257 -22.8871 -2.39983 27.7263 -4.98794 16.3038 23.3899 -7.1459 40.9978 -24.9011 -48.3328 4.26313 -7.38119 -11.1406 -45.8045 32.0795 -27.3431 13.3004 -11.9523 32.7022 -24.153 -10.7226 17.2197 26.8872 -33.2881 -14.7565 8.29729 -12.4983 14.0613 -14.3282 0.387946 -41.5972 2.24807 14.6413 12.8929 -4.44231 25.0803 -12.0299 7.65596 -23.524 -20.6329 -7.73478 -1.51741 -15.9258 -19.2392 -45.446 15.2374 -19.0075 -14.9089 -2.29815 -32.8285 22.9898 -36.9532 -11.1992 -38.672 1.86939 -2.79043 13.8578 -20.5961 0.448804 -35.4577 38.379 -26.0685 1.21977 -13.0317 -12.4243 9.63401 28.4074 -18.4297 -30.3485 0.830938 -46.3362 1.77874 -9.4961 21.102 -13.2446 13.2524 28.486 -18.428 -26.8113 -2.76547 -4.55006 36.3909 7.46751 -28.7811 35.6988 3.61263 29.1511 -12.0111 18.0631 -4.21515 -3.55229 -8.71727 -1.09278 13.2277 -29.8375 
41.3028 13.8369 31.9233 7.70069 -24.359 -39.6642 3.7311 30.8587 38.7777 7.73866 -22.9071 -16.1794 11.0009 3.15931 -7.90286 -17.756 -42.1767 -24.4464 -13.1463 -11.0867 38.001 -9.84261 7.44069 -21.7021 2.7966 -8.75594 22.9896 -29.709 3.13627 7.6774 23.0585 -18.3985 28.0825 63.4643 1.34115 -17.7447 -1.36561 -2.49485 -3.69083 -9.04946 -3.99203 24.7563 -2.682 -6.63869 -3.78834 -39.7913 8.38214 -18.8159 23.0363 10.1194 -12.7538 -26.6193 -14.1612 -34.3756 2.0123 -8.6255 16.6814 15.2892 -5.46313 9.41983 -14.0262 0.690334 17.0711 -3.7482 1.97432 12.7103 12.5941 29.262 -5.88379 -26.0373 -4.54646 6.85247 5.73399 9.99195 9.17904 -24.3147 -1.73009 -10.6646 -1.57157 -20.0495 -23.1087 1.57411 6.5143 -4.33305 1.55504 9.04573 5.74042 12.2918 -10.0479 -30.532 1.98201 3.5905 -3.69664 -1.20029 -0.687209 20.1783 -2.03542 -7.49505 -16.3745 9.7681 2.03128 -2.32056 -34.6989 -8.93755 -17.698 -2.94777 -9.64816 17.3066 -6.93963 -12.1671 -3.35519 -10.738 -16.9745 -12.1806 6.11653 12.1392 6.89199 -5.51424 -8.04054 -20.4323 12.4694 -14.2452 -13.3808 3.26851 -3.08723 16.2102 15.7801 -9.70796 -6.90338 3.87482 -7.84505 -0.166427 -3.78188 13.093 -1.61836 36.3752 11.3596 -2.58864 -1.4327 3.66852 3.6657 11.4091 5.88373 -16.7129 16.3752 8.14543 21.6981 8.75368 10.6699 9.73726 -10.9939 -15.7075 -11.671 0.224601 -22.4607 17.8619 -4.34342 -11.9842 6.51641 -8.13047 -27.2945 18.5516 -13.9511 12.2027 8.91147 7.60304 5.75685 -1.76753 -5.92901 9.40354 9.48945 -12.6625 3.12675 11.9552 -17.2385 -0.558942 -19.3039 -8.62892 -16.3198 -11.9809 -11.001 -16.6097 -13.3014 -6.4893 5.19728 4.04122 -16.7887 3.85428 -14.98 10.0493 -15.332 -4.64632 -5.22067 7.91129 4.5187 -12.2729 10.3255 -12.5465 -3.86339 -16.5492 7.33849 -4.66821 -5.87773 -3.47544 16.6624 8.07258 11.8423 26.134 -12.8671 -13.5082 17.8019 3.68357 -1.85372 -15.9303 11.8779 -20.1178 -27.2319 19.5145 34.642 -0.969224 -13.8922 -5.18881 -6.9596 14.1209 -20.4438 14.459 -15.2467 29.4427 -3.75789 9.22812 13.3542 22.6883 -10.5153 44.1907 -48.2703 -31.7885 10.5706 1.45529 -13.65 16.9897 -8.64138 -26.9889 14.4726 22.7579 -15.553 -37.6403 -2.59339 41.4126 -32.075 8.8874 21.0045 10.3402 -15.0221 
9.93546 -13.4625 -0.448618 -8.26149 -9.47488 -3.76996 -11.8534 2.37362 1.66982 17.4971 0.383865 3.79515 12.3133 -17.7713 -1.99517 -13.1956 5.02738 -13.9728 -11.1962 -10.0572 -1.9452 9.0786 7.63832 -18.2147 -5.9999 13.7516 12.1116 -36.9007 -4.02608 -0.205971 8.1037 -8.72436 -0.765558 5.49751 -6.60554 -13.1068 15.1582 -19.9103 3.79161 -7.86345 -20.4449 8.95152 9.73407 -33.6572 5.9155 -3.25907 2.67465 -7.71533 22.4559 10.6354 -18.5492 -5.84092 -3.45823 -14.8587 -6.8011 -8.57869 1.79602 6.80437 1.50736 4.64632 11.4585 -6.26338 5.57904 -7.15578 5.31142 -0.664071 -5.10889 19.4618 -15.2679 -5.66335 -11.0622 9.96553 5.56939 -11.0464 11.5567 -6.47404 -14.6899 -4.86852 13.6818 -0.095664 -4.04937 6.69671 -12.9866 -6.67117 -3.63398 -0.952531 -0.326766 7.06204 -5.06949 -17.5017 -11.0381 8.91917 5.6153 4.47449 -10.2335 -0.900069 -12.1618 10.7428 1.8454 -1.56886 0.525089 -2.97902 -7.84305 -10.5223 -8.99121 12.1689 -4.36917 8.86912 -3.80702 -1.31726 -5.73448 -3.54315 -14.5958 -10.3402 4.41396 -1.18587 3.34868 -9.26881 -0.00511026 6.512 6.36386 -7.78322 -2.1905 1.69007 -16.1661 9.21193 6.01574 -2.07892 -7.94177 11.016 -3.32872 12.2731 -4.7511 -5.43107 -8.10352 10.52 2.79486 -6.59187 -0.482307 -4.59532 -11.4056 9.39983 16.2691 -13.3701 7.36522 6.69148 4.31393 -5.7672 -0.0909688 -9.17282 0.707613 -8.19388 -3.62904 9.8593 -0.935294 3.66728 -3.5381 -11.4292 -0.639826 -6.86426 -2.58248 1.92002 0.859908 11.0655 -0.706732 -10.3244 3.42261 -7.39896 9.14203 6.05827 1.07011 2.68006 4.24631 3.32125 -20.8578 7.29974 -6.13759 -5.26888 0.475777 5.14863 2.63257 -2.55171 -4.66199 -3.35937 3.13155 -2.74524 -15.5835 -0.0399998 -0.454998 13.9008 -11.9625 3.21047 -12.0571 5.10933 10.1808 -1.75718 3.19241 -5.46089 5.07413 -13.8661 -1.86471 13.5904 2.45028 3.22877 2.19484 -3.02433 11.8176 9.76061 -5.03441 -2.1076 14.8709 -13.6064 -2.29701 -12.3544 -8.18974 -7.92212 -7.36466 18.8801 14.6219 9.70576 -2.70507 -6.23324 -9.26794 -6.7815 -8.6086 6.18666 -5.1079 5.31374 7.90723 8.41265 1.27487 9.19234 0.49024 4.76638 -16.4714 -7.70876 -2.12576 10.0702 5.7882 8.62355 -10.5551 -26.8045 18.8603 10.3404 -15.3933 -16.2027 2.4389 8.93085 -6.81079 -5.20147 14.8177 5.71518 3.05655 -3.48536 -13.0064 10.1776 17.4051 
7.46692 -5.72816 1.33245 -2.42489 -7.17668 1.62568 1.8976 7.42864 11.32 9.96312 -0.522103 4.49337 17.2264 10.5591 0.268382 -2.21045 -4.40738 -2.98608 -16.3742 -7.05059 7.6835 10.2836 5.62105 -0.320801 0.663606 17.0482 7.4884 -8.2534 -0.326789 -11.8745 8.89806 -17.2222 11.2861 4.40193 -5.03108 -6.70356 3.99241 -10.9204 1.09111 -6.57446 -15.0119 3.25072 -10.3814 -11.2819 0.861972 -2.79455 1.60985 -2.19559 5.60247 10.238 -5.47021 3.86739 -4.36983 -13.0629 0.610161 -10.9941 4.95948 6.60063 -3.24229 1.95776 -5.35072 -1.9334 8.62737 -5.83889 8.08084 2.68767 -4.06618 5.98852 -6.54013 -3.17136 -3.40244 3.81617 1.70715 -3.42715 12.2077 -4.31118 0.76416 -8.56335 -0.867552 -8.12134 -3.1684 5.99877 -2.76054 -1.60402 -8.04225 2.96894 -3.19598 -1.19063 -8.15817 -7.92655 -15.1484 2.83604 3.21053 -0.309262 -5.68788 1.23957 -10.797 5.75317 0.113233 -7.496 -7.61237 -3.6742 -15.0856 -7.64582 2.0605 10.9982 -6.77619 -0.263407 -8.5066 -4.498 5.66638 -0.456195 -8.45136 -9.33948 2.41127 4.44275 -3.22407 0.658001 -7.82591 -6.83904 1.62153 -5.78023 -0.245269 -3.94417 -7.03191 8.87427 -4.97524 1.52426 2.56687 14.3905 -9.06251 2.811 -3.44188 2.42948 -7.10317 4.12096 8.03666 -3.92431 -3.03411 -11.8718 1.52178 5.99486 1.55858 -2.89744 8.74374 4.63668 8.32723 5.87971 2.19264 2.36418 -4.61211 -2.57916 -2.23969 6.06055 -4.66139 -0.827732 -4.12058 -3.44559 -1.57509 -13.7223 0.775454 5.00053 1.94968 4.43382 5.61003 -1.82002 7.50518 -2.03624 3.62176 5.71271 -1.84584 -1.01947 0.91507 -3.53571 -10.6914 -0.247382 -10.7729 -8.11845 -10.685 -0.597979 1.3068 -6.7082 1.64962 -9.00998 9.45953 -2.411 -7.35254 2.3199 3.73948 5.60409 -11.331 -5.38744 -9.65044 5.60313 
4.61218 4.74071 11.067 5.10505 -4.11321 -4.42155 0.453396 4.81325 7.76863 6.21651 -5.6353 -5.40956 16.6633 3.88293 -0.192697 -6.47976 -14.8208 -10.0673 -9.81734 -10.6095 3.83622 2.86671 9.09451 -0.790594 7.19914 2.53695 9.5729 -4.12784 10.9129 -2.69378 4.80526 -11.0098 4.29027 12.9473 -10.4595 -6.17558 0.809842 -1.46311 -4.93338 -4.94664 -7.27183 8.8423 -6.61583 -17.9609 7.57991 -10.3909 0.510004 -4.9547 5.6263 7.0222 -3.3605 -7.34552 -10.2197 -13.3103 -0.762069 -10.1602 6.85481 4.91689 -2.77275 6.91883 -4.28919 -1.32513 3.79524 -8.7434 5.58389 -1.77447 -2.44503 10.7418 -3.98872 -6.50313 -6.99266 2.65568 5.55805 -4.63611 12.0323 -4.56542 -0.0717879 -4.64698 7.19755 -8.19619 -6.782 1.56836 -3.5507 -8.76977 -6.93959 -1.68813 -0.628355 -4.26271 -4.38325 -9.6215 -7.47395 2.27556 6.19773 3.87298 -0.966514 5.22231 -8.2094 0.193558 -2.41542 -3.96532 -5.30972 4.51324 -7.94028 -6.59921 -1.77764 9.64973 -5.61883 1.77076 -6.25418 -4.69766 -2.76059 -6.39068 -10.4955 -6.71495 -2.17283 2.72746 2.0229 -1.71687 -5.57226 -4.87192 6.11683 -7.09771 -2.63959 -4.19515 -9.83039 8.81258 -1.58568 1.7793 1.97079 10.2941 -4.02016 -0.391665 -6.59529 1.60034 -4.18861 5.92861 6.2282 -0.415387 -2.40422 -11.7193 
5.64301 0.423756 4.59324 -2.25553 -4.39034 -5.28706 -8.06456 8.3699 13.7424 4.87524 -2.89029 -9.86489 15.3767 10.9208 -4.32738 -7.65181 -15.5673 -7.77908 -0.246667 -16.8884 11.1888 8.86691 9.70728 -11.7105 11.9299 8.27577 15.0464 -11.6776 6.08979 -11.5201 7.36969 -7.95261 5.9534 7.02068 -13.8087 -6.33957 -2.35348 -6.2091 -3.17496 -8.65844 -8.67911 5.90192 -8.96123 -15.9339 2.49709 -3.93309 6.5959 -5.0816 7.13605 9.19635 -5.7645 -2.33669 -3.04509 -10.9518 -5.84292 -11.0713 4.77666 1.51159 -1.53275 8.9501 -5.34816 3.51292 7.92174 -8.72887 9.33792 -2.34218 -4.96237 6.22456 -3.08315 -5.16631 -6.6294 3.97361 5.6808 -8.31227 9.10592 -11.1699 3.40206 -3.45299 8.09564 -8.1748 -6.0509 4.67455 -4.7169 -8.67102 -3.33495 -0.165721 0.194835 5.85527 -3.47742 -11.1862 -6.02932 3.69358 4.6333 6.45745 
11.1435 -8.90587 8.38228 2.23296 -11.3608 -9.61886 -10.2869 7.22173 7.50969 17.7921 -7.58966 -12.2273 17.5099 10.7663 -4.36083 -15.4485 -16.665 -6.89052 -13.2319 -18.0649 12.0226 7.21747 23.8332 -4.35798 15.9906 14.4171 17.5892 -18.9545 14.6066 -8.68609 19.3123 -23.1134 9.52668 8.34054 -19.686 -13.4336 -10.6226 -6.42978 -5.06133 -9.66373 -17.7562 12.6304 -10.7632 -19.9227 18.8277 -15.3673 11.3008 -0.81793 14.5141 9.52445 -7.63402 -9.55906 -7.27542 -11.4205 -8.32897 -7.88764 10.3396 -0.837206 -5.04386 
14.0926 -12.1462 17.4666 3.7773 -10.4155 -11.3149 -15.4425 10.9263 9.653 17.5588 -13.8278 -14.198 22.9728 28.8476 -8.53568 -17.454 -29.6481 -25.7174 -29.0288 -25.9587 24.2229 15.4057 24.9562 -17.6263 23.1372 23.3815 33.2405 -24.961 27.434 -16.8776 22.1898 
27.4245 -12.0957 25.7006 10.146 -18.8013 -16.0122 -24.2162 23.8332 31.14 31.6474 -26.3008 -29.8108 32.9099 35.1019 -17.0903 -24.6154 -41.3962 -27.3558 -35.9899 -27.9324 29.8361 25.8808 38.682 -21.844 
39.61 -28.6902 41.0277 23.2946 -34.7001 -38.0158 -34.1307 35.697 46.8692 43.215 -32.6844 -33.5383 41.926 51.4218 -33.4398 -40.682 
54.5936 -44.8617 56.5743 35.8249 -56.8503 -56.396 -42.4525 43.1293 57.7016 53.327 
65.4989 -67.6159 73.8585 59.3484 -83.5952 -72.5902 -70.6087 63.3429 72.9709 62.0594 -55.7354 -73.8129 80.8468 79.0284 
84.8162 -85.0332 90.7989 70.0696 -100.899 -86.0996 -82.1597 87.4194 91.0797 76.9637 -77.0451 -88.7649 94.3778 
97.247 -95.3759 93.6701 85.2165 -125.019 -98.0145 -111.484 98.8445 108.971 104.146 -102.39 -114.439 
114.894 -118.239 119.163 99.4321 -149.646 -117.505 -133.249 118.116 116.62 118.863 -131.242 
129.693 -142.876 130.365 99.3334 -164.956 -132.68 -160.028 127.316 128.695 126.629 -148.665 -149.967 165.91 
146.078 -144.808 147.619 108.505 -192.471 -154.036 -164.941 138.757 139.483 144.795 -165.226 
152.166 -176.83 169.899 118.223 -219.525 -167.582 -181.18 147.983 
172.689 -193.896 178.561 117.993 -225.036 -194.8 -208.47 165.841 166.521 
193.29 -207.22 177.937 123.963 -240.871 -201.59 
181.417 -208.867 169.045 
166.679 -200.032 
154.753 -175.807 
134.981 -144.825 
109.213 -148.679 158.288 128.17 
78.8273 -127.746 127.992 105.65 -113.732 -164.737 -130.711 108.812 149.596 191.941 -132.375 -123.147 84.2686 64.6952 -97.7269 -121.085 
106.338 -88.0643 138.158 87.3878 -111.572 -100.487 -89.712 78.4894 119.847 116.088 -121.484 -106.63 93.8811 47.5351 -82.0423 -110.125 -154.306 -85.4187 -131.09 -85.8891 110.778 35.1327 87.6769 -107.496 41.5228 
75.1218 -70.7996 62.6308 71.3174 -51.6956 -71.8372 -83.3671 47.1726 105.204 94.7227 -86.1655 -127.628 63.8027 58.6471 -85.0722 -54.8313 -116.117 -35.1909 -54.6151 -98.8174 104.536 99.2437 85.2584 -88.1005 64.0702 30.7966 127.184 
62.6506 -66.5134 28.9188 59.8939 -11.5674 -82.1372 -19.6085 58.6133 59.1648 66.4733 -72.0512 -74.2312 65.5315 31.573 -68.9332 -30.2101 -51.2814 -62.854 -65.8196 -76.2134 44.3317 74.6171 61.3091 -59.0141 81.4798 36.4191 73.4573 -41.359 48.0865 -54.6781 55.9601 -34.5354 64.5257 98.0856 -53.6386 -54.2458 -48.7744 -35.8066 -42.5498 -37.1491 -55.6745 93.9884 -58.9825 -45.6719 70.3084 -55.0426 69.4115 -25.9689 78.9487 77.7519 -65.9874 
