2.79937 -10.9153 -12.5298 -8.17895 3.44449 8.84394 -6.25995 11.5623 -14.3296 -5.18127 -6.07152 4.34414 -7.78786 -9.27914 6.4234 -4.18594 3.01299 2.08471 17.4351 -11.2828 4.28844 11.4498 -12.614 7.41971 -13.627 -1.50657 4.39457 -6.96971 2.92982 0.999392 3.51063 9.11662 -8.09439 5.86454 -8.36514 -0.885172 -13.3921 -10.6719 -7.91565 9.9197 -7.02826 9.60023 6.60026 -2.66406 -10.4016 3.73799 -12.7905 -7.37057 -11.1811 0.236911 12.7135 7.23324 -14.0803 19.0497 9.34101 -9.24349 4.94033 -5.38914 6.7045 -3.204 -8.70811 8.98662 1.06533 -1.90606 -3.04153 -5.703 6.52646 4.07039 -5.04176 -4.68894 -0.492305 8.68907 4.96316 -5.84704 6.56425 8.85841 4.07516 0.176517 -3.57538 -6.19822 8.29988 
15.2321 -18.2375 -16.0392 -18.8112 9.44951 13.4711 -12.5493 17.0705 -18.7264 -6.96385 -6.82318 6.54693 -15.8153 -15.7494 18.401 -10.8986 6.75787 5.96284 21.7811 -26.145 5.71383 16.798 -19.7647 10.9804 -21.0775 -0.842344 8.87585 -13.3952 15.7009 -0.422889 -9.11189 14.4593 -12.137 5.92818 -10.3584 -9.18397 -15.9579 -18.2328 -14.39 13.7706 -10.2177 18.3129 9.86391 -0.595161 -19.8922 5.62811 -18.2255 -13.8336 
22.5119 -26.8176 -22.1162 -23.5919 14.2028 20.9718 -19.0017 25.4923 -31.561 -15.1024 -11.8552 11.413 -21.3967 -24.3999 24.7049 -25.7895 12.1061 9.07324 25.8686 -36.8047 13.8687 19.2716 -24.5662 14.8671 -27.2222 -4.91833 12.5518 -23.3138 23.2908 -6.8854 -24.5979 12.703 -23.2592 7.44119 -11.964 -18.1984 -26.5431 
29.4847 -36.841 -32.1532 -34.2836 29.3829 29.5199 -24.392 37.3743 -38.0831 -28.5076 -23.2755 27.4405 -25.8548 -28.5283 33.0318 -29.9058 27.6126 15.0627 35.5114 -47.1336 18.5947 29.9276 
43.2112 -46.0641 -44.2698 -50.292 37.2037 37.2466 -28.4693 49.7379 -48.2504 -32.3699 -39.079 35.6381 -39.6477 -48.6125 37.5911 -40.6094 43.9385 29.9683 57.8231 
56.3148 -51.5985 -54.6449 -58.8688 47.897 51.1228 -48.675 66.9389 -62.6765 -41.0541 -50.2225 51.7335 -51.3937 -71.6899 65.635 -52.062 50.9389 
70.835 -71.6682 -70.1768 -67.3778 60.2715 69.578 -60.598 82.3078 -73.3609 -61.2822 -65.7797 63.3163 -59.321 -89.4668 84.2171 -68.2684 65.0031 
79.7561 -85.6754 -86.8969 -80.8625 71.3262 90.2771 -61.3091 98.3015 -85.6713 -68.7221 -76.3048 83.8243 -78.5799 -107.426 106.768 -76.7249 90.28 61.9609 
98.3101 -103.936 -105.386 -102.424 74.0041 102.777 -80.4961 117.695 -105.904 -89.5781 -99.2095 97.2057 -91.0024 -112.918 117.632 -86.3527 99.0145 71.2946 
106.895 -123.344 -116.338 -109.038 90.2481 105.419 -98.0904 123.247 -131.971 -102.868 -108.695 114.443 -94.9957 -125.088 144.615 -100.642 139.687 
95.5555 -136.346 -120.373 -120.019 91.5528 125.613 -93.9139 122.776 -131.896 -103.824 -109.015 111.856 -111.281 -121.745 
95.9486 -119.764 -115.804 -93.6895 98.2275 135.609 -99.1145 115.49 -117.426 -105.275 -105.028 121.385 
78.6407 -105.427 -99.1174 -91.152 97.8624 114.748 -89.1687 101.75 -100.263 -97.145 
40.9825 -90.0944 -85.77 -64.273 71.746 120.597 -88.5119 85.4828 -83.8038 -72.935 -91.7843 88.9589 -61.7254 -56.1978 99.4908 -82.7331 104.831 1.17307 126.69 
25.0076 -77.7498 -80.386 -61.0832 51.557 69.19 -46.5305 57.3204 -72.3785 -49.6818 -52.1161 66.8684 -72.7761 -37.1417 68.1308 -41.7452 98.6113 26.6607 86.055 -48.2779 125.199 51.3526 -58.2927 60.7084 -88.3818 -43.9309 73.4218 -70.4894 85.079 -39.8563 -69.4787 4.86748 -81.3514 42.3063 -45.7637 -32.8144 -94.0312 -39.1821 -81.7117 61.5426 -63.2401 82.9662 74.382 -4.95986 -53.8526 24.832 
32.5585 -29.1116 -54.553 -79.1289 22.7747 70.3525 -57.619 40.2552 -56.8241 -35.3964 -41.0535 31.9651 -40.2942 6.02731 39.8968 6.92256 68.8221 -3.99178 60.7338 -10.832 83.1974 54.1203 -49.316 22.0566 -71.3884 -43.2386 63.1682 -47.624 42.4208 -20.9662 -38.271 17.3574 -53.1875 12.9386 -21.594 -45.1251 -67.6138 -21.254 -57.0157 11.6632 -46.0213 55.2659 43.7233 5.26577 -34.9149 17.9669 -9.88153 -57.4273 -64.6945 33.2968 23.2339 55.3546 -83.5947 65.3201 31.0386 -15.6611 7.82161 -2.80608 29.0793 -6.08211 -15.5718 2.93296 29.1514 -12.6733 -24.7783 -15.6386 49.1765 34.4642 -28.3798 -13.8658 -27.3339 14.5962 13.1548 -13.1704 -5.16001 26.2052 -0.933178 31.7904 -4.23389 -23.0346 
27.3639 -25.1317 -30.3792 -36.9426 25.2206 39.8559 -40.9993 41.7306 -52.1193 -5.60353 -16.6435 31.6178 -31.3667 -32.0401 21.6373 -24.2891 35.4692 43.2494 47.6456 -34.3939 41.7604 32.722 -35.8241 36.098 -32.6496 -11.1795 37.8598 -31.5846 27.5948 -33.7397 -39.1669 17.0992 -22.8431 11.0931 -14.0875 -16.9342 -37.0456 -16.7421 -33.9275 34.2532 -16.891 28.7295 16.061 15.8254 -29.0014 17.8419 -15.9078 -14.976 -34.7801 46.7978 39.2784 36.0786 -31.122 45.0898 13.6644 -11.521 9.59506 -10.9181 18.5426 -5.5821 -12.3807 -0.900141 4.20789 -26.1242 8.40746 -24.6112 24.2116 21.5608 -31.4183 -18.8533 -3.61693 34.0488 13.4479 -3.71123 4.80904 16.6525 13.5147 11.0961 -6.90784 -9.7761 26.9777 -21.3789 -12.8528 -9.66018 16.1895 4.28437 7.42985 28.1144 24.1932 -14.4015 -17.0379 28.7206 -19.485 -13.6821 6.83628 24.4294 17.0206 9.31769 -7.61791 6.95219 12.3873 15.3096 7.47222 11.556 -8.44986 8.55304 6.45158 -0.0748316 18.131 14.1365 1.07834 9.07617 4.24402 -0.473023 6.99519 -4.51201 -2.1716 7.10501 19.4214 12.016 -7.80748 9.63296 -18.3788 20.4199 -16.3985 
24.7919 -19.7869 -20.0286 -33.9494 19.6787 12.4359 -17.9694 20.48 -24.1681 -0.811212 0.994582 22.026 -16.8004 -20.4492 22.5925 8.99716 4.39188 1.38196 31.1553 -12.88 21.2569 25.8263 -18.0273 19.0427 -35.2215 -17.9415 15.3913 -19.8863 25.1013 -9.83051 -14.2569 40.2412 -35.0478 10.044 -20.6965 -18.1738 -2.65141 -19.4335 -30.2547 31.5163 -9.46052 43.5503 21.9583 -1.89406 -29.0779 33.1834 -36.5617 -10.1799 -15.9808 5.96746 15.692 27.7932 -14.8855 42.2324 18.9008 -14.267 12.839 -5.98687 14.0657 -9.9049 -20.0304 17.2998 2.97545 12.942 -13.4992 -1.29622 9.19382 12.7406 -9.8142 -6.40962 1.86953 11.757 0.074781 -22.6287 5.41232 6.60741 12.7542 2.98372 1.48846 -3.4589 -5.9018 -16.938 -8.12321 -6.29622 22.9964 14.0913 10.0221 15.3434 10.2102 -16.8843 -21.248 7.44402 -5.911 -2.66956 0.251059 0.381886 7.27205 15.8011 -9.7332 13.353 21.9455 14.4039 5.08297 25.3018 -14.6735 10.2035 0.277154 4.98732 18.6213 8.5719 -3.11789 1.40524 5.1736 7.52445 2.23067 0.409258 7.65106 9.79198 21.1033 -0.429906 1.03182 24.3048 -23.9307 4.55332 -1.04649 5.27683 -2.16744 -9.59988 -8.59122 -16.5675 0.387455 -13.1667 4.55503 17.4675 -2.44972 19.3458 
17.0123 -24.2674 -20.0994 -11.8517 8.48512 15.3242 -5.55122 26.9409 -28.0352 -4.89268 2.25318 13.3741 -14.1315 1.96642 13.0848 1.48826 18.629 6.65462 19.385 -29.6269 6.53869 19.8876 -15.6951 15.8212 -19.8884 -0.562597 4.46599 -15.1178 18.1608 -9.45921 9.2126 12.3914 -19.3392 11.3547 -21.9158 -22.4858 -21.7803 -10.257 -27.5885 5.90251 -21.0611 20.8367 23.9279 2.07398 -35.375 4.84261 -11.9434 -4.60252 -7.90372 2.33798 18.9452 1.56911 -21.8124 8.74643 3.38498 -12.9732 4.51354 -5.63677 13.0817 -6.2632 -9.81582 7.35489 5.9396 3.18501 -4.60068 -12.8882 3.51504 4.35185 -8.38736 -12.8373 -9.16967 3.20307 14.1846 -17.8784 10.0205 17.808 -1.35211 -0.587745 -11.4076 -12.0861 7.36736 -4.20249 -3.38651 5.99933 17.2048 14.0628 8.47904 14.4887 7.09687 -8.50324 -7.75515 5.51222 -1.11618 -5.21249 10.1785 3.79788 7.28393 9.44397 -4.59646 13.7811 12.5928 16.808 0.178847 24.0308 -6.76326 4.7886 -7.11082 0.529088 12.9159 1.23792 -0.0882355 2.63779 11.9885 6.45454 -4.18635 0.876146 15.4898 2.53177 15.5888 -6.96529 -10.9846 10.5973 -18.5414 9.90815 0.595393 -1.67757 12.4727 -4.55723 -6.36949 -2.34273 2.2659 -3.03361 10.8397 17.9965 4.14882 
26.636 -6.18476 -18.6949 -13.6036 12.8128 13.2471 -5.4219 18.1843 -20.5163 -7.29891 2.2212 10.1581 -20.1458 -17.0327 7.69402 -15.2307 9.54661 10.225 21.1667 -24.7659 18.5147 18.2679 -23.3834 13.8804 -20.6273 -12.6804 8.13573 -13.8498 9.50249 -6.36653 -11.7002 14.6997 -13.4086 7.44596 -8.9821 -6.12425 -20.5399 -14.1128 -16.9035 15.7235 -2.5543 2.67358 5.26543 2.56545 -12.1713 4.50501 -25.606 -18.4161 -4.81213 3.77568 18.141 10.4703 -20.1042 26.9308 12.9916 -12.299 1.41347 -9.30964 8.61517 -4.61606 -11.8495 9.20668 3.9606 -4.13522 -4.22831 -5.63575 8.35842 4.17255 -13.9673 -5.61203 -7.08561 13.2333 11.0547 -6.48018 8.00236 4.90235 3.23182 8.60056 -3.49683 -10.814 4.18797 -10.7081 -6.86505 -6.11821 17.9892 5.8053 5.21097 8.57812 8.32863 -12.8044 -9.57585 -1.21289 1.0595 -9.70419 3.77407 -2.06964 6.1713 8.56679 -2.96202 8.1138 17.1049 7.06954 8.3728 17.8874 -0.869794 8.14361 3.63021 10.1883 4.97017 9.36205 -0.63712 -1.63096 17.7788 4.02739 9.51481 2.49885 1.46353 -1.94897 7.97848 -5.26912 -4.04493 5.96434 -10.0113 1.87002 -10.4744 5.23847 
17.6264 -13.4798 -16.7959 -20.3149 -0.271211 11.0928 -19.9358 12.7369 -22.6224 -14.8422 -5.97943 9.00066 -3.66987 -7.76491 15.9155 -15.3053 5.47507 3.59496 22.4132 -16.9718 -0.964196 22.2125 -21.1231 8.15849 -24.3206 0.571622 2.7894 -8.10242 24.5405 -2.12661 -16.2984 18.5845 -5.52702 3.42587 -3.64335 -8.45866 -15.1469 -11.0137 -17.0401 6.19204 -6.41758 18.3385 19.4829 8.04235 -13.106 14.2088 -17.4904 -14.9884 -22.6787 -1.24236 21.0009 11.7072 -18.1334 24.2238 9.05966 -13.044 9.37787 -7.56022 12.2767 -7.84089 -9.6121 9.12386 5.89621 0.201843 -2.22318 -6.9121 6.43345 5.08774 -8.5742 -5.01692 1.56216 11.7389 11.1282 -9.29565 5.35637 11.9438 2.85266 4.06487 -1.95792 -8.26202 10.0324 -6.67637 -5.2203 -11.304 10.0172 7.98576 4.58582 11.9959 6.16373 -7.03653 -7.20414 1.58574 -6.32438 -6.78205 5.14178 
9.9227 -15.9859 -11.6857 -13.1919 5.03084 10.7996 -17.6656 20.3543 -25.0339 -12.361 -9.36937 11.2193 -9.51861 -16.0319 10.1238 -12.6036 3.78202 6.09302 27.8839 -24.7131 7.93948 9.57957 -15.9875 9.18847 -14.86 -8.62154 9.67488 -18.5893 17.6124 -3.7996 -21.525 10.3475 -17.626 11.2753 -15.1264 -3.06762 -24.0684 -20.944 -12.3323 26.6538 -19.9289 11.1353 15.0314 0.783341 -16.0421 14.82 -16.1008 -17.2158 -23.2783 12.0974 17.7909 14.9409 -17.7452 31.4707 12.1543 -11.6189 0.155303 -3.8735 4.64993 2.60845 -9.64731 7.19707 5.91387 -4.62807 -8.76822 -7.42804 8.38445 5.00513 -4.85569 -7.36435 1.1451 13.4696 8.15737 -9.03128 8.65716 11.5441 11.4316 5.05853 -11.7011 
16.0103 -31.5126 -18.5907 -16.4602 14.6242 20.6744 -16.9904 21.8412 -17.1114 -8.86677 -6.13266 17.0482 -15.0389 -15.5171 11.9085 -17.4463 11.8085 11.0082 21.8291 -38.0058 12.6591 22.5231 -35.9314 7.98806 -35.8415 -8.64092 14.1612 -19.5339 18.8739 -10.0947 -22.3396 17.4854 -24.6752 24.4054 -25.7708 -17.1838 -25.5974 -23.5467 -12.9032 19.3032 -12.2675 19.5673 9.89486 12.6195 -14.3961 10.1981 -25.8029 -11.5366 -22.0896 0.702527 26.1951 10.4692 
22.595 -25.6951 -15.3398 -31.0186 17.6726 24.4204 -20.9583 37.2737 -30.6564 -20.6382 -8.53868 32.0765 -26.9792 -27.2116 31.6463 -28.2398 16.0699 -6.78505 30.2978 -49.4601 19.1211 37.8396 -37.7779 18.245 -39.7573 -8.82579 28.7821 -31.5922 26.5222 -14.2664 -36.7419 22.1077 
30.4123 -38.8736 -37.0935 -36.9085 37.4709 22.1047 -34.7017 39.2876 -48.7614 -34.7688 -23.4082 24.8495 -34.7109 -43.7574 39.2327 -34.8128 40.3094 26.3299 53.0448 -50.2332 27.5162 37.4279 -39.1008 24.1497 -40.7199 -31.126 18.6059 
45.1999 -39.0953 -47.5547 -48.6855 43.8501 34.8638 -20.9775 50.4231 -49.4694 -42.4586 -39.3286 37.9268 -41.4028 -39.6408 55.4505 -44.9851 49.6249 33.2787 
62.5948 -43.2849 -58.5269 -61.9429 52.2917 57.5122 -39.4803 69.0101 -60.2648 -45.3498 -53.6873 53.7464 -60.2323 -63.365 52.0923 -44.0586 
73.4169 -61.1622 -71.6871 -70.5071 69.6051 64.9774 -63.7343 90.2817 -68.3018 -66.512 -70.0558 74.201 -74.6039 -88.7533 82.0347 -52.3334 68.5875 57.5726 96.3337 
80.0523 -74.3893 -83.4655 -76.3692 78.2158 82.3662 -61.7906 88.6742 -97.4248 -61.8445 -75.4411 75.0322 -78.5896 -90.1663 96.5179 -71.5445 88.4532 81.0652 102.194 
81.7978 -83.3757 -106.027 -91.9338 93.6956 100.718 -77.5049 100.402 -108.936 -83.5593 -108.46 103.387 -84.8063 -104.876 131.686 -91.0169 
102.017 -103.439 -103.017 -104.078 82.6714 107.121 -97.1703 114.979 -100.402 -81.007 -107.178 79.1768 
103.444 -108.085 -116.18 -133.028 82.3308 104.7 -89.4023 118.658 -139.773 -109.446 -98.1478 125.493 -88.1505 
112.357 -135.182 -110.169 -98.8057 95.3048 113.973 -87.3126 89.7999 -127.783 -97.592 -96.0746 93.9388 -92.1721 -86.7884 157.155 
47.0274 -65.0409 -130.367 -70.6056 78.9205 145.243 -72.1859 101.549 -106.753 -97.6064 -91.4176 106.104 -93.4699 -83.5741 99.9165 -87.6213 111.64 
79.1737 -116.888 -60.6647 -102.929 87.5573 51.0416 -109.038 93.1245 -87.2086 -83.0218 -95.8297 103.343 -79.9699 -44.1535 104.977 -78.7921 100.32 52.4291 100.136 -104.33 134.132 65.1463 -86.8139 95.2712 -102.457 -92.449 78.8295 -79.2285 95.559 -37.6044 -129.23 47.4533 -110.752 39.117 -101.707 -66.0827 -119.74 -92.1247 
54.7923 -45.6617 -78.6232 -72.4491 38.2269 91.5859 -43.4534 99.3077 -92.1793 -41.7816 -110.438 77.4146 -59.6674 -36.2986 41.0756 -42.7157 80.9991 4.67418 112.154 -26.8896 106.546 66.7353 -54.3463 79.9106 -91.7327 -55.823 91.6922 -54.0625 71.1084 -43.1051 -104.427 39.4678 -93.1391 27.1048 -52.6878 -43.4838 -96.7615 -39.3614 -117.443 88.1288 -47.7004 74.3544 99.1796 26.1001 -98.3565 57.5464 -67.3657 -51.7033 -92.1735 
61.354 -85.9476 -46.4841 -44.0591 18.5381 56.9008 -30.975 24.9122 -83.6156 -36.2842 -22.9488 66.172 -52.6898 -53.8943 28.4588 -35.8538 39.5094 20.1993 75.036 -82.7983 72.326 39.4663 -63.4523 74.0091 -82.9148 -69.2271 74.7293 -38.744 47.3136 -39.7457 -48.0449 28.6675 -36.2966 18.3582 -51.9029 -36.4925 -72.2768 -41.8439 -87.3395 21.8985 -36.0261 47.9567 14.9767 9.17574 -47.3284 5.00618 -31.0457 -31.0407 -46.0724 46.1977 43.9968 29.982 -79.5715 49.6364 23.0622 -27.1688 20.6023 -11.2711 2.1147 -18.2578 -8.99086 33.7044 30.2666 16.4483 -19.1346 -25.3758 26.0214 41.365 -15.4029 -8.26357 -29.9677 26.7001 15.6044 
-12.4961 -26.5957 -29.7852 -10.3006 7.88051 27.1459 -49.6044 61.4694 -50.0591 -16.5054 -42.8188 44.6057 -30.7977 -52.1842 36.0475 -37.201 31.6571 28.5388 46.9744 -36.8615 15.6155 48.2044 -47.3032 17.8606 -57.1859 -25.4542 61.9786 -39.3516 32.9593 -28.0343 -24.2877 -0.191777 -53.7117 57.0336 -30.9507 -12.3468 -66.9837 -4.737 -22.0403 25.5758 20.0504 37.1645 29.253 1.94604 -34.3266 4.19392 -25.2668 -18.9043 -31.1404 24.0952 67.6867 32.501 -60.9441 40.7911 37.9012 -19.7591 14.6372 -22.0845 13.0423 -2.50503 -31.2512 -10.4882 5.56907 -8.50656 -3.3806 5.73562 30.4338 6.94283 -0.795045 -8.35087 -25.8242 27.2479 19.94 -16.6797 12.6932 23.3437 4.44066 11.7558 -4.96187 3.11889 31.8177 -23.8221 -20.2358 -15.0003 19.883 19.6042 6.6631 20.5993 14.6419 -16.8192 -10.8403 22.501 -23.2095 -4.60251 17.2721 15.9954 7.8287 
27.9202 -21.5729 -33.1331 -26.6462 29.1156 11.2168 -26.7388 15.5404 -12.558 -18.3309 -8.60975 27.0811 -17.6073 -13.5717 23.2312 -16.9449 19.1477 -5.46457 45.9576 -26.6478 26.1356 15.9871 -29.5054 34.7066 -42.4083 16.4775 26.8968 -8.3102 27.3051 -5.90994 -37.842 6.50043 -10.0132 18.6754 -38.3462 -34.819 -45.5773 -36.4659 -42.6738 16.6633 -7.47071 22.8773 23.1894 -12.3732 5.83369 25.536 -37.2917 -1.46155 -14.6704 -10.8068 8.82462 3.20228 -45.1322 56.4729 21.3851 -19.6945 5.72747 -8.28779 11.5212 -3.10274 -11.6515 6.04726 9.59076 -33.3815 -13.5512 -3.85003 13.0806 8.19826 -19.6895 1.32603 -13.9434 21.5626 -7.20081 -19.8186 5.36722 -0.935806 14.7673 20.7064 -19.3593 -14.0227 18.4661 -10.5483 -17.8038 -5.83846 15.5192 23.2051 13.5991 19.4145 16.2539 -8.42754 -11.654 2.67479 -6.75934 -9.13923 8.04168 32.1245 9.12316 20.436 -1.81963 13.7529 11.0149 7.02698 2.84599 22.6033 -13.6945 6.98899 1.8717 9.15196 22.6469 17.7829 -11.2812 5.87413 19.9716 12.7394 11.0772 5.17638 21.0037 15.3022 18.4842 6.84694 1.16132 3.65546 -30.1198 6.54442 -7.92246 12.9585 19.0073 -22.2393 -4.14195 -18.422 -1.03585 4.13873 19.4868 25.4732 -10.3433 32.9941 -14.3024 12.6803 -8.14869 1.82588 -16.0166 -10.0825 
10.49 -7.58389 -27.8481 -1.78659 18.4959 26.5567 -8.80474 6.20881 -24.6804 -9.09697 -22.2024 13.8962 -16.2682 -9.88487 4.77291 -6.53073 20.6292 3.67683 10.3402 -5.52064 21.5212 -0.789787 -22.3839 21.3711 -26.0408 -14.6138 17.4333 -19.8942 4.96757 -19.4473 -17.8492 19.8868 -20.6655 12.6611 -11.758 -9.06798 -19.6122 -25.6758 -17.439 18.9349 -19.4423 20.1137 6.49387 -4.73487 -20.9459 13.2837 -11.9712 -12.2272 -28.2643 9.05782 11.2232 -1.45187 -32.4887 11.615 19.5375 -8.29249 2.96874 -4.54302 11.6175 -12.9292 -7.56876 10.0107 -8.38894 -5.10963 -8.91156 -10.9997 7.12056 4.60147 5.19745 -7.69868 -7.20173 8.47266 10.645 -15.6318 8.87695 16.893 4.27644 2.43513 -6.70146 -3.3101 -11.4994 -14.6063 -1.31527 -14.5967 12.9236 7.22052 -5.31859 22.5249 8.23585 -5.79234 4.423 5.94892 -24.2587 -16.5465 3.71121 -4.02414 13.3098 12.4346 -7.43491 12.11 3.10651 11.8372 -11.0579 16.0702 -4.80747 0.845214 6.21567 -2.09273 5.43388 10.2418 -8.76949 5.68171 8.48244 3.0744 12.1281 12.4365 12.181 1.45698 4.69107 -11.7254 -10.5164 18.8625 -20.764 1.20475 -1.22907 10.0156 -5.68302 -9.02905 -6.93635 -6.8781 -3.91236 -1.77115 17.246 10.9609 7.31642 8.73361 -11.4341 19.3772 -6.81618 9.06205 -8.36954 -9.97372 7.36623 0.49622 15.2205 7.74313 -5.56588 -5.51223 -1.18739 -14.231 5.77051 2.1848 10.7529 -11.7127 -6.70318 -9.08301 -4.33322 -10.4864 20.1502 -0.746092 -9.74877 -0.0261429 12.4906 7.63683 -14.0647 3.98496 9.37416 17.436 9.18018 -10.4163 -4.55978 9.56819 1.52317 -11.0477 4.584 -8.63655 
15.1259 -3.28858 -20.7269 -3.28492 10.8979 13.1754 -11.8641 0.142163 -23.6798 -5.23165 -4.23311 11.9568 -11.7624 -10.2389 20.8106 -13.2048 2.27264 16.2311 22.1273 -16.5649 1.36841 6.42716 -16.7614 5.45952 -19.6397 2.73731 8.44569 -10.2954 4.16972 -9.81653 -0.329051 8.37387 -16.0445 11.5408 -10.592 -6.36845 -15.7789 -9.70483 -8.28676 16.5345 -11.2798 21.4132 4.67698 6.00791 -14.7728 11.3949 -12.7406 -9.75962 -12.0815 4.57962 11.9851 6.31608 -20.8778 9.30106 8.702 -9.15548 4.07428 -6.26861 11.9429 -1.91194 -6.59451 4.61061 -0.522457 -2.4502 -3.93687 -3.55031 9.05146 4.61158 -6.36777 -12.9693 -4.59818 5.08915 14.7777 -2.90648 6.19848 7.61607 5.58938 -2.41471 -1.29805 -5.86094 11.7566 -14.8788 -3.33776 -14.3473 15.4681 1.96723 8.55572 3.69585 4.62983 -7.25622 -13.7111 1.36746 -2.26372 -4.58023 1.41442 5.79098 10.6172 -2.36174 -3.45243 4.49157 2.73187 11.1686 -0.755159 15.4308 -3.43617 13.8604 -6.19239 5.01446 6.32623 2.74459 -11.674 2.24352 15.5481 -0.137472 2.25336 9.20156 7.26563 4.69116 14.1238 -5.16603 -2.76123 13.3303 -12.3965 7.26829 -0.683021 1.84893 7.69842 -5.36584 -5.77996 -5.19854 -2.83541 1.19844 10.2673 12.6366 7.79974 8.51648 -6.64097 0.987064 -5.6939 10.2947 -9.82262 -8.74351 2.0931 
-2.25432 -4.0739 -15.8687 -6.32947 10.4057 14.6671 -8.32122 18.6037 -24.9689 -8.55735 -5.37539 17.2888 -7.14291 -5.20005 1.69479 -8.97816 4.27962 5.53379 16.2065 -15.7493 0.207902 12.2284 -7.39319 13.3449 -11.664 -12.202 3.39597 -7.4707 21.8391 8.16209 -5.4492 14.4231 -7.4838 4.9708 -4.89243 -3.08936 -15.6886 -16.6189 -11.7358 17.9282 -9.13429 15.0963 6.46208 0.943149 -20.3996 10.9255 -18.0522 -16.5089 -9.71201 10.6203 5.38457 6.22031 -16.2495 19.1744 9.62017 -11.5434 8.32283 3.21709 12.2388 -4.24748 -8.96566 8.75088 1.76037 -1.71777 -9.87339 0.171669 9.78444 3.74847 -5.9176 -5.57352 0.478041 9.34713 0.163063 -1.63208 6.67037 7.75128 9.41699 8.19609 4.49793 -7.97047 10.658 -10.0884 -7.23561 -6.59989 16.463 10.3171 9.62985 7.81041 2.0891 -4.36334 -11.0448 -2.09234 -6.91433 -5.27976 8.46659 0.160376 12.7275 5.13205 -1.79256 12.362 12.3651 9.45898 0.0871354 16.506 -6.2049 6.31855 13.3023 12.2911 8.95324 1.55064 -6.07749 1.14814 16.3243 2.44862 
11.9281 -18.5559 -12.5503 -18.4063 3.57544 9.51285 -4.68461 14.1117 -18.6509 -2.54545 -1.84433 16.9259 -6.84123 -12.5108 17.9396 -11.3247 -1.40777 4.40365 21.4043 -24.4856 -1.285 18.1163 -11.2545 13.5476 -22.3675 -1.14157 2.2156 -11.1744 14.6928 0.834004 -7.10301 5.12011 -9.24424 14.2065 -18.3469 -4.33742 -15.5937 -22.1482 -6.72306 12.417 -4.81462 14.8046 10.8117 -8.0364 -19.4199 0.0346269 -19.2147 -13.663 -16.3884 6.45076 21.8756 9.30362 -16.0154 19.6757 8.38881 -14.253 4.17888 -9.11715 7.58545 -6.85468 -16.3103 10.2758 1.51215 1.30658 -4.70237 -6.84539 9.21265 1.91927 -6.05201 -8.16737 0.513851 6.32403 6.93668 -4.94525 8.40069 7.03244 8.62345 0.222271 -9.44813 -3.68172 7.64562 -6.59752 0.419438 -6.46167 16.266 6.17696 -1.13674 
16.6142 -18.3244 -13.4177 -9.42765 13.2391 16.1495 -16.7806 23.3704 -21.8313 -10.48 -2.70279 7.64962 -9.97121 -27.9998 19.0352 -13.3683 8.86027 6.73318 20.5088 -34.1486 2.49163 19.0116 -22.465 11.1182 -18.2318 -10.3864 12.8012 -16.3957 17.6785 -5.2305 -17.3192 21.8965 -17.4831 12.4781 -14.8618 -13.7103 -28.2102 -17.4149 -21.9158 18.6 -12.0707 12.5888 10.7741 4.22767 -29.5159 17.4059 -19.2237 -17.0002 -21.8814 3.30491 9.91926 16.2141 -25.3752 31.6092 12.834 -10.646 2.2434 -6.13625 15.5759 -1.2308 -13.8682 7.07028 
15.3636 -27.0413 -14.3553 -26.9945 10.1094 19.1447 -18.9494 26.1382 -24.8718 -9.77984 -14.5185 19.2493 -16.7449 -21.3428 25.3909 -22.4985 14.702 12.7035 25.5511 -32.0683 6.83204 26.538 -27.2927 12.5928 -33.2756 -6.44885 11.1727 -24.7364 23.7541 -15.6377 -23.4393 13.2189 -18.3968 10.6144 -17.4509 
18.4717 -31.081 -32.9382 -31.0674 27.943 28.8834 -16.2182 48.0217 -33.9374 -28.0827 -17.4787 27.582 -36.5525 -37.5101 26.8754 -26.6098 29.8166 22.157 37.6629 -52.4746 23.6867 30.3088 -39.2182 21.7241 -46.1807 
37.5886 -49.7687 -40.8278 -43.42 33.8175 38.2301 -33.225 49.9799 -43.9945 -29.5563 -40.6616 40.2749 -48.1183 -42.8698 48.0505 -39.3813 49.8977 
60.8263 -42.6371 -65.2918 -55.0663 49.74 49.2749 -48.9614 62.057 -63.1146 -46.8519 -49.8644 50.226 -60.3012 -65.2777 68.0836 -46.4395 38.8369 42.914 
67.7879 -75.68 -71.6027 -66.0946 62.2204 70.8728 -58.8911 86.631 -75.2058 -55.2367 -69.0445 71.0116 -58.8893 -77.7409 82.7321 -63.1689 72.2457 62.0253 87.7844 -90.5721 70.4026 
81.0024 -92.0194 -84.5969 -80.7749 79.7621 89.9381 -57.6774 100.329 -81.9149 -69.3263 -88.9054 84.3405 -80.2352 -103.227 104.835 -83.2878 94.3334 60.6601 106.742 
