-8.32087 -9.39335 -12.4246 10.7186 -2.61535 7.22841 -7.28678 -9.18435 4.77938 -8.59083 1.73262 10.321 -9.74082 -12.664 7.08671 -6.17583 -9.58284 -9.47843 7.55026 14.8859 7.95746 8.99896 -15.0242 -7.11895 -8.34707 7.70967 6.22042 11.6532 -12.3085 5.8036 -7.05333 -1.80005 -10.4572 11.9874 -7.24706 -9.7404 -10.1348 9.07901 18.8057 5.70313 0.666076 -5.28527 2.0284 11.7115 16.1617 6.54345 11.4988 5.68477 -9.37715 14.7083 -8.13521 -11.8384 14.4737 -12.9695 12.6604 -7.07678 -2.16828 0.903715 -3.48437 0.789814 -7.67433 4.13095 10.4162 -1.02939 -3.06905 -5.80388 -4.18223 -6.64643 7.48295 -3.92672 -2.61933 0.138476 0.250996 6.10375 7.19198 -9.23386 4.07505 -4.91463 -7.59422 
-12.3591 -15.6097 -21.589 15.9898 -7.06694 7.18987 -8.97384 -15.9268 17.4666 -13.2302 10.1877 13.4608 -13.6621 -10.8376 7.91596 -11.6763 -17.1915 -10.3499 7.34039 16.9467 15.8083 14.793 -19.1138 -16.1917 -15.2572 12.9517 12.7478 18.6063 -15.002 15.8031 -10.2485 -5.67375 -19.6595 17.1456 -16.2358 -10.2594 -16.4321 11.9593 17.6115 13.1051 9.18681 -10.9292 -6.58117 15.8114 18.0901 9.0331 
-15.629 -17.2075 -33.5209 22.7384 -16.226 17.2357 -16.7739 -32.8449 28.5232 -19.8347 21.0291 23.6649 -15.7275 -19.176 15.9112 -26.1835 -28.8271 -17.759 19.1573 22.1927 27.4399 22.9523 -25.1207 -26.6995 -32.1916 19.3169 18.8607 29.9563 -27.9085 18.5755 -19.4441 -11.0883 -33.3233 20.6581 -19.4394 -12.0474 -20.5086 25.3519 25.525 
-29.6026 -22.144 -45.8214 30.34 -23.3339 26.0028 -26.07 -39.3102 36.9916 -26.4506 35.6962 34.8294 -24.5091 -30.2454 34.2994 -35.2793 -45.4728 -26.0921 28.6447 43.0312 36.0024 36.5315 -36.5987 -34.344 -38.1065 32.1187 28.2499 39.9833 -35.1802 
-43.6299 -28.2097 -53.9698 37.9951 -26.6409 40.4109 -38.3032 -49.9014 46.5595 -35.2938 51.3569 46.9101 -24.392 -38.8129 54.4794 -43.2632 -56.1906 -34.6026 47.9577 55.2641 45.9328 49.1801 -48.1766 -42.1874 -46.5518 44.36 35.8041 43.4688 
-58.5346 -35.9248 -71.9747 61.1322 -31.8608 48.5609 -51.2972 -60.9568 54.5163 -37.5188 73.5986 58.0548 -34.3311 -47.5969 68.5575 -57.6004 -60.5806 -49.0906 58.5805 57.353 58.2481 54.5226 -67.5529 -51.2566 -52.6231 60.1294 52.4871 67.7399 -66.274 51.6438 
-67.4661 -42.767 -79.114 66.9413 -47.0292 56.2798 -63.7107 -75.2763 61.0509 -40.5206 76.6549 67.8969 -41.664 -61.1932 82.6589 -64.5772 -75.3492 -62.4961 69.2834 65.4985 72.7097 63.8667 -77.9053 -55.9938 -59.4519 72.5877 57.0967 78.3776 -73.6556 60.5219 -57.9342 -68.6934 -78.7341 
-84.3175 -62.1658 -90.4185 78.6168 -58.4072 74.038 -74.0347 -98.3478 75.7005 -50.6881 76.1946 79.4825 -51.6502 -68.0503 99.7387 -71.0024 -76.9519 -67.7368 76.2734 76.8448 76.7038 55.6808 -79.9981 -64.301 -60.051 88.5888 61.2681 76.4598 -85.7756 60.0081 -57.1376 
-94.5867 -76.8868 -105.101 81.0767 -69.8877 86.3163 -80.1532 -107.198 80.8313 -64.9851 81.4147 73.8275 -41.8486 -67.1285 112.811 -71.9 -85.3687 -68.1654 76.9905 78.9906 85.6169 68.8841 -89.0448 -76.8616 -47.2142 90.0836 69.464 82.8287 -92.3536 57.6832 -70.7856 -84.9827 -78.6894 79.3785 -62.3588 
-95.4976 -91.9484 -110.882 85.7974 -66.2967 92.7158 -94.5533 -101.44 90.6045 -77.6994 80.9568 70.9833 -40.7928 -66.7341 117.354 -87.316 -87.4989 -71.8879 73.9441 67.9068 71.7809 73.3802 -90.0407 -70.87 -48.0046 83.2721 58.3848 75.8012 -94.1847 61.5315 -64.8921 -79.0673 -80.8105 92.1283 -48.8667 
-98.6335 -90.6932 -103.626 80.7721 -73.8578 98.687 -88.3774 -89.5021 86.8823 -83.7784 85.7284 70.8034 -29.8296 -65.7664 109.091 -86.7282 -73.9047 -69.3119 85.4154 51.387 60.8562 79.1039 -83.9867 -42.4326 -47.6359 68.5785 44.1274 74.3572 -85.1365 44.878 
-81.3442 -73.9145 -93.1757 74.1779 -55.906 70.6064 -91.3421 -73.806 68.5567 -77.3228 76.7354 71.1219 -17.3466 -61.0514 104.49 -74.623 -64.7453 -53.3111 83.1676 31.5845 38.0341 84.9442 -65.1358 -40.3415 -40.046 61.9326 33.9329 63.6136 -70.0617 3.19668 -53.0672 -70.8553 -33.056 57.7393 -27.8764 -39.4198 -38.8637 73.8625 63.8718 69.3209 68.6358 
-60.7579 -75.7763 -61.2486 74.0546 -35.6259 47.025 -63.6253 -48.696 62.4278 -79.5464 65.3026 57.0041 -3.61295 -44.0734 80.3122 -76.3812 -37.4232 -10.8022 83.4954 10.7536 40.3503 68.685 -48.9665 -17.4171 -37.0593 48.4085 46.7998 37.3442 -41.0047 -8.48215 -57.265 -49.9278 -10.2623 34.6801 -9.44459 -7.78213 -24.427 53.801 40.9299 50.7656 46.1749 -4.00352 -36.458 21.3095 34.4316 31.1687 42.5116 29.2298 -46.9028 74.8508 -67.8578 -64.065 27.0385 -42.1325 36.9909 -1.51266 -10.1089 -22.2489 -16.2702 -0.21413 -27.4524 12.7153 27.5238 6.66698 -18.2851 -31.7438 -9.7882 -31.2761 24.1379 -22.2528 -3.20239 -5.36585 -21.8262 35.3715 
-33.5896 -50.767 -50.0012 42.459 -8.67344 28.5226 -33.7625 -32.4333 57.8344 -54.7189 58.0369 28.3142 -13.12 -30.0548 62.7597 -33.2987 -31.0589 -9.7632 19.1166 7.40322 50.8165 19.8994 -67.0511 -36.2264 -41.0494 27.6243 23.7292 16.5119 -18.8436 3.60706 -33.8559 -39.1349 -2.72782 21.1624 -6.72128 -17.5791 -26.6151 30.8301 6.75947 20.893 14.2394 19.6706 -17.2251 10.4278 24.9854 27.6039 34.0752 27.4634 -45.9326 43.5869 -23.523 -43.0256 1.27185 -39.9466 17.4184 -14.4332 -8.99918 -9.48229 -3.7903 -4.52861 -14.4708 2.33977 22.1789 -1.97451 -12.0158 -28.6497 -18.9903 -24.1239 20.5546 -22.0341 -12.5461 3.78122 -4.24213 25.4753 36.3576 -23.8008 11.2112 -13.0408 -22.4237 28.3807 -25.281 -16.5732 18.0931 26.0518 9.45222 -26.3394 -15.7538 2.10529 -15.6397 16.9726 15.4553 4.08215 -12.5965 9.81389 6.943 9.22492 -27.4823 27.7775 0.650176 0.219659 -10.939 -19.1913 -5.00773 -18.7627 12.8739 16.1173 15.7625 17.5611 -25.3821 -2.02732 -18.9676 15.8064 4.34207 24.1816 -8.08456 -0.283573 -1.24106 4.54656 4.83818 -11.6628 -17.3788 
-23.1773 -26.7782 -35.4226 49.4423 -16.8145 36.0944 -30.4505 -36.1948 30.4411 -12.3504 34.5754 34.4263 -10.2924 -27.1887 33.0985 -14.0237 -25.0408 -4.16531 6.89003 23.4996 28.9232 -11.3813 -29.7895 -27.142 -20.8895 19.3107 14.8086 -0.476849 -36.9377 10.8871 -7.30781 -24.4858 1.76947 30.6246 -21.5442 -14.733 -13.1534 20.2422 21.3575 21.0608 8.17364 8.66528 -5.56534 29.2146 20.9374 15.6763 26.4376 5.73933 -37.616 13.3306 -13.0762 -23.5925 2.11618 -12.8506 10.3896 -6.31934 0.88357 -4.79135 -3.97199 -3.77118 -9.55948 12.1516 17.6471 -13.1311 -12.8977 -20.4506 -10.7699 -5.58713 18.5016 -5.57079 -12.0122 -11.9973 -8.69412 20.1078 6.73301 -8.4238 21.2507 -10.3046 -7.27941 16.5061 -20.2915 -14.5009 4.07191 9.56094 2.05432 -14.2829 -6.75736 7.10089 -7.73417 9.48556 7.47185 21.1574 -3.34678 13.2776 2.21706 -7.94339 -11.7389 9.83807 -11.1904 -13.5102 -16.6758 -11.8362 -4.87682 -5.46491 8.40755 11.1659 7.01601 12.379 -12.8159 -1.57033 -18.9815 8.02265 -14.5965 20.0773 -17.063 14.8426 -0.247805 10.1391 12.3807 -9.99754 -23.0752 6.87772 2.98459 8.0664 11.7822 10.6036 1.42544 -22.1666 3.76657 10.4959 -13.8483 1.81177 -10.4804 28.1429 -3.6713 7.45994 -25.5892 13.7515 14.1138 -22.9169 -9.74878 -10.1808 -12.8792 6.19774 4.68803 -2.2028 -9.15181 -4.25307 -13.7034 
-6.25654 -12.7016 -30.5242 16.6544 5.702 24.4742 -24.0887 -17.2243 26.2567 -16.7009 18.4108 19.1722 -16.8816 -13.7494 15.3975 -7.84819 -1.55199 -25.019 15.1333 22.5823 18.7772 0.676739 -19.9897 -28.7762 -12.3429 15.2212 18.8419 3.23553 -23.9102 2.88418 -5.10984 -11.7771 -2.48189 12.6119 -16.7376 -12.6896 -22.3551 6.09074 27.2148 10.3567 2.63703 -10.8247 -20.5085 19.0945 17.7141 2.88892 21.5639 16.7313 -16.0759 15.2233 -10.4495 -16.2889 17.6355 -15.8412 18.9104 -3.30506 -8.36151 -8.93696 -0.461207 -0.210615 -13.7293 12.205 10.2871 5.1355 -3.30915 -6.38705 -7.92463 -0.498204 13.117 -6.31844 -9.09981 5.04527 3.26635 8.10468 5.69576 -14.539 10.7458 -2.36847 -14.2433 13.8512 -9.5194 -11.2096 4.90556 11.0769 9.28246 -15.8854 -10.1675 13.5576 -13.6276 1.99361 4.77498 4.38137 0.731771 8.54719 -6.31145 -1.79657 -0.767754 7.68985 -12.6292 -3.4 -10.8632 0.202232 3.03111 -7.48023 7.39521 19.5806 5.6445 9.08758 -10.4081 -5.38976 -13.948 7.57176 -12.4251 5.28955 -6.89261 -2.18746 7.91362 6.32266 16.4279 -12.1137 -10.0748 6.79259 -1.36189 1.70418 3.64466 0.19978 5.1895 -7.32138 12.3966 9.66247 -14.6486 -9.65731 -6.50033 25.3721 2.41898 3.93127 -19.102 5.38763 6.77236 -10.2335 -9.05261 -3.82281 4.11605 7.66806 4.15641 -2.82171 -4.92011 -14.9939 -3.51928 -8.50185 4.90617 12.3401 9.26662 -2.76085 -16.8127 8.52574 -12.8829 -5.16859 -13.6528 2.24578 -2.51618 -2.89847 -13.6386 
-17.9546 -24.9921 -3.04525 26.6255 -9.24056 16.0128 -11.1514 -24.6964 7.2307 -14.7221 1.48909 13.2674 -17.4836 -21.1423 14.0025 -8.0781 -24.2354 -0.836778 20.6734 12.2462 7.48211 18.8292 -20.5861 -14.1535 -11.6537 7.44072 0.538651 8.69084 -34.638 16.7809 -12.5092 5.46568 -13.8534 11.6399 -11.448 -14.3794 -22.1314 8.00761 14.2848 11.9161 10.15 -0.701391 -6.203 11.7912 22.735 1.53975 17.8478 2.34732 2.36479 5.21212 -10.3891 -9.11945 18.2762 -19.5634 20.2596 -3.40048 -8.3236 -6.87245 -10.1228 2.23735 -8.27638 8.12184 7.0122 0.938913 -1.13001 -13.1949 -7.05333 -3.64598 7.86849 -2.56971 -8.4773 -0.611861 2.3279 17.8444 5.26968 -10.6746 2.03629 -9.17149 -14.9271 11.3993 -3.12808 -2.40609 -1.01739 5.60405 9.179 -5.78771 -10.8797 11.3885 -9.84671 1.92679 5.76559 8.31885 3.03607 14.4855 1.89134 -0.0969696 -10.3644 8.54147 -13.1655 -5.09697 -10.1637 -6.55205 -9.21793 -11.9788 6.93713 12.4037 6.91774 4.22186 -8.1041 -1.89675 -8.04173 5.66015 -16.5567 4.8509 -3.07967 3.94241 4.20011 4.12255 10.972 -12.5304 -3.79026 1.2347 -3.06945 -3.90705 9.35732 1.69387 8.38093 -10.1928 6.3362 16.0443 -6.25973 5.70937 -0.438098 
-14.2821 -2.95217 -15.2838 11.0632 -5.79104 -2.57955 -10.3751 -12.1232 17.471 -14.8115 11.1373 9.1534 -17.4754 -22.4022 18.8308 -4.50804 -6.2078 -3.72075 15.8624 17.7021 13.6097 7.82393 -21.235 -18.2699 -18.3054 11.1035 8.788 15.4427 -17.6957 17.2032 -8.42499 4.97037 -16.1022 20.1409 -15.4367 -8.86602 5.28284 6.21032 28.656 2.3557 4.15152 -7.52804 1.13322 9.96881 15.8588 2.712 18.5287 11.3356 -15.6224 14.2552 -3.21794 -16.0211 20.9682 -2.90979 15.3047 -6.10343 -3.44023 0.573128 1.43835 1.45422 -9.41966 -1.60607 11.4523 0.162654 -5.40519 -5.37742 -1.87465 -7.30609 5.98048 -7.22519 -4.55002 2.86798 -0.147378 2.50626 5.8857 -7.02029 1.69315 -5.14951 -17.6743 13.1119 -10.9967 -8.95245 7.32895 10.6041 6.54361 -7.9693 -4.57037 9.78794 -17.2885 2.94319 1.60915 13.0114 -6.60943 16.0143 4.93521 -1.51963 0.781664 6.77393 -3.6418 -3.23016 -9.21411 0.386173 
-18.2817 -8.91657 -26.9565 13.5498 -14.8793 9.15152 -12.8836 -13.7214 11.6188 -9.96603 13.4787 19.5295 -12.9327 -17.5816 4.05094 -12.1629 -20.5959 -22.113 8.60568 11.2182 17.5995 30.789 -23.1133 -13.4684 -17.2125 19.4441 13.488 12.1658 -16.3928 7.51097 -15.4528 -12.2286 -11.5261 18.5037 -13.7991 -10.3453 -16.6668 15.4752 22.8215 10.5802 10.4643 -9.29537 8.95404 10.218 11.1268 9.41214 14.887 4.28001 -18.294 9.57967 -8.79209 -22.2381 17.9778 -24.969 17.2494 -11.8769 -1.82803 -4.13878 -7.10378 
-13.4879 -10.3763 -18.556 23.0812 -6.89714 17.8081 -14.9805 -27.6169 14.959 -17.0387 19.922 19.7044 -11.2118 -13.0399 23.154 -18.2257 -22.6184 -11.7396 16.997 19.1074 26.9015 19.1302 -18.9646 -16.098 -20.3369 9.10954 9.97637 23.8247 -10.9071 15.0673 -12.0798 -8.92305 -31.1042 16.4844 -8.47938 -12.0416 -14.854 10.3599 24.952 13.2892 6.16503 -11.8099 -12.5984 13.8491 19.7641 15.6525 20.7732 14.2865 -13.959 18.8489 -27.108 -25.9983 33.5296 -17.8531 19.9179 -11.3777 -1.67462 -6.74501 -4.03256 
-11.8816 -11.8843 -28.939 25.4987 -16.6658 12.6303 -15.5132 -23.2048 32.8516 -24.769 26.587 32.4696 -21.1791 -17.4036 22.2413 -25.1414 -24.186 -18.802 24.1722 24.5576 23.4696 26.3555 -26.0412 -33.598 -26.9886 24.0458 22.5009 28.7017 -21.3914 18.8524 -14.5933 -7.03492 -33.8252 22.2 -17.4358 -2.90859 -25.7277 26.1156 30.3091 14.231 21.1533 -18.1335 -14.1164 
-32.2501 -22.143 -41.1262 24.014 -22.2088 22.7536 -21.7704 -42.8802 29.3539 -31.5084 43.5905 30.4838 -24.994 -30.4537 28.1136 -24.9379 -45.8696 -32.1472 20.1588 37.2497 38.6387 34.5786 -44.9643 -24.0161 -27.3054 33.6902 26.7846 40.6864 -37.1534 24.9157 -24.6435 -15.6705 -49.9685 18.6813 -26.4298 
-41.1824 -22.9704 -50.2777 47.4029 -18.5852 39.4788 -35.8871 -44.0422 41.0568 -35.5917 40.6204 40.8575 -19.5211 -37.6257 41.7484 -43.2285 -47.8534 -33.158 42.9228 38.4382 38.0545 48.2153 -46.0333 -36.4442 -46.6427 35.8208 27.1741 32.523 
-50.4965 -34.0917 -60.8328 48.3366 -21.5647 42.2838 -46.7356 -54.0165 47.5735 -37.6861 63.1372 52.2759 -40.2629 -40.8569 57.0715 -39.3421 -65.3002 -36.9256 42.7317 48.8557 47.3984 51.0209 -61.6452 -39.6115 -54.0876 45.994 52.1693 56.9808 -53.7528 
-63.9577 -40.0627 -73.438 58.6449 -47.5354 55.1083 -51.2994 -76.739 53.2307 -28.1779 70.4644 58.5815 -33.2977 -42.4244 62.1988 -62.6792 -68.2559 -59.126 56.4549 65.8925 67.6268 58.4767 -63.6192 -52.2888 -44.1629 62.3247 51.4606 73.9557 
-67.1876 -47.8602 -80.3933 70.3915 -49.0929 58.3549 -60.0522 -89.0969 65.9858 -45.823 62.6076 64.0867 -34.7988 -63.4491 78.6958 -68.0552 -77.5103 -66.7157 75.1479 56.1031 58.775 66.6031 -81.2501 -67.3596 -55.8196 77.9818 58.0046 72.9852 
-87.799 -58.62 -99.4901 81.1 -44.0577 69.7777 -62.2464 -98.331 78.9394 -55.0328 79.3056 65.3165 -46.9833 -68.6026 97.8678 -72.3081 -68.7339 -54.6662 73.1346 67.4335 78.3221 80.9101 -78.4238 -59.542 -51.6981 80.5641 63.1109 76.5482 
-97.9304 -81.0278 -94.7013 74.7557 -58.8821 93.3458 -68.0504 -92.2345 83.4307 -69.972 82.4154 65.7639 -41.6241 -62.5639 98.4821 -65.3148 -84.5632 -67.0554 63.0691 67.6764 85.1499 68.9759 -91.6887 -66.5643 -51.1763 93.5433 64.9493 76.2672 -90.5891 51.922 -54.6961 
-88.0026 -92.0444 -108.589 92.641 -60.5544 82.8548 -82.5114 -78.5968 83.2245 -81.3287 86.2441 82.0695 -25.9256 -74.0254 110.579 -82.0127 -81.0852 -66.108 56.0329 49.2098 74.5477 64.0991 -77.8751 -60.8219 -41.235 
-103.428 -79.2055 -100.73 70.3329 -54.8817 73.6563 -86.601 -88.4554 79.0164 -77.4066 72.3035 60.1593 -25.3221 -56.9097 100.879 -72.273 -61.8903 -53.8961 69.142 58.5409 66.1892 73.087 -61.2761 -40.1209 -34.5694 63.0287 
-79.7155 -82.6146 -73.5056 70.41 -46.8325 75.0729 -68.7698 -85.9267 73.2895 -72.546 68.4457 47.6407 -29.9152 -39.4091 82.8305 -78.9448 -54.0355 -43.4747 65.5897 20.7233 44.4838 55.6947 -63.4738 -45.5114 -46.8905 48.3966 42.3621 59.5191 -69.1892 34.0814 -58.904 -78.7393 -30.0576 37.1653 -21.8939 
-53.9402 -53.1748 -74.4825 81.4158 -45.5592 50.1116 -52.7269 -44.92 73.7843 -56.6152 24.908 32.5236 -19.4693 -45.0473 77.3757 -55.9769 -58.5197 -30.3155 46.7347 25.9084 50.2607 57.0976 -40.9391 -10.6219 -49.7548 36.8331 48.9711 26.0031 -30.239 7.10038 -43.093 -47.2135 -39.106 58.0924 -15.39 -34.1377 -39.5087 59.3741 48.5982 45.2703 56.2601 3.67745 -28.7481 43.128 55.2338 10.4568 36.5516 33.9414 -59.3985 
-14.1683 -53.79 -49.5958 44.4163 -22.6372 47.6532 -33.9668 -39.3377 61.7285 -38.9797 47.2857 31.2232 -25.0073 -35.8813 66.7588 -15.5776 -36.709 2.54272 21.4587 27.2141 54.8416 -0.688347 -57.3521 -12.9329 -54.8997 41.187 -2.50198 31.4141 -65.1397 15.9791 -27.2645 -35.8956 -10.5816 30.7809 -29.3966 -49.7411 -21.2084 29.9645 33.6902 41.1182 39.7607 -8.54417 -26.513 35.3862 32.594 15.0101 40.3566 16.9268 -37.9386 58.1168 -31.7222 -44.9466 30.615 -39.7123 27.3096 -18.015 0.823983 -12.1874 -9.10774 -0.137861 -16.6527 19.0961 31.1056 -10.9071 -13.6086 -27.4538 -11.8371 -24.3653 26.4297 -24.5899 -19.6167 4.22418 -3.41313 35.4829 32.0314 -15.9763 
-29.7783 -20.3353 -45.5606 48.8811 -36.0371 37.5525 -34.9759 -23.7908 62.3287 2.41867 36.1308 18.6184 -19.4887 -23.2056 34.0879 -5.32222 -32.3495 -23.7345 16.0591 26.0758 5.78756 22.296 -33.3226 -30.3883 -25.9656 34.4891 16.8403 3.25924 -47.3169 16.554 -16.0699 -26.8645 -36.1276 26.2965 -18.7352 -10.7719 -28.5649 24.6268 24.9819 10.4135 19.3717 -13.7992 -20.9855 18.9286 31.9691 33.1549 40.6394 36.2944 -41.93 31.9049 -48.8465 -51.2552 20.9049 -10.4469 17.0214 -8.11635 -9.43798 -4.55879 -9.40783 11.1304 -9.49577 15.5107 18.1863 -9.22277 -4.81263 -15.2004 -5.63603 -26.8637 7.57163 -21.1656 -7.10527 2.35209 -1.72966 27.8246 16.2407 -28.4609 2.22591 -7.26154 -29.0759 4.85662 -5.48575 -23.1072 2.01229 13.0382 -2.55989 -9.50084 -6.07372 8.14495 -17.7526 2.75909 15.9508 12.0903 -9.35895 27.707 12.5756 
-34.1701 -20.9332 -10.1962 40.5191 -35.257 13.1527 -5.40851 -6.24741 28.2798 -15.9704 35.1819 26.2243 0.80976 -24.185 13.8491 -11.2833 -28.0108 -23.4093 35.1037 -5.28621 34.2343 20.2461 -35.0082 -23.1998 -16.0051 6.46759 19.4738 25.3489 -39.5528 -0.542621 -7.46547 -5.98562 -14.2277 16.8586 -36.6552 -20.7319 -28.9441 6.75765 41.9482 25.0232 28.6322 -9.18123 -5.59642 26.2265 23.627 20.8395 19.6018 23.5766 -10.1099 19.9223 -3.98923 -36.9654 21.2361 -19.487 25.544 -7.31503 -12.9091 -10.2905 -5.28766 13.331 -10.4666 9.91902 29.6863 -1.22364 -9.68181 -16.9292 -5.71958 -12.312 13.3266 -6.6178 -9.32723 7.68904 -3.33426 20.6422 9.53425 -11.988 11.3668 -11.259 -21.0265 13.8893 5.83161 -6.51696 12.2153 12.7678 15.0085 -13.5816 -11.559 14.7237 -10.3768 6.21516 12.7857 6.44095 -4.86805 25.3955 -2.27968 -0.449803 10.9607 9.88729 -10.1764 -8.44242 -2.95298 -2.48235 -11.1655 -13.9555 20.0546 -0.489385 20.2044 7.44665 
-12.9288 -18.2285 -28.0304 18.9466 -12.2307 24.3244 -7.27693 -20.3474 17.2756 0.222616 6.2964 18.5661 -10.752 -25.6836 23.0464 -24.8772 -28.4879 -2.41002 10.2082 20.6027 23.6454 9.8024 -28.1436 -22.8788 -10.5977 21.758 19.3619 11.0032 -19.2003 8.41795 -8.21631 -12.5977 -32.0732 23.3061 -3.61937 -10.1148 -19.4847 7.74735 26.2041 18.4316 2.08926 -3.28326 -13.8109 14.9198 27.4592 6.30868 9.76396 10.2484 -13.5073 11.0918 -8.91091 -28.1323 16.5091 -22.302 19.5898 -9.08166 -11.6969 -9.09928 -13.3307 9.56838 -10.6513 13.4699 13.2382 3.44884 -9.682 0.703015 -3.44988 -3.95876 10.5179 -7.30276 -6.24861 3.10814 -0.0296077 10.5536 15.6388 -1.08279 4.68 -0.403123 -1.66571 15.5156 -2.78145 -5.36678 9.16454 7.99416 5.46226 -16.5286 -12.4977 11.2162 
-14.6783 -18.5842 -16.5911 16.2594 -6.65886 15.3084 -12.9386 -19.4786 19.6598 2.00796 10.6336 25.7585 -21.2237 -17.061 20.8477 -8.96655 -10.486 -11.4456 18.0757 23.9197 28.074 10.6979 -23.7107 -31.1616 -14.2441 7.0208 14.3868 14.8986 -14.0081 9.85555 -8.20667 3.94225 -12.1141 24.6065 -3.267 -19.5274 -20.0822 14.0048 29.6288 8.11448 18.5114 -23.5409 -0.0794043 11.0512 12.9854 12.4313 14.8496 9.79769 -16.7476 11.3257 -20.8702 -21.7075 15.7353 -26.3985 15.9903 -12.8242 -9.22244 -7.70383 0.572037 2.98335 -4.87126 10.2206 8.36541 -6.77631 -3.29895 -11.7026 -3.70947 -11.3508 9.10022 -10.0584 -9.28761 6.51017 0.196221 8.58013 
-24.375 -20.15 -23.0864 21.7964 3.61897 15.0358 -8.19931 -22.7561 18.7427 -19.7985 20.733 26.2663 -18.1829 -14.5043 34.2348 -21.4001 -21.7167 -15.88 18.6657 27.2513 27.2024 19.1846 -22.8291 -22.9392 -22.7304 22.2371 19.6122 28.1497 -24.8774 19.1308 -20.9682 -15.1532 -14.329 2.52022 -11.8123 -10.1557 -10.5822 24.7429 24.1203 7.42483 8.00358 -20.5559 -0.412268 14.1629 26.5785 20.287 21.8117 13.7172 -10.436 23.3957 -21.3717 -33.0461 30.166 -21.277 
-21.6516 -16.9691 -43.7078 19.9372 -18.7759 18.3118 -16.8107 -25.0888 26.7965 -28.173 18.9171 29.1563 -10.2686 -23.6214 19.7052 -16.5324 -32.0747 -33.9516 16.5702 32.1863 35.2829 27.1932 -29.9564 -17.8895 -25.5484 25.5677 20.4736 29.0354 -22.5502 17.1451 -15.7718 -13.1682 -22.4611 27.4252 -21.6958 -11.184 -16.8863 19.2245 20.8237 20.3478 22.8359 -23.494 -6.09493 9.40576 20.4739 9.37884 29.7132 23.1479 
-19.8479 -18.2149 -30.7851 35.8344 -22.8749 26.951 -26.2588 -40.4094 29.7202 -31.9492 24.4081 33.3941 -22.1085 -35.8737 32.1487 -36.6628 -35.7959 -33.67 30.5099 30.5617 24.0182 29.2473 -33.6064 -29.4013 -38.584 23.6655 21.7348 26.3017 -34.3743 20.4368 -12.0575 -24.1798 -39.3262 21.6978 -14.2839 -14.8081 -24.2168 32.2444 
-29.0027 -26.7726 -52.834 34.7928 -30.0914 32.0742 -26.3324 -49.4157 27.3207 -26.4984 41.9868 33.8758 -29.5715 -35.1885 40.5939 -38.5338 -42.562 -32.9975 37.5307 46.0268 48.7242 39.0356 -42.8285 -35.8454 -45.9174 41.5761 36.413 48.9042 -41.5993 35.8492 
-52.9537 -29.1008 -51.5732 51.9365 -18.657 35.0119 -34.2793 -47.4096 44.5001 -32.7556 55.972 39.105 -32.5262 -43.0818 56.5272 -53.061 -66.147 -47.6996 41.7269 52.8838 44.8754 57.3091 -50.1028 -42.2066 -42.6648 55.3188 47.8216 
-64.1532 -43.4272 -77.4925 61.7028 -42.2605 42.585 -46.2269 -66.4756 56.4647 -38.4917 63.0288 54.7046 -24.5139 -52.9474 68.7301 -54.6837 -66.4269 -54.2099 51.2851 60.6487 
-61.81 -49.3599 -91.3345 69.8969 -37.2606 64.5976 -71.6304 -84.8687 66.1822 -52.4505 77.7056 63.2616 -44.9293 -76.3691 85.9281 -61.9743 -71.6448 -56.0199 65.3256 
-81.3145 -65.1593 -101.358 91.0107 -53.5566 85.2903 -67.029 -94.9429 79.2362 -47.3565 70.0515 66.6215 -52.8582 -74.8005 94.7648 -67.5482 -70.0409 
-91.523 -75.4423 -103.599 83.6487 -57.1157 84.8307 -72.22 -97.7305 89.8092 -57.8881 81.6351 
-107.419 -94.4331 -113.16 89.6667 -59.0615 93.9955 -86.0618 -112.192 98.9591 -73.3624 78.4022 70.6638 -39.6997 -71.688 
-100.978 -98.6128 -110.532 101.736 -68.798 83.9902 -81.3188 
-92.5122 -83.9695 -110.793 103.095 -54.9641 101.318 -104.319 -82.6669 
-104.037 -91.1818 -120.845 105.857 -71.2087 111.025 
