-7.69224 -11.6481 10.7607 3.91392 4.12991 -9.48817 0.0988057 -8.33865 -6.42543 -9.27678 -13.5053 -1.44988 13.8701 15.1636 -9.80777 -10.1569 7.27117 6.22847 -12.2908 9.53407 -7.43621 1.04553 -3.77587 9.65432 2.15319 0.859929 5.59015 2.10442 6.92452 -5.54613 -13.627 3.09836 -9.4413 -5.3409 -12.0561 -8.51807 -11.0254 11.6402 8.8475 6.56913 4.94812 -7.95337 8.03977 -10.5367 -6.97308 -7.38172 5.16959 -11.1303 -6.85838 -7.02807 9.77403 -4.04118 -4.4454 0.261382 -7.52499 -4.2577 3.43509 2.61665 3.995 12.3005 1.61144 13.2917 -3.07919 -4.74608 5.2027 0.866423 9.17538 5.8571 -8.3333 -5.02286 -7.29991 8.01285 5.09991 0.453704 3.46721 -4.85241 3.31754 -9.49231 -6.58108 7.4444 -6.39836 
-15.0565 -19.8507 11.16 7.8528 7.78848 -13.9343 -10.8383 -11.7229 -13.8151 -20.8288 -14.5598 -2.71057 19.3964 21.5014 -18.0614 -14.4377 10.2392 12.3065 -21.2091 12.8267 -8.57709 7.64155 -7.05767 16.5182 9.93736 -6.78725 13.4783 7.7626 16.6412 -11.7633 -22.5617 6.02457 -19.0334 -8.6208 -14.5185 -9.4163 -12.7544 18.5736 15.0639 6.46936 3.55955 -14.3334 15.2194 -13.869 -12.4041 -14.3156 
-24.5674 -28.3659 21.4038 14.3104 19.3915 -17.2122 -13.2036 -16.9177 -25.7424 -29.2864 -22.688 -8.49929 23.5878 26.9923 -24.704 -17.9053 16.5297 14.6276 -22.8829 21.8717 -13.4291 14.3673 -10.0977 16.946 19.3149 -10.105 14.4918 
-37.3103 -35.2322 38.56 23.7246 41.8425 -26.3647 -24.3807 -31.363 -29.1233 -41.0159 -33.3316 -23.0868 39.688 33.942 -34.0864 -25.3417 33.1448 22.1269 -27.926 41.1337 -18.801 
-45.4157 -47.6658 51.6552 39.1272 55.2838 -39.6902 -36.0778 -42.2268 -43.8627 -59.7213 -51.8229 -30.2313 59.993 51.1652 -54.9405 -40.9039 42.0559 41.9689 -48.1415 51.4405 
-69.3891 -56.9599 66.9128 63.3248 68.205 -54.7731 -52.8483 -58.8607 -69.8857 -76.5403 -70.8499 -47.6922 80.4486 71.2409 -70.3113 -55.4247 64.0435 61.5153 -68.6143 64.8508 
-90.3358 -74.5597 79.5797 79.5709 87.6035 -78.0399 -66.781 -86.7767 -82.3336 -92.2377 -89.7596 -58.8985 96.0199 89.2619 -87.5398 -57.5618 74.1126 
-111.248 -79.9802 97.243 91.3624 109.896 -102.705 -82.3041 -99.6404 -105.264 -110.536 -104.376 -64.3324 116.766 109.559 -98.6847 -67.0901 87.9149 
-125.534 -95.5283 128.136 107.743 122.356 -114.634 -93.0423 -106.825 -123.97 -122.947 -106.105 -80.5302 142.307 119.285 -115.472 -64.9834 94.0314 93.4549 
-156.323 -91.9595 141.997 104.471 133.867 -119.567 -105.179 -117.832 -138.808 -135.144 -120.067 -84.8537 163.987 109.63 -123.361 -59.2029 114.025 109.57 -129.909 119.325 -102.152 90.021 
-163.086 -92.3775 147.892 108.809 137.184 -111.38 -112.271 -96.3217 -126.512 -140.062 -139.495 -63.6856 182.861 96.3901 -125.409 -65.7488 104.351 98.0885 -137.223 126.007 -100.273 
-176.576 -100.954 125.031 89.8766 141.108 -106.131 -118.137 -108.47 -140.557 -114.305 -115.189 -54.4475 181.817 64.3868 -122.57 -58.501 104.417 92.0951 -111.608 136.981 -90.134 100.001 -105.109 
-166.535 -76.9706 117.257 87.6739 126.927 -81.3074 -99.7853 -90.4012 -120.874 -108.122 -97.3154 -45.885 181.643 77.2922 -89.0367 -39.9035 71.1639 87.8046 -108.201 140.83 -81.9788 90.4972 -117.459 90.722 111.838 -52.5172 81.168 72.5338 
-144.024 -47.2471 85.8883 76.5854 100.583 -87.6258 -69.0355 -51.8032 -100.109 -80.8436 -97.4699 -38.6175 136.685 45.8584 -60.9493 -39.9424 75.9894 94.8448 -70.7002 124.731 -54.8521 62.1743 -124.401 77.4526 98.9558 -51.9509 35.1136 79.302 84.1034 -54.4559 -102.722 138.246 -87.8082 -117.861 
-105.586 -69.3716 51.6728 52.6981 75.7861 -75.7608 -75.8692 -47.9638 -86.7086 -75.1704 -73.425 -52.7944 113.335 39.7911 -60.9663 -50.2214 33.9497 78.4317 -31.4303 98.4594 -44.815 58.7821 -63.3774 55.8319 93.7104 -37.5971 34.5238 31.965 69.9865 -52.6271 -68.1204 106.876 -74.6564 -87.3522 -100.166 -67.0805 -89.2743 80.2743 80.9935 89.8212 123.17 -107.908 99.5835 -87.8701 -98.8592 -58.5991 61.9958 -87.4055 -99.4323 -80.6164 38.3387 -121.28 -122.114 -78.3764 -33.4883 -8.39011 52.1376 -28.8081 44.808 49.4811 -33.1604 45.5788 
-100.311 -44.6492 18.8114 58.0029 69.4672 -54.6017 -54.613 -54.753 -67.7521 -79.3303 -57.0822 -54.4074 77.292 47.5665 -57.6904 -47.2404 48.6454 65.7806 -28.1906 80.1717 -9.88719 29.7623 -63.2388 23.8715 37.219 -29.5752 28.0584 53.2554 48.3349 -35.4761 -41.4457 91.5286 -43.5211 -33.1023 -75.687 -66.1214 -73.766 54.2176 60.7995 80.5464 84.4929 -52.874 88.7349 -97.0165 -61.1383 -61.624 54.8204 -93.4907 -95.6105 -67.0376 -1.98147 -74.9442 -115.894 -71.4166 -36.5796 -7.66001 33.3052 -28.4189 31.3772 32.9887 5.37333 28.6112 -5.35462 
-87.1597 -48.8521 34.6539 64.1647 51.0367 -64.2141 -31.5372 -25.1966 -50.4072 -40.8459 -44.1358 -34.6838 52.2017 42.5768 -47.2318 -33.919 19.475 74.3104 -28.5579 51.5285 -20.4312 35.3897 -33.8383 33.7256 23.7698 -45.5337 4.436 5.38568 19.9771 -35.0507 -34.2492 56.6644 -21.6548 -9.23785 -74.5926 -50.2765 -41.7303 4.17967 35.5833 56.5996 62.1595 -44.7469 33.6277 -53.688 -39.2836 -59.5772 37.1511 -90.0408 -58.3432 -45.5092 39.2696 -64.5559 -76.4069 -50.8525 -31.8933 -0.907877 15.8197 -21.9638 36.0247 16.4609 -19.2233 29.9262 -8.2172 -48.7066 2.06194 -16.7911 6.22276 -6.96461 0.646394 
-34.3639 -36.1041 25.6356 43.3969 64.3641 -45.8741 -47.8913 -34.3608 -30.9089 -36.1613 -37.5553 -21.3042 54.1976 50.1833 -45.3067 -31.7698 13.8573 57.9216 -34.7441 45.0711 -9.00689 5.08646 -15.6709 43.5156 14.6701 -32.9395 25.4202 16.59 36.1605 -25.7132 -30.1037 61.9276 -28.8875 6.12777 -24.9858 -35.7668 -44.492 23.4561 42.2407 61.3739 22.3719 -25.0657 33.9365 -15.9829 -5.90998 -38.4609 32.9097 -11.8875 -46.2402 -10.8322 28.3796 -35.9717 -18.3229 -22.2827 3.52367 -5.9816 11.8686 -11.3222 17.7314 24.5089 1.72521 38.3381 -11.0071 -23.6129 12.2552 -2.36714 14.7822 12.5199 -20.6137 -18.3693 -28.3738 22.1503 6.92577 2.48484 
-20.7159 -15.7216 5.61523 29.3986 43.1614 -23.5006 -24.8283 -30.3276 -38.7347 -50.8714 -10.0915 -27.6855 32.1887 46.8486 -20.3037 -40.9072 18.219 17.406 -28.8457 30.5221 -15.5908 46.3665 -19.775 35.4621 6.51495 -10.4204 40.19 27.6814 36.4726 -27.5252 -10.0885 7.93087 -33.5685 -10.1911 -40.4729 -41.6693 -26.8013 21.0779 12.8147 26.404 25.3255 -12.4472 29.8909 -32.5998 -35.82 -7.84991 36.6833 -32.7422 -11.0882 4.51158 32.1865 -15.3903 -34.5655 3.54296 -14.5418 -18.0443 10.4028 -21.3613 4.12268 17.0502 -4.32863 25.5891 -5.48295 -7.48643 12.004 -7.84682 12.1002 -0.0539908 -22.9853 -10.2902 -6.82851 17.9693 12.6813 -10.5789 8.1925 -19.6056 16.7809 -16.7237 -22.5381 10.9773 -22.2602 2.13082 
-22.8893 -9.82551 22.0463 10.3298 30.2135 -14.7467 -14.2989 -13.319 -15.7417 -32.3837 -17.7346 -11.6462 33.5606 36.0613 -27.4235 -25.0678 15.7035 18.391 -28.4686 13.7526 -23.5552 26.0428 -7.23164 27.1985 21.7863 -10.1364 24.5317 17.3657 19.9334 -17.3438 -20.7891 19.4697 -17.9458 -17.7149 -35.7041 -17.6377 -13.4776 18.2267 20.6545 20.4071 39.6485 -38.12 37.9116 -9.72466 -24.9889 -18.3508 28.5167 -39.0937 -29.1469 -11.2385 34.1253 -23.4898 -32.9635 -22.8333 -9.84745 -8.15088 -3.52543 -12.5736 5.05353 22.6982 -3.3932 12.3999 -12.3113 -8.07237 6.7807 -5.94709 19.3441 
-32.8254 -25.0518 36.0672 18.9928 38.5365 -21.9552 -24.6148 -26.7801 -23.5162 -18.5748 -29.7033 -11.3 20.1732 37.3001 -26.9377 -34.604 28.6804 18.8212 -23.0326 28.4775 -12.4081 19.9735 -18.6325 21.6703 27.0428 -27.0515 16.6978 24.0054 32.4748 -16.4083 -22.0818 19.7474 -24.5068 -23.2216 -28.0601 -25.8964 -31.3 36.6608 30.0984 22.8713 18.483 -19.7689 
-38.6286 -27.1218 36.7264 38.4962 31.4409 -33.1217 -39.411 -43.2869 -36.7405 -31.6486 -39.9704 -28.097 48.0869 38.8182 -19.9665 -31.0346 47.5719 26.1757 -41.7095 35.7846 -37.2341 22.7774 -22.7521 31.4582 27.2691 -29.4807 19.8557 22.9887 
-45.6131 -41.2742 50.5052 30.1021 63.4624 -37.1519 -30.8765 -32.3026 -51.707 -58.6127 -65.3678 -35.7449 55.8063 51.9952 -44.0394 -34.7652 42.3875 41.8733 -40.8217 38.5688 -46.9434 41.4384 -32.9163 
-63.3526 -50.8086 56.9718 48.3222 62.5613 -42.4574 -54.2796 -55.1961 -44.3764 -63.1663 -71.419 -37.184 72.7048 74.7347 -77.5199 -55.0456 63.3392 52.8566 
-72.0006 -56.2622 69.5312 61.1678 69.1493 -48.3156 -76.0242 -71.2076 -73.9883 -82.0228 -73.2455 -58.3453 86.6783 78.9468 -78.7721 -57.6989 65.9888 47.6938 
-96.4009 -75.1006 74.8867 84.7863 87.0183 -72.6368 -71.5541 -84.2931 -89.2018 -92.7698 -94.4022 -55.6055 101.158 97.2819 -98.6126 -70.879 
-106.67 -99.0433 109.485 84.9161 108.392 -92.8666 -89.0854 -99.2764 -102.25 -106.97 -103.658 -60.4784 117.618 100.633 -103.055 -66.8831 95.8944 
-123.53 -90.7162 116.678 104.004 114.5 -90.8969 -92.2951 -90.4471 -124.038 -114.124 -110.235 -68.6433 150.707 105.885 -123.46 
-143.226 -102.793 149.207 93.1888 124.449 -98.8592 -99.4803 -98.5684 -125.405 -121.472 -116.944 -80.3778 153.774 112.845 -118.046 -75.8017 
-171.2 -100.848 157.828 109.679 126.821 -96.616 -103.928 -93.9604 -119.735 -110.505 -123.831 -66.5614 156.148 95.1741 -112.993 
-176.506 -71.7299 115.559 83.3468 143.396 -112.413 -101.14 -102.153 -126.667 -114.254 -117.155 -63.2524 187.317 
-146.111 -98.1213 111.885 99.641 125.456 -81.7339 -99.3999 -73.2185 -110.021 -129.59 -114.549 -64.7797 187.809 100.529 -118.993 -71.4664 48.0996 
-158.698 -59.7744 91.067 86.9949 113.349 -113.143 -59.1528 -52.892 -114.042 -111.766 -81.884 -36.1485 138.038 83.7479 -94.4232 -69.04 77.0293 76.9463 -40.9901 107.032 -78.3866 72.0121 -115.303 79.3168 85.7131 -50.6317 58.2445 
-130.582 -44.0513 73.9427 61.6688 91.6068 -88.0825 -89.3433 -71.3567 -105.285 -91.4543 -77.604 -64.2281 149.294 89.2952 -78.0527 -56.4915 78.7262 73.9984 -46.8211 120.559 -72.2087 85.5448 -91.9778 55.4402 75.6248 -73.1254 34.4059 63.5273 100.691 -69.8187 -93.9887 
-112.828 -75.5745 35.8239 73.7648 98.0782 -85.579 -68.0186 -46.8163 -100.568 -89.9593 -62.9127 -85.8006 116.534 46.3614 -68.7844 -45.4745 43.0821 75.1324 -43.6603 101.027 -25.3365 34.9717 -52.4286 63.8123 54.2856 -81.413 28.8849 65.7053 99.0916 -55.3085 -70.1013 100.46 -43.9722 
-91.2611 -81.6893 66.3554 80.3155 91.7192 -58.6509 -47.2966 -45.5971 -78.4677 -63.1685 -32.0006 -49.1426 72.4867 72.3076 -62.6566 -79.371 14.3672 82.4564 -61.7547 67.2206 -34.0457 50.3623 -45.5513 70.6615 52.0972 -55.2549 66.9815 9.8046 59.0384 -63.7018 -41.6588 64.3078 -63.9097 -26.5501 -97.7845 -92.0776 -53.174 100.851 76.9618 67.1755 83.2018 -67.8709 77.1461 -109.762 -49.1854 -31.3278 71.2798 -72.717 -75.887 -57.7589 71.3538 -67.4135 -62.3043 
-79.5063 -26.1194 32.0881 54.959 59.7065 -45.6718 -38.9121 -62.3701 -62.303 -92.5819 -44.1953 -46.1955 50.3965 56.6102 -45.2105 -22.2403 47.4415 49.4411 -70.0645 62.839 -67.902 29.9413 -44.5256 59.2091 31.7863 -28.6369 39.1349 35.4013 53.5085 -50.5349 -40.1038 46.0773 -38.5352 -10.8714 -64.5203 
-62.0683 -30.8206 52.5924 36.3233 79.3825 -54.8112 -36.2948 -16.0489 -47.7986 -50.6446 -43.9553 -33.2825 87.6547 48.3969 -49.6239 -11.0945 29.7687 37.7838 -28.8478 54.078 -62.4645 38.1971 -51.8896 39.9404 29.2536 -15.7336 37.4234 54.4082 29.7591 -60.8178 -44.3674 19.3196 -62.9864 -37.8331 -60.0591 -56.1019 -48.0218 28.123 63.9423 45.0351 50.2861 -71.1039 41.2929 -55.996 -37.6124 -12.941 46.7585 -64.3644 
-58.7352 -19.9702 46.4442 48.8964 65.8781 -26.9215 -60.0294 -34.2437 -41.8888 -30.0515 -55.3212 -50.6419 66.5756 43.6872 -42.8844 -35.7681 63.7302 38.1488 -37.1123 53.9827 -38.0387 48.4605 -30.4889 46.1417 43.6711 -26.3596 35.7751 64.5765 59.8854 -36.8067 -35.2343 40.2131 -45.437 -35.8607 -78.7629 -27.0189 -56.5939 20.5853 33.5609 34.2546 49.7787 -72.8604 38.3535 
-26.6608 -40.8225 56.2843 39.8814 65.0919 -40.8151 -59.7273 -38.3169 -21.3536 -68.2925 -57.3857 -35.8044 73.5128 30.0489 -39.0432 -39.2959 38.811 44.8154 -41.7401 51.7683 -40.0154 21.4533 -34.2292 40.0535 45.1421 -30.6955 32.3595 48.4062 38.3916 -23.063 
-50.4166 -41.7584 49.0753 51.333 71.4505 -28.8574 -26.4888 -52.5518 -28.0351 -64.8548 -65.2463 -18.2166 76.17 41.5505 -48.6289 -68.6045 40.908 53.8309 -37.2906 40.006 -50.816 42.2333 -37.045 
-64.9723 -56.2591 48.1961 64.329 62.516 -51.3712 -46.9813 -41.6479 -51.5343 -66.0379 -60.5536 -27.1465 74.241 65.061 -63.7096 -49.8284 64.1806 
-60.4988 -55.3996 45.9039 67.4619 85.5945 -66.9797 -56.3396 -50.0796 -66.6956 -74.6617 -63.6329 -49.9125 52.1912 81.3289 -63.1149 -51.8627 55.8271 48.5803 -66.8471 55.8841 -62.3409 51.3586 
-53.4438 -58.7281 87.8515 60.3778 70.7404 -50.1174 -39.1567 -81.4271 -80.7279 -84.0348 -81.739 -46.9852 94.0211 72.9771 
-87.8998 -50.1487 72.845 79.5956 86.8361 -72.7455 -60.119 -76.7459 -70.0428 -80.8897 -80.0765 -43.388 84.2878 
-100.028 -74.9311 87.8465 80.35 98.4726 -95.6767 -78.3586 -93.1043 
-98.0589 -83.9015 118.048 94.8259 135.698 -67.5856 -67.2969 -75.2716 -112.053 -93.1356 
-129.241 -61.0235 113.078 97.7511 115.11 -101.068 
-133.33 -76.741 
-119.317 
