-4.6231 -8.97207 7.62581 -6.33214 -8.3357 -8.64775 7.56281 8.47974 6.89118 9.72143 -15.311 -9.80142 7.35289 14.2284 -6.5576 12.4028 7.14168 -4.01361 11.6549 -1.17728 -13.2088 11.7081 6.06947 12.6352 -12.3129 -3.70336 7.82021 4.72008 -3.35309 -12.0928 6.16717 0.838956 -8.56867 -9.88314 -7.4022 -11.9647 -8.27689 15.5867 -13.2223 -13.4649 14.4023 -11.7704 -9.53973 4.39015 -10.5433 -1.96126 5.1615 -6.7 -15.5561 15.1602 -9.0676 7.64136 -7.99157 -5.71279 2.68537 7.97234 -8.13446 1.05903 6.22742 3.59557 8.04171 6.03231 -2.28627 -1.51033 -7.10511 -8.20979 -9.04295 0.916254 -1.65755 0.932581 -7.28137 -12.3597 -9.31962 4.07805 10.9331 -2.51977 8.96992 2.72666 2.63839 7.63985 7.93176 12.0786 6.03503 6.4239 -4.85289 -15.4505 11.1752 6.60231 1.77062 -3.27391 3.55637 8.12 
-11.6065 -13.7568 15.9733 -7.21965 -16.8314 -15.1356 13.7406 16.4651 10.1197 19.4246 -27.5878 -13.1457 20.7746 17.1801 -9.24939 17.3497 12.9789 -16.4736 10.8977 -5.44625 -16.8018 12.0127 13.5175 22.2584 -18.9259 -8.83354 9.9304 3.93016 0.357056 -19.3091 15.8603 5.8729 -17.1328 -14.7065 -9.09002 -16.471 -12.3311 19.9799 -15.7709 -13.2228 20.5687 -19.9863 -12.8819 1.85486 -16.6338 -0.692392 6.87702 -14.9785 -22.4092 19.3809 -16.4164 9.44409 -14.7398 -7.36642 7.20389 14.8995 -9.15467 3.14621 9.24161 8.37025 
-11.6848 -16.1921 22.53 -16.5458 -29.6106 -22.1073 23.1181 22.5838 17.4187 23.5959 -35.5558 -14.2952 28.2266 26.5994 -24.3313 23.9393 17.7528 -23.4474 17.9116 -6.68759 -30.4316 17.7971 14.8249 29.2997 -33.7842 -12.5174 19.9112 10.2794 10.6465 -18.093 26.9767 4.72238 -29.3011 -22.4398 -7.20599 -26.3022 -18.9553 25.3312 -22.3255 
-18.7633 -25.1447 26.9395 -25.3054 -39.5184 -31.1162 26.3099 32.1591 28.0999 26.1511 -44.7179 -21.0085 34.3302 26.6607 -32.4425 29.7256 27.9874 -27.6476 25.215 -20.5668 -38.1757 28.5874 23.0917 34.5699 -42.9579 -13.9302 22.6538 
-22.6404 -37.7448 40.1694 -33.0056 -34.5809 -42.0859 44.075 45.4462 38.5616 33.5234 -51.931 -37.3875 37.4292 39.4763 -39.5254 42.6105 38.151 -20.1251 
-36.5658 -52.1188 52.0873 -45.1557 -56.3496 -45.4559 46.3081 46.5049 44.0465 51.7724 -65.5068 -36.4333 47.6412 
-49.181 -63.1871 68.1747 -62.2357 -76.3972 -63.7073 59.4648 63.5941 67.8194 62.6505 -89.8161 -48.6004 75.7609 
-71.2701 -77.6225 95.4969 -73.6777 -95.1096 -79.8451 80.6204 84.076 84.4947 86.77 -108.952 -66.5144 101.069 80.2212 
-86.0475 -91.5252 114.205 -105.759 -121.505 -102.055 106.569 101.861 108.109 106.743 -131.37 -84.3601 116.9 110.148 
-117.654 -99.2225 134.233 -121.305 -147.677 -113.957 126.446 124.696 119.457 116.294 -152.225 -100.893 135.409 125.534 
-129.681 -120.007 165.665 -141.541 -176.018 -137.365 139.371 141.665 145.662 144.679 -169.76 -126.137 135.767 141.981 
-136.01 -139.751 198.751 -173.233 -199.851 -151.053 169.665 149.274 160.563 156.492 -196.239 -143.864 149.906 159.658 
-179.191 -156.765 216.718 -184.025 -222.073 -169.732 192.805 169.409 172.78 170.535 -224.33 -154.738 165.323 164.844 
-181.538 -146.445 204.62 -202.099 -242.217 -187.41 196.273 190.207 200.624 185.198 -237.487 -162.426 172.858 167.821 
-193.616 -156.302 219.167 -197.5 -269.522 -183.431 208.205 185.748 201.769 198.188 -246.648 -189.322 
-201.703 -164.285 232.661 -197.855 -294.822 -180.5 194.785 219.038 199.196 
-202.267 -157.184 212.214 -195.103 -279.976 -169.624 190.251 197.536 
-201.282 -159.832 228.002 -181.584 
-184.949 -115.905 205.465 -169.517 
-146.961 -99.4081 166.677 -149.421 -206.241 -106.858 
-141.698 -99.6711 183.438 -107.17 -179.926 -80.5717 99.2295 87.0061 79.829 67.2305 -132.964 -58.3932 54.7998 71.1694 -141.514 
-91.785 -44.1625 142.196 -83.3439 -122.191 -47.5733 37.8337 79.5371 75.3926 61.9935 -120.282 -52.1467 21.2738 46.0152 -98.4577 40.8348 87.0055 -100.989 47.5187 -64.0825 -70.2441 53.0872 117.546 89.26 -110.127 -100.001 33.4061 114.259 104.011 -127.852 95.1905 7.30987 -76.363 -96.0006 -133.401 -129.427 -111.779 83.7909 -62.8564 -78.5876 133.638 -145.789 -167.204 -65.3864 -149.282 -73.3133 167.265 -117.038 
-43.2341 -17.3282 95.9702 -32.6103 -54.551 -25.0353 32.3411 32.5013 19.5287 40.9487 -68.241 -59.3456 44.9839 34.0905 -47.3182 23.4885 59.5128 -53.2456 38.7295 -56.9566 -28.3022 73.3695 52.2748 37.331 -74.8277 -38.8658 28.5646 44.8697 67.7598 -109.251 100.642 7.56871 -34.551 -27.5933 -61.4421 -114.073 -60.7065 74.2826 -46.4301 -31.513 81.0083 -92.4722 -82.8136 0.698122 -88.86 -29.9313 105.032 -24.8616 -33.6731 99.6702 -102.954 57.9524 -34.4164 -68.0433 29.7685 21.5689 -46.4168 21.8238 28.4758 35.6713 2.17584 23.8859 -8.34829 34.3993 -38.9648 -16.2828 -25.0195 -25.2212 -33.5532 20.7882 -1.89299 -49.1886 -10.8351 20.7667 55.7646 -0.78187 54.9071 1.20911 21.5799 44.8653 33.9326 65.3867 -0.667255 14.7797 -15.9916 -43.407 42.6527 28.3611 -40.9695 -9.61678 8.37217 29.0158 -0.177366 24.124 47.0605 -25.3928 36.1595 -20.5902 -24.0592 16.6586 
-29.9415 -11.1165 13.2896 -35.883 -11.947 -11.4491 -6.35599 64.0078 39.9628 22.5469 -41.1647 -39.5761 21.1837 4.70215 -16.2299 -5.39846 15.4236 -16.1166 -9.29154 -22.8301 -0.212964 49.8435 7.45665 3.54755 -24.7392 -2.40031 40.165 8.55595 39.0539 -46.4531 29.9424 9.14672 -41.7512 -14.2974 -34.4594 -54.4511 0.803645 61.7301 -35.9229 -55.6294 57.5646 -46.4904 -34.1287 26.1899 -21.8291 -30.4755 13.4808 -21.0531 -40.8881 36.7903 -16.2161 19.7327 14.0465 8.51499 19.1735 12.1997 -17.7011 0.376535 23.3998 13.2314 5.77713 -2.52506 -6.62603 13.1622 -20.3382 -15.7816 -35.2685 -9.46076 -8.4722 16.8043 2.91804 -37.5157 -22.1623 31.005 22.0931 -0.343702 19.1906 19.7579 16.9044 25.9735 18.5522 40.4697 -3.35976 7.37617 -3.93997 -13.6898 49.541 -14.9562 4.46858 -21.3805 4.75897 31.8902 13.9312 10.7669 5.94917 -4.71441 19.8944 -17.737 -10.0251 37.2793 -7.74212 -14.3038 -10.4917 -5.82727 12.5344 -1.82736 -16.229 48.5596 -17.9619 -11.3455 20.3714 9.3918 34.3201 8.6996 -1.33335 -12.3402 7.95115 38.6219 -24.7139 13.043 -27.7255 16.3627 -30.0109 -3.06442 8.41011 26.0741 -1.29757 2.49154 -10.1925 18.8482 -5.0084 -16.8934 12.431 4.91181 7.07237 1.46391 11.1216 20.946 8.81857 -29.1353 -3.87632 -16.7325 17.2314 17.1394 -28.8058 8.28513 37.2427 10.3012 8.65494 -17.1369 -14.92 -4.05327 6.42436 23.0028 -7.20716 -1.39541 16.6549 -14.0353 -1.50092 -3.2234 21.4564 22.1215 -11.6185 -0.890193 -16.7094 -10.776 -2.61279 -17.6282 12.5112 8.02773 23.7985 7.12228 -4.15545 -18.3424 5.94506 -5.93066 -3.82314 17.8381 -20.5321 -13.2606 17.9196 4.63644 4.71612 2.15163 -10.6304 -21.3484 7.74131 16.4101 -27.5168 13.7569 25.0174 -13.8607 5.80812 24.5865 14.1739 -6.13491 -16.2661 -2.35975 15.6738 16.4074 -22.0777 4.33408 8.33865 10.5629 -15.2359 10.5142 12.7275 -0.767875 0.632575 -31.5155 -22.5431 15.7429 -11.5617 10.6206 -1.67438 -5.58681 -42.4003 2.04688 10.227 
12.1316 -2.5423 9.32981 -9.56534 -16.1095 -0.116691 11.5647 0.139258 10.2433 21.9554 2.19457 10.538 9.23955 18.6527 -3.20049 19.5926 26.5964 4.40048 -12.5719 12.1353 4.48118 21.7879 -9.38666 12.5411 -4.08351 13.4898 -20.4496 20.6844 -10.1057 -10.3652 6.39812 19.9105 14.8746 14.8961 -10.2806 -17.8936 -2.04103 -4.08702 -9.37941 -3.27175 -3.69127 -21.2391 0.132218 -13.7152 -1.67777 -17.3371 -8.2895 -17.2152 2.04318 -3.88071 -1.29381 14.3578 8.16013 2.85627 -7.48727 8.16945 -17.1399 4.75863 9.04396 0.479096 13.3799 8.14518 -3.38212 -0.878035 -0.746305 -20.0482 -8.50087 5.80356 -5.72174 6.73231 -0.85208 6.8589 -6.40167 -0.383266 13.2942 -3.81015 9.28837 13.3819 -2.60349 16.866 -1.11108 26.2014 6.47777 -4.63954 -1.65773 -11.295 12.4304 5.05728 -0.0174709 3.88577 9.582 -1.14413 -0.988149 5.6342 5.59327 -4.18111 8.33201 -2.37547 4.5101 8.44469 -2.48933 1.27889 -8.31888 -1.96215 -0.927481 -8.93361 -7.22079 -1.45876 -13.782 -5.03735 17.439 -0.510024 6.33598 -3.996 -1.78471 -6.81176 12.4112 6.92267 1.12673 -15.6683 -5.54602 7.56804 8.29716 -5.02427 1.12905 -3.64886 -5.06288 -2.7085 6.72953 2.16639 -2.81441 -5.38389 0.520911 5.90366 5.71766 7.54101 5.19562 5.30853 6.17468 -8.55804 -9.14056 -6.24715 9.56553 2.77012 -5.65952 0.620286 5.94995 2.94937 12.045 -0.695006 -9.5555 -10.2995 10.1501 5.77003 4.40727 -1.55031 5.23101 -13.4542 -6.3216 -10.0287 -7.19484 3.82653 -1.37757 -1.16656 -1.76359 -8.22571 -1.43337 -8.31717 6.85032 3.60817 1.08331 13.8702 -7.29548 0.359653 -3.80347 -7.47528 10.6621 1.18401 13.4318 -10.4284 7.02026 -6.55483 -0.369802 5.36461 -0.722927 -6.09422 16.4958 -1.10815 -18 -1.45348 -2.58919 -6.50315 3.01474 -2.2841 12.2418 -9.70399 -2.25232 1.45514 -0.56162 3.28503 -8.37422 9.50968 3.89809 0.00441828 -4.09275 -2.27016 5.99311 -3.47835 -2.3612 -2.32585 -10.9399 8.39443 0.294468 -7.45182 0.388908 -11.7792 -31.2029 7.41367 -5.84612 3.95974 -14.5764 -2.52732 -7.89245 -8.88672 13.1675 -19.5808 -8.05772 3.33182 8.46562 6.61681 -2.73084 2.58359 -0.330098 2.4611 -9.74813 8.68768 12.445 -3.75275 5.5708 3.06014 5.67336 21.762 10.2771 -10.0096 18.9568 -10.5422 -15.821 -15.9057 3.54017 19.3247 11.6069 -8.74012 13.6527 2.72987 -8.63782 -0.861652 -8.8954 -12.9528 -23.7165 -9.99265 -4.78491 -7.65569 9.84342 -17.73 -15.7373 7.38084 -3.23834 -4.67472 -7.52164 19.0922 -4.41702 -11.1167 11.6659 12.2003 4.02297 15.0694 7.42859 2.73486 9.53111 5.48484 -1.89532 2.52504 -1.90317 -4.85157 -3.94976 -5.67598 13.0121 5.12966 -1.92955 2.18471 5.5436 -5.1139 10.0555 -0.447547 -4.79204 5.80234 -8.79917 5.92753 8.18024 -6.04237 -2.68938 5.44875 -7.47362 -6.16423 0.727376 4.71372 8.22807 1.34931 -13.1651 -9.66222 0.678093 12.946 -12.4965 0.877621 17.6978 -2.64635 17.7063 4.32641 -2.41753 -0.340377 1.10417 8.7142 8.89932 8.43072 -8.75177 -3.24876 -7.39842 -2.16615 -0.161884 1.91734 -1.54738 3.09637 13.4864 -2.6994 -12.0157 3.96727 11.8367 1.45977 4.48307 -4.41449 -0.0879353 13.8606 -2.30971 -8.57658 -7.87266 -4.31938 -1.51415 -8.5254 2.00128 2.02898 -9.63101 -7.65682 -0.490113 -1.40785 -9.94842 -2.84398 
-9.34879 -7.90052 1.25733 -7.61657 -0.573 -1.88671 -1.81779 7.55911 8.93543 1.69986 -3.59212 -7.92431 4.77653 9.79117 -7.11149 2.20992 -0.14332 -7.71962 4.47041 -4.38584 -6.11156 3.84528 -0.54232 -0.599212 -12.1044 -0.567712 7.38169 1.67665 -6.36827 -4.85316 -4.54873 5.00848 -0.626542 -4.3307 4.51441 -3.45834 -6.08191 -5.37277 -7.87187 -10.5475 15.1052 -12.557 1.29203 4.91959 -4.20613 -8.61379 2.87868 -3.99057 -17.825 7.92581 -5.51586 2.08046 -2.97378 3.27625 1.44234 2.79799 -7.91146 1.17887 6.92799 3.32924 7.52238 0.966089 -5.56453 -5.38826 -2.83864 -5.53318 -5.02187 0.42406 0.776895 3.13183 -0.0257916 0.230009 -0.543197 1.61909 2.73902 -3.48383 8.61931 1.3066 2.91087 9.79922 8.0462 13.303 3.39089 5.90303 -2.95702 -9.27803 8.72012 -2.49659 -0.224018 -4.7555 9.57697 15.2486 -8.17574 2.10145 9.56532 0.152905 10.9382 -2.4942 -9.34905 2.77495 1.48127 -6.26395 -0.213548 -12.0921 3.49979 4.83306 -7.0146 6.17709 -8.37649 -1.93253 6.24074 1.50734 5.70296 -6.50845 -4.13038 -4.45949 1.06196 8.38244 -3.80484 -5.33768 0.612837 -0.153117 -2.93163 -0.858774 11.8507 5.78421 2.59118 -5.76465 3.69709 1.49131 -2.88588 3.41606 7.6101 3.63964 -4.2252 2.47701 2.21091 8.09545 5.09959 -3.07683 -3.54226 -5.47342 9.57866 4.73795 -8.00292 1.59418 7.33039 -2.26331 3.21911 6.07346 -4.89549 -3.77641 6.93423 2.59425 -2.26953 -5.50234 9.23198 -4.09812 -7.36482 -7.7768 3.4981 0.560066 2.155 -0.651353 -2.62006 -5.81258 2.56625 4.83066 1.66947 6.944 1.99586 11.9569 -10.1641 6.65247 4.05298 -0.939219 1.79724 3.2433 -0.812674 -8.02321 1.94989 -1.36929 4.05743 4.03754 -4.10503 -1.47317 1.89293 4.26639 -8.13023 8.51894 1.80057 1.01909 5.38041 3.8904 9.14995 -4.05977 -3.97966 -6.86117 7.2217 -0.373798 -4.61442 6.79735 -1.97771 3.86516 -1.05117 -1.39753 6.49406 -3.12536 -3.74573 -2.90114 0.219489 2.13938 -1.57787 0.486001 1.90187 -4.92131 -6.40674 6.77822 7.9885 6.02268 4.23579 -5.72955 -0.222562 -4.66333 3.86446 -3.34073 -12.4789 7.88474 -4.46868 -1.21053 3.30427 -10.0807 1.47699 6.57458 -5.16423 9.52062 12.2328 9.54591 2.99696 -2.95487 1.31753 5.38571 -6.26004 7.29832 1.4279 -6.91784 -7.22859 
1.67976 -5.51707 4.27397 -3.94789 -8.7848 -5.12762 5.20567 3.74978 7.23262 12.0258 -12.0904 -6.51124 3.60004 12.1366 -6.48672 6.52229 3.8115 -1.67188 15.1128 -0.987554 -2.92139 1.44069 3.9604 8.58643 -12.2867 -3.88602 7.30304 6.19795 -0.87879 -8.98275 9.21179 -0.0692584 4.06169 -7.98924 -2.73177 -12.1655 -2.29778 6.40076 -10.8274 -5.77307 3.94522 -7.27956 -7.76269 6.30749 -4.69396 1.78689 5.91344 -10.8344 -8.60543 12.9138 0.202466 6.35028 -7.73001 -1.93958 1.08691 5.68697 -8.31601 1.67928 0.618351 3.7921 7.00206 3.85269 -4.66383 1.68646 -4.69156 -8.71867 -8.32847 2.78343 -4.96714 -0.93784 -6.28503 -7.80243 -2.06307 1.31076 8.20352 -4.25 8.86941 2.91059 0.700615 6.17867 9.89993 10.0774 5.67883 5.61123 -3.91391 -10.5167 10.1706 4.02939 2.277 -3.8349 2.52321 6.91144 -0.518658 1.84937 4.48301 -3.22164 8.25706 0.506207 -11.8107 4.73288 5.7395 -1.81389 -1.91696 -6.11332 1.50792 3.81311 -3.13923 2.52031 -5.8847 -8.61942 6.3439 4.41492 5.41834 -2.33519 -2.30496 -4.58061 7.13318 3.08943 -4.4459 -1.86017 -3.71595 -0.0631594 -3.52735 -5.48055 7.13861 10.4444 -3.53639 -7.10532 -1.50293 2.11183 -5.71031 -4.0715 1.57777 4.33165 1.29799 -0.909683 -1.50504 2.93919 7.29403 -10.4308 -0.693846 -6.84378 4.40822 2.94836 -1.8864 3.89941 9.63041 -6.3698 6.13056 -0.161064 -1.77006 -2.2976 
-4.17753 -8.53397 4.85864 -6.59173 -8.60798 -7.49307 5.00789 7.74477 5.27841 14.7925 -17.7646 -5.76793 9.03173 12.2898 -12.3559 14.8438 9.85133 -4.72485 10.0104 0.245166 -11.6375 12.6619 12.1275 8.02321 -9.40499 1.06154 7.95317 1.36576 3.00867 -11.5889 6.23353 -4.03161 -11.9095 -5.18467 -3.26963 -17.8553 -10.8128 16.078 -12.0062 -9.16694 15.1154 -7.26067 -5.04638 -0.658432 -10.7561 -1.84487 2.73224 -8.3412 -11.4946 12.8676 -6.60265 5.1333 -2.29336 -3.80134 6.35459 8.58078 -8.1042 3.55093 7.27168 3.39238 7.08138 6.70799 -4.90469 -5.30592 -4.32085 -10.2293 -7.28127 2.28826 0.37265 0.45806 -7.73806 -10.5826 -8.84831 2.20918 12.3748 -1.98806 8.97868 3.04548 2.45188 6.67564 9.1406 13.9886 5.36695 4.43541 -4.97987 -10.4762 12.6455 7.80693 1.32826 -3.8502 4.44839 8.41147 -1.29167 1.99811 7.49831 -7.03873 8.55134 -6.11621 -3.28137 5.91499 4.14192 -4.74822 -13.0474 -1.54246 -0.27597 -0.196244 -0.146343 9.34635 -3.94444 -5.99695 8.57869 7.1963 6.74663 -4.32665 -6.60828 -4.67149 
-9.76579 -10.8561 19.645 -8.43515 -13.1698 -13.5779 11.1359 17.9279 9.15419 15.917 -22.0332 -14.7872 14.6031 12.0178 -9.35441 13.4569 9.44502 -10.0216 11.6346 -6.96371 -15.911 11.8246 16.1827 15.9983 -16.0344 -10.1404 11.3102 -1.36703 -1.29321 -17.0248 9.56322 1.21833 -12.4235 -8.97673 -10.888 -12.4635 -11.8914 23.7909 -18.0544 -13.7802 14.4156 -19.2284 -14.2661 -1.48444 -16.2463 2.40847 5.13575 -10.1749 -13.6482 19.6352 -12.292 10.0508 -10.3262 -4.65479 5.87111 12.8421 -10.063 2.83415 5.51504 4.49525 10.5769 3.94266 -5.54249 3.14676 -8.45176 -9.10207 -9.85905 0.850927 -4.99955 5.73972 
-8.11043 -17.7695 17.6099 -13.5318 -24.6054 -17.7142 14.9137 20.0816 14.328 22.6676 -33.357 -18.2235 19.1509 22.1648 -10.603 19.6182 15.6599 -20.3163 15.0121 -7.64462 -21.4229 19.8985 14.9581 23.0104 -26.3891 -7.39342 18.8971 11.3114 6.47391 -17.6106 17.6291 4.15616 -20.9553 -21.6593 -12.8664 -22.6941 -14.3414 21.7206 -17.7681 -19.3041 21.8429 -27.6087 -12.1957 -10.3496 -10.1334 
-10.8117 -27.3884 24.0004 -21.1225 -30.9891 -18.7442 25.8537 22.9147 25.7479 24.9696 -37.1708 -24.5968 29.3385 22.7201 -27.0566 26.0869 22.8435 -28.3031 19.2132 -11.1597 -31.0768 18.4063 20.2969 25.9241 -37.7522 
-23.5654 -29.2297 32.3235 -29.7783 -35.1894 -39.0938 29.6834 38.625 33.1245 38.3346 -46.2884 -26.1707 37.5907 28.5563 -31.1688 35.7268 32.6234 -26.8496 
-30.7399 -41.4653 40.5248 -40.3423 -45.8585 -43.8386 43.3511 46.2092 37.0015 45.8048 -62.1491 -34.9685 37.2686 54.4298 -43.1395 
-35.3787 -61.9401 62.4284 -56.2674 -69.7317 -58.4615 55.3703 55.8077 58.4271 55.3325 -75.6915 -41.0733 66.1685 58.0461 
-54.8223 -71.846 84.9177 -71.0841 -85.7833 -72.4817 71.1265 70.2711 70.2219 77.4042 -98.6834 -60.4534 82.6662 72.1498 
-76.87 -86.3073 107.697 -87.2316 -105.142 -90.0586 97.3479 92.8369 93.6046 94.7619 -118.136 -69.404 105.559 96.2248 
-102.108 -95.0164 118.749 -113.316 -131.72 -107.715 122.736 114.925 107.874 109.988 -134.906 -101.959 126.05 
-116.634 -111.533 161.271 -131.261 -161.803 -122.368 135.294 127.46 145.765 139.596 -159.712 -112.23 141.743 137.951 
-133.182 -127.992 187.162 -159.499 -189.442 -149.73 164.221 151.461 158.895 150.556 -189.29 -132.716 150.897 
-163.459 -144.987 203.989 -179.892 -218.391 -158.003 173.877 164.607 169.489 176.408 -212.643 -147.522 165.272 171.274 
-162.17 -152.381 218.91 -196.108 -238.475 -165.515 208.687 182.927 192.862 171.708 -223.597 -164.461 170.265 
-190.033 -152.103 226.397 -209.941 -269.912 -188.175 209.182 196.221 205.473 194.838 -243.112 -188.359 159.722 
-191.611 -163.622 227.858 -206.676 -283.254 -182.633 201.28 212.665 207.192 184.053 -259.849 -203.931 151.851 
-215.692 -162.345 240.85 -213.066 -285.277 -176.197 185.14 197.991 182.643 184.193 
-200.057 -173.149 225.345 -188.956 
-186.479 
-178.532 -132.086 
-127.801 -89.7773 169.062 -118.695 -205.932 -100.156 123.189 100.208 111.57 
-102.593 -53.6586 162.298 -104.063 -145.614 -57.7036 56.9186 73.5711 59.8581 54.3889 -107.245 -55.433 46.1759 72.7722 -111.113 57.9048 102.292 -117.31 71.6359 -75.0301 -81.292 79.9653 116.545 98.7356 -122.489 -93.5691 74.3576 102.655 129.241 -122.075 96.6692 68.5087 -91.4235 
-87.7296 -33.6099 90.3193 -50.251 -102.324 -46.8716 33.3816 52.3693 40.5502 52.9459 -84.8945 -65.253 5.53114 24.5441 -45.9998 47.3935 48.3343 -49.1235 27.3675 -46.1217 -24.2376 58.6758 81.4189 43.7489 -76.3916 -31.0503 29.8767 69.4001 89.8136 -118.051 87.2664 -7.90866 -43.9381 -39.1139 -77.7578 -112.699 -59.1145 50.5254 -38.4301 -56.6537 107.739 -107.295 -94.7934 -19.2627 -119.928 -58.2354 123.665 -56.5527 -49.0649 84.358 -105.726 44.1805 -39.6292 -66.2241 33.3593 29.0598 -43.3215 44.5932 34.7178 41.2148 15.0135 33.0323 -8.99513 41.0957 -52.3046 -27.6023 -48.799 -26.6254 -38.0118 29.2945 4.31982 -28.0535 -41.178 37.7258 63.4877 1.80442 58.9144 -0.304603 36.0841 48.4825 23.9678 82.727 -4.6993 0.462665 1.73776 -52.7729 57.399 24.5335 
