7.8878 -5.50233 -4.9268 11.4779 -2.465 5.23911 -1.88738 2.88111 -10.5253 -6.45001 8.6189 10.9301 -11.329 3.78603 11.6142 4.84337 -10.1553 14.335 -1.29401 -15.3823 13.0523 6.63795 -3.90471 3.19188 15.2371 8.8164 -8.97796 -10.7433 -5.32578 6.09674 8.08569 5.0778 -8.43462 -9.12056 -6.8159 8.07379 -2.72693 -10.976 -1.90047 6.53646 -5.07847 9.17542 7.68545 -8.4536 -5.61846 7.78244 8.69547 -1.97329 6.68333 5.0532 -11.5418 6.98987 -5.14766 5.60193 1.29504 0.678486 5.54646 4.45449 0.00237403 7.55645 5.00564 -5.98168 3.96162 -7.37885 -8.97539 -5.57342 -8.14017 9.86884 -6.32902 5.73466 -7.37861 6.38962 1.40874 2.14676 3.90822 -5.06932 0.395383 3.84872 -1.70959 -1.15051 6.6411 -1.74418 -6.79806 -0.84703 7.46418 8.35325 2.18404 -7.25145 8.40618 -6.43387 2.36637 -3.60959 -6.17628 -1.7325 -6.18893 -5.03417 7.30605 -3.82575 11.0417 -3.34216 1.72606 1.44921 -7.90512 3.3794 7.0605 -2.81483 -2.24156 
11.8626 -8.95742 -9.94479 15.4463 -8.01926 13.8149 -4.39214 1.91254 -14.3286 -6.24414 12.7388 14.4536 -15.9023 7.78975 12.0586 -3.19434 -9.48748 21.3332 -1.77927 -16.6262 14.1161 16.587 -8.69123 11.8491 21.5108 11.8777 -10.1108 -8.36734 -12.9496 10.0733 16.9392 11.3256 -9.88153 -13.3045 -12.0748 19.7673 -11.455 -16.727 4.69484 5.83988 -10.5928 13.9749 9.28366 -14.9538 -10.3386 10.8693 13.6594 -6.00238 9.92224 11.2612 -14.5673 8.88873 -5.45113 15.0537 4.43321 -2.85731 4.86946 5.87087 3.42813 12.9945 5.30674 -8.58044 7.157 -7.59878 -12.8639 -8.03259 -8.95076 13.3246 -7.37519 9.01466 -7.95015 6.21432 -0.0592866 2.32665 6.4316 -5.87078 -2.62103 2.34523 -2.35016 
15.2892 -11.1857 -13.2327 20.9885 -11.5059 19.7861 -9.03401 8.36431 -17.8092 -12.6125 13.1708 20.4131 -22.7386 14.4899 20.1456 -8.00927 -18.2581 25.304 -6.47618 -16.6029 14.007 24.2499 -16.5696 23.4881 22.1716 14.8996 -14.2549 -14.5665 -13.1443 16.5052 20.0166 15.4999 -14.9792 -19.596 -19.1684 30.156 -16.4884 -22.2402 2.57915 9.37713 -17.6956 19.9876 16.7299 -23.8731 -13.6492 21.1647 22.344 -9.93325 19.7418 16.0078 
25.4121 -13.9455 -21.4827 25.4392 -14.2537 29.6254 -10.7334 16.698 -22.3511 -18.7518 28.3149 29.2104 -26.0757 17.5278 23.124 -17.3367 -21.5174 34.2319 -9.8239 -20.8134 24.1315 28.9894 -24.5835 26.6257 32.6115 22.8428 -19.4415 -24.0233 -25.6041 15.9556 27.9538 17.8729 -16.0679 -31.1622 -31.2626 40.1129 -24.8347 -24.5946 8.02253 21.7298 
28.9204 -25.2624 -27.0321 35.8604 -23.3623 43.3552 -21.7626 21.3324 -24.6204 -25.3175 34.1558 34.434 -30.8545 30.0855 39.189 -32.8379 -25.3549 44.7231 -21.979 -26.3054 31.9599 40.2426 -34.2289 30.4556 40.8285 29.3347 -30.7919 -21.377 -32.4049 26.5518 32.5971 25.7435 -23.6818 
38.751 -31.3247 -25.897 49.8053 -35.8377 46.367 -32.9815 24.6874 -31.824 -30.4084 42.6361 47.7967 -48.0832 42.7205 48.0576 -41.4149 -35.589 52.1595 -19.3813 -29.1578 36.3681 44.017 -44.1113 36.4098 49.8671 
54.5697 -35.6856 -38.8683 61.6554 -43.0014 57.3165 -33.2186 26.7097 -38.5827 -43.509 50.8549 59.6485 -60.8862 51.3628 44.88 -46.385 -39.5879 55.8733 -35.7242 -42.9806 41.7446 51.1653 
66.3473 -45.314 -47.1562 72.361 -50.6003 72.8664 -43.7435 30.2279 -51.1978 -47.4033 58.8029 70.5507 -72.2803 58.2069 61.4339 -58.3703 -43.5149 69.1192 -48.8575 -55.4382 47.3812 58.9534 
68.7623 -56.853 -47.2266 86.3246 -50.445 78.4642 -50.9949 50.828 -58.1036 -46.1513 70.9846 72.1068 -79.4109 71.0514 67.7026 -75.1359 -51.3015 89.3859 -48.5018 -57.6583 60.5246 
75.2489 -73.4827 -57.8793 88.0914 -63.2782 93.4832 -67.1493 68.8336 -69.4588 -61.6294 82.9594 87.9805 -86.1203 73.1308 72.5606 -77.4754 -56.9192 99.3816 -60.5928 
81.9212 -82.5745 -64.2709 115.368 -67.1966 103.582 -77.3588 77.8986 -71.031 -78.5706 87.8439 92.9722 -99.6537 73.0458 70.3588 -91.561 -61.5798 113.547 
86.5432 -100.087 -77.8181 124.058 -64.1704 114.137 -80.6195 65.4102 -55.9151 -70.0021 91.0098 97.1582 -97.8448 69.9584 87.4979 -95.4579 
83.7477 -92.6886 -73.7711 126.946 -57.1253 107.367 -75.6925 55.4318 -44.8299 -81.3809 88.2971 88.036 -102.194 64.4171 89.3709 -91.2352 -57.3561 116.76 
71.6571 -79.6292 -69.382 106.087 -42.6156 91.4213 -53.2029 49.7437 -43.1352 -75.63 76.5778 78.0623 -94.2596 43.4894 86.1987 -87.768 -56.079 100.897 -53.3462 -66.6431 75.7096 143.981 -107.34 95.6792 105.334 108.862 -128.923 -115.499 
57.0908 -54.8572 -44.962 96.8742 -24.3042 77.2353 -43.1753 34.5974 -26.6833 -68.7776 69.9499 70.8929 -87.6637 35.9355 58.7473 -69.974 -47.7348 90.4613 -43.5981 -56.9472 60.0112 119.978 -89.6771 97.7489 104.432 100.657 -128.628 -95.0786 -111.079 75.6734 74.8318 90.5944 -69.6428 -116.665 -87.1747 141.606 -105.139 
28.7829 -35.3234 -41.3331 88.1092 -14.0471 56.3924 -14.298 39.7242 -14.7878 -53.3076 64.5795 38.9921 -67.4091 13.9703 47.2464 -63.4228 -31.0892 64.5098 -20.3821 -48.4748 38.9921 105.183 -81.437 81.8127 65.0627 76.1313 -94.127 -81.7347 -102.853 57.2973 48.6734 55.9717 -49.7725 -91.0808 -60.9389 117.681 -84.6237 -75.9216 42.5179 65.4117 -68.959 46.0744 66.5083 -69.0032 -56.3393 72.015 27.7473 -68.7241 51.8389 53.3622 -34.5558 69.1748 -34.6828 40.1216 30.3403 -8.4079 24.2457 37.2287 
20.2804 -40.9404 -18.1305 52.807 -27.7825 34.9555 -15.4593 26.5546 -16.7956 -27.805 42.524 25.808 -58.1382 12.5831 32.5346 -34.6599 -14.8952 57.5105 -13.1302 -22.9495 31.9629 62.2024 -42.1079 54.0616 54.965 38.2814 -62.4103 -50.691 -72.4533 52.6405 34.6298 43.3072 -35.3253 -56.3571 -34.7767 75.898 -63.9189 -72.3143 12.3334 40.8424 -56.5073 48.2454 44.0814 -24.1344 -52.8058 45.1586 24.602 -46.2601 13.248 27.6355 -24.5654 55.4684 -31.2776 58.6069 20.5152 -28.2805 22.6318 30.2432 6.80466 29.5647 29.7813 3.84333 32.4668 -11.3149 -24.6577 -36.3446 -14.2407 15.3992 -8.34201 31.7415 -13.2368 26.1541 12.5553 14.4901 23.3776 -26.1582 7.89351 10.2956 -3.19168 7.65395 25.4172 -4.21829 -14.2051 -26.1609 
1.74756 -22.4158 -25.4066 39.0513 -21.829 4.76226 1.05551 18.2863 -11.4841 -21.0042 40.4195 29.4141 -34.9595 4.90456 31.3168 -3.1044 -24.308 41.6864 -5.49855 -33.2113 6.50747 45.6079 -37.8476 37.8576 39.422 33.3719 -29.4 -27.1291 -34.7188 29.1247 34.6832 30.1823 -31.0828 -34.4073 -22.3175 33.8147 -27.0787 -50.0375 14.3807 11.5882 -51.7628 57.9259 36.9991 -35.0834 -16.1005 12.6117 20.8401 -26.5604 27.7198 30.797 -3.13436 44.0059 -32.4063 32.1822 11.8092 -0.99279 19.7001 9.22437 12.9631 14.3892 8.85904 -12.2353 21.1173 -6.01951 -8.46564 -9.2664 -21.261 15.7551 -5.54701 40.3642 -17.1628 12.1477 -9.94831 10.8191 15.0296 -31.1936 1.45327 8.17144 -10.945 -11.6972 12.936 -2.96778 -16.5318 -14.1541 12.1279 20.1127 27.7116 -11.4859 17.2857 8.11001 16.3004 -6.0578 -6.67372 
9.19664 -14.9057 -23.901 15.6908 -13.8414 19.7636 -15.8847 13.059 -17.1019 -12.329 13.7813 11.7539 -21.1903 -1.02629 33.432 -2.17472 -23.8904 29.584 2.92499 -15.914 27.0781 25.8627 -20.5003 22.525 19.193 17.2765 -21.4718 -13.1391 -8.64981 22.8761 23.1521 18.4585 -21.029 -24.516 -27.9841 33.8237 -32.6097 -31.3393 24.413 34.6916 -18.7645 25.9777 18.4223 -39.3258 -22.1262 6.83495 16.7536 -9.08427 21.7991 8.61642 -8.57129 26.3968 -10.5261 23.7509 9.57642 -6.42194 13.8503 7.89973 18.4462 14.7289 17.1567 -10.2539 11.2939 -16.2286 8.38154 2.26863 -16.0072 12.574 -5.54444 13.104 -5.61946 16.5663 -1.31676 4.9515 15.4448 -17.0226 6.1755 2.66344 0.723872 -5.37817 21.9875 3.65625 -17.6441 -5.81057 -3.30532 7.93139 13.0784 -13.5504 -0.056966 -9.18453 5.02283 -2.78068 -12.3897 -7.60307 -9.79412 -12.8905 6.41607 -13.4472 19.2914 0.530104 5.75557 1.54404 -9.73238 3.09037 8.15164 -14.3912 -5.93078 11.1659 -2.37962 -14.8658 -3.7608 11.5292 12.2237 -1.14436 -16.0963 -11.4435 -3.06453 -22.0956 9.3908 -19.9836 -5.58581 10.1978 5.88155 4.97108 9.84026 0.695682 -5.16211 -17.2542 2.97108 -17.2908 -2.6392 2.99442 -8.91611 4.49546 -1.32477 -4.62085 -2.72444 5.67116 -13.263 -11.6154 3.15439 
17.1426 -8.86415 -1.81561 16.9808 -14.2637 17.8036 -7.37478 8.37465 -7.48097 -3.32752 13.4075 14.4269 -16.8487 10.4957 17.6719 -10.8401 -2.55742 25.4268 -2.52879 -20.5764 8.29432 3.17849 -14.4841 20.961 22.1989 3.76294 -8.89066 1.82253 -9.52391 15.5862 1.1633 1.51365 -26.7956 -9.17641 -1.5657 9.24717 -9.42282 -22.3187 9.15914 9.71308 -31.6307 19.0777 12.1897 -17.337 -24.6249 10.6437 19.5087 -7.37351 4.91839 3.32462 -9.76799 24.5019 -10.3083 14.9696 3.3659 0.143361 5.02837 6.37865 4.62402 13.5214 0.325306 -7.39306 6.72921 -8.25279 2.37806 -2.92649 -11.0017 8.43652 -13.2785 17.0526 -11.4661 8.19888 -4.36128 2.96182 0.626343 -6.82122 -0.940444 0.993069 6.01022 -6.80322 2.83371 -1.82769 -12.8876 -4.4579 8.64382 6.40313 -1.83212 -10.0886 8.0535 -13.5322 4.02992 -10.601 -1.34241 -10.6783 -11.6574 -2.95024 10.2078 -7.85693 3.78407 -6.57497 19.398 5.05102 -11.1058 1.98262 11.3242 -13.2484 -6.05594 12.0686 4.33471 -21.8429 -2.74331 3.84942 11.222 -2.50277 -16.9448 -3.83887 -15.6599 -6.82007 6.15117 -19.1156 -9.27703 7.72845 14.5528 2.48499 9.71162 4.2707 -9.56912 -1.30078 8.46686 -5.66582 -8.93341 1.44979 -6.79669 15.2533 -5.94898 -3.14576 16.563 0.862376 -14.0567 -8.2947 0.42141 -0.437945 0.409418 7.56421 -11.8565 -4.78523 -15.1411 -6.52575 12.7576 2.93536 -10.8333 -11.1222 7.19019 6.20474 -6.39239 6.36534 18.8274 1.01097 
5.86829 -7.95516 -9.39099 18.1131 -18.2913 12.5076 -1.78419 6.79321 -13.1541 -3.72524 11.8995 6.22077 -7.26914 0.256059 25.2753 7.39754 -21.2294 19.1768 -1.30931 -11.3117 15.0465 14.6288 -3.50082 21.3123 18.8473 22.001 -2.23046 -8.38285 -8.34476 11.5381 7.58423 4.52465 -12.2743 -21.1302 -9.97242 10.3841 -2.62193 -13.4376 -1.17654 0.0452697 -12.6048 10.0079 12.0709 -12.1819 -9.30917 1.02822 12.2505 -3.63867 5.93958 2.63923 -14.2534 16.3656 -10.4668 10.8678 -0.90406 -1.88596 4.08535 7.82266 -4.85629 10.6196 -4.87006 -7.30695 8.86453 -3.08143 -9.20512 3.26699 -6.93328 10.8718 -12.7839 9.11404 -9.73516 8.23039 -0.0485505 1.20534 0.62089 -7.89089 6.73426 6.03412 -4.80782 -3.20677 11.6397 -2.16921 -10.82 3.67966 8.147 5.61307 3.35799 -4.83165 15.8448 -6.65912 4.25565 -3.98078 -9.35471 -6.03413 -1.8009 -3.09672 3.38836 -4.25667 8.47718 -0.643626 -7.56348 0.26797 -6.86221 1.61215 11.3164 -5.43324 -5.16569 6.71369 2.63786 -14.766 -6.64311 4.4206 3.65155 -4.59798 -6.29873 -6.48301 -9.75329 -5.60725 2.91047 -2.62299 -8.72159 12.7649 6.66513 -0.860856 8.44417 4.24719 -6.47639 -5.65213 3.9366 -4.90221 -4.10462 2.70854 -14.794 5.69046 -0.0319175 -0.233459 5.95483 2.69877 -10.5155 -8.89935 -4.24515 
14.9732 -8.23805 -9.44929 13.0836 -4.63477 18.7679 0.484142 2.64596 -7.20347 -7.45641 18.3089 8.82432 -16.1761 11.0702 13.7914 -6.51277 -19.2697 19.9742 -0.520464 -21.709 15.6807 13.4933 -11.1812 7.52703 21.6568 8.03338 -2.18604 -12.5443 -13.3828 6.47207 12.7074 10.7366 -14.2617 -16.2445 -14.4349 14.8578 -9.18021 -18.5941 3.00474 13.7798 -9.7222 20.1561 6.85248 -7.26604 -17.5699 18.4287 0.758818 -2.35701 4.35819 11.561 -8.50264 22.7175 -7.19086 14.8084 1.19912 -4.77677 4.98983 -1.65799 3.32216 16.6681 5.5467 -7.28435 8.75692 -9.98501 -11.1504 -9.48835 -9.53831 9.86297 -7.5759 11.3556 -6.15343 3.52331 -0.00629748 2.01916 6.37519 -7.17509 3.62352 8.57438 -3.49959 -4.18307 9.81978 1.84676 -10.1668 0.289762 4.87804 9.07943 8.67652 -8.27472 13.6589 -8.53311 -2.74902 3.3044 -5.38186 -7.13922 -9.17676 -5.04047 10.9178 -1.20388 9.23002 -5.43814 1.36947 6.35489 -10.4069 5.83908 6.5511 
10.3058 -4.85755 -18.0369 19.5819 -10.8283 12.662 -9.71441 0.691473 -15.5753 -15.7196 17.8304 13.7833 -16.4095 8.50902 16.1477 -3.51092 -16.85 19.8637 0.715688 -17.5279 16.8443 19.9114 -14.9518 6.53227 20.8003 13.9716 -10.4301 -15.4101 -6.58608 11.2232 12.3104 3.27334 -8.7497 -21.3448 -7.30926 21.5755 -16.7375 -24.5422 1.38404 1.09336 -6.99252 13.6325 12.1083 -16.6931 -4.14649 11.1632 19.8557 -7.98972 13.788 12.446 -15.0743 20.0262 -0.838186 14.7212 4.01817 2.12947 8.64786 7.3474 1.53686 13.5611 10.535 -5.82819 6.30711 -9.7752 -10.1299 -7.45613 -9.31973 14.4626 -8.61871 11.0058 -8.59988 5.40735 -3.93951 3.74268 10.6541 -7.93414 1.62956 2.37164 -3.4738 3.55016 10.1978 -2.14008 -8.982 -3.06762 10.4819 9.31658 10.6085 -10.0509 15.981 -10.956 0.335321 -0.30885 
12.7256 -9.31001 -9.91524 16.2233 -8.13233 16.3475 -6.97437 4.46068 -19.0881 -9.83636 22.9265 12.5673 -20.1371 18.2931 20.1366 0.202061 -19.3421 25.4261 -6.58726 -16.6429 17.2041 18.4349 -12.5321 14.984 24.946 12.175 -18.1717 -17.8459 -15.7357 12.644 24.6264 11.6584 -14.1881 -21.5199 -14.258 18.8956 -14.3138 -19.4444 4.97107 16.9921 -15.2832 18.3276 25.5014 -26.4203 -12.8577 13.3099 20.1454 -11.011 20.5919 22.6885 -10.0032 22.4312 -10.2857 23.3756 3.15925 -1.16469 7.93934 10.0287 0.658644 17.4127 11.2509 -6.71612 9.56234 -10.7965 -11.2093 -9.79117 -10.5579 17.4284 -8.10691 10.9744 -6.3971 9.57966 0.115625 0.0164591 4.76151 -5.03191 2.04452 1.73772 -4.89072 5.60181 
22.6741 -12.6213 -18.3805 26.7941 -11.9802 23.4486 -13.8601 18.5805 -26.7694 -13.6986 26.2706 25.9233 -23.5828 13.4765 31.1553 -21.8265 -19.9247 28.4683 -16.6703 -18.3476 20.8023 29.5672 -24.2404 23.5345 29.0152 15.0923 -17.1458 -17.6606 -13.6058 17.3372 14.6696 23.1384 -14.5497 -25.6272 -26.0895 34.6127 -20.6771 -20.6623 7.50238 21.8765 -19.7711 26.4519 28.9567 -33.2584 -20.1379 11.0102 24.642 
23.5608 -18.8601 -24.0831 36.2833 -17.1798 33.3735 -16.1788 18.3161 -26.9004 -15.0036 36.5343 32.0914 -31.5864 20.0121 33.7196 -23.3092 -17.3248 41.3582 -12.6211 -23.2621 22.252 34.4424 -32.0908 29.132 34.6743 15.4075 -29.1774 -21.9604 -28.0338 28.6615 28.5236 26.0678 -20.917 -37.595 -33.8989 
33.9546 -19.0664 -24.3089 43.4293 -23.1071 42.5549 -26.7077 22.5748 -33.3814 -24.3939 43.2951 42.6436 -35.7643 27.2764 37.3387 -35.7077 -22.6901 48.3028 -20.738 -30.4337 30.5978 42.24 -42.9041 38.5313 
50.6307 -30.9855 -32.2591 53.8709 -38.1448 49.0307 -31.5634 28.277 -37.7918 -34.5785 52.5341 55.7123 -46.1469 43.8909 48.5438 -39.6571 -33.7686 
63.6182 -43.4591 -35.3435 62.1394 -53.3449 62.7342 -48.412 31.1385 -49.0944 -43.1485 60.5229 61.2739 -62.0748 53.804 52.9844 -53.2678 -38.2111 64.4812 
71.9298 -50.7114 -44.6466 86.6505 -51.8816 70.7907 -44.6055 47.5656 -58.6359 -50.4484 66.969 71.3226 -68.7444 67.9392 67.4857 -70.2536 -50.0919 75.1771 -47.5768 -55.1322 68.6009 
74.888 -67.5618 -59.8895 100.43 -68.1981 88.358 -58.3939 62.7511 -66.1492 -57.6184 77.2989 88.555 -93.0416 76.6346 70.6975 -84.6525 -58.2289 93.1586 -62.1376 -57.3172 
81.4865 -86.4134 -71.3695 113.5 -69.4384 101.105 -83.139 73.4132 -77.1542 -71.571 94.4171 85.9465 -104.885 77.9873 76.5519 -91.8608 -53.586 
95.2336 -101.162 -68.7076 121.375 -62.7514 104.626 -92.1944 75.7498 -74.5304 -76.9526 91.5303 104.385 -104.035 71.6574 90.6197 -100.335 -82.4536 
92.2647 -95.297 -82.0212 131.084 -66.3775 127.953 -81.5268 59.0466 -71.4374 -82.2028 96.908 95.8164 -108.791 72.6453 97.4608 -104.654 -61.2879 120.118 -63.668 -80.9325 
85.7357 -91.4562 -84.2931 129.681 -65.5667 109.505 -96.6541 66.2735 -46.7999 -83.8707 86.4848 92.6158 -95.07 58.9426 92.5225 -105.53 -64.8398 131.648 -57.9237 -72.5985 92.834 
80.4939 -78.6126 -53.0871 108.419 -43.7704 90.4624 -38.5212 52.5597 -46.9231 -69.7812 88.6815 82.2138 -90.4484 49.7694 86.3798 -88.8053 -59.9483 104.758 -62.9343 -55.9618 73.2108 138.972 -111.648 103.247 106.072 106.193 -141.246 
75.1632 -68.6525 -67.3116 106.22 -29.611 77.4995 -42.9255 33.3114 -26.3358 -65.9392 60.4681 60.8936 -95.5384 17.8977 67.7599 -73.2993 -38.8993 78.0671 -49.0345 -56.2962 52.8563 131.167 -81.7975 88.9697 88.5209 106.861 -121.938 -90.7851 -102.471 76.5745 53.4422 81.7435 -70.262 -130.68 -89.5596 132.425 -94.7747 -93.5725 63.1057 84.4583 -73.322 80.2527 
28.5957 -26.0435 -2.6453 90.2471 -11.4194 44.104 -26.8998 27.1782 -4.78004 -33.1475 54.967 17.9326 -48.6854 17.7487 25.8995 -52.3405 -21.9814 61.3342 -19.5943 -34.9645 40.1569 92.0576 -68.1719 53.105 69.847 68.7961 -85.4764 -55.4683 -93.0672 40.2071 40.4853 43.0827 -37.0538 -67.1425 -70.4466 94.2474 -78.6312 -73.6641 25.5053 48.6685 -70.1113 52.4695 59.2818 -37.8663 -51.8253 65.4617 15.8643 -56.2814 37.8622 44.6681 -45.4283 81.4309 -41.5375 41.5996 18.4575 -17.7772 21.8865 19.6418 22.89 36.2868 38.7872 16.167 45.2782 -13.1615 -17.6433 -50.6657 -4.0669 20.4429 -11.9742 51.951 -24.5619 28.0988 -5.05549 7.5902 36.5198 -39.4717 23.7145 24.7567 -3.08826 10.9384 33.9253 
16.315 -32.1063 -25.9062 36.7425 2.25756 25.6696 16.2574 29.8382 -32.2395 -21.8475 33.0096 38.4249 -49.0813 8.3221 26.3457 -9.97607 -11.9554 33.0299 -17.6171 -30.877 30.459 47.3695 -31.1911 28.5182 27.5816 30.8159 -60.5042 -30.9862 -44.9103 21.8368 30.2103 41.2899 -32.085 -48.267 -25.6249 47.6166 -25.2425 -61.8365 23.5049 24.3839 -52.824 47.5809 45.0615 -24.9172 -33.5491 32.0409 24.6838 -41.015 22.9146 38.4073 -19.0815 37.5532 -10.6075 43.4998 19.3337 -21.7222 14.7286 15.1358 4.79764 26.7265 31.2209 6.90849 19.4428 -2.98336 -15.5406 -27.9203 -9.55441 16.1496 -0.894059 26.1598 -15.9245 13.9068 9.53764 0.726806 15.4075 -25.1088 2.72152 8.12088 -9.42418 -7.17973 10.8939 4.34509 -0.719602 -20.0633 11.0812 23.6973 9.40705 -14.1712 21.2129 13.221 13.7019 -7.56254 -20.9069 -16.0268 -10.2019 -24.4414 4.309 -17.0618 30.3631 -15.921 20.4254 0.25414 -18.0109 18.3897 8.16574 -23.8768 
8.59023 -15.0786 -8.8106 21.1771 -19.2566 19.0368 -10.2623 17.3883 -22.9756 -18.4235 18.3846 18.3295 -24.9928 0.712077 14.393 -18.3507 -13.8395 28.2193 5.8898 -23.0372 19.5816 18.2125 -26.5041 28.7825 33.0961 24.3759 -21.6294 -1.75438 -24.5699 14.6288 20.4902 14.4456 -21.848 -37.0907 -30.2654 26.3638 -29.6539 -24.1521 0.964075 19.4828 -30.7321 12.1673 3.66124 -37.4016 -19.1461 10.3037 24.1613 -2.58306 14.7518 32.6158 -14.6059 48.5674 -16.6844 21.7267 18.091 -21.5289 11.1747 3.68329 11.4492 15.0842 17.7737 -7.58962 8.78213 -1.12664 -15.0594 5.19683 -22.6821 12.3655 -3.33389 12.1116 -4.76602 13.8792 -13.6944 4.75157 15.501 -17.4793 4.95241 6.31929 -9.80808 -4.68401 15.118 -14.3838 -18.5898 -8.55308 4.53138 15.9254 19.5352 -14.1428 4.73103 -13.291 -0.193483 -8.491 -6.14814 5.5164 -7.70081 -4.71094 3.09893 -13.8396 20.106 -2.71261 1.08175 -2.76666 -7.34017 -0.01434 1.43094 -22.4691 -2.92998 -2.64199 3.25138 -23.7192 -6.52353 23.7308 18.1275 9.39162 -14.5554 -2.68924 -2.97089 -11.2695 1.48393 -14.9678 -9.99305 2.86896 9.64076 14.4492 10.2639 5.46511 -6.34101 -16.403 8.94109 -6.62728 -13.3071 10.3231 -8.304 13.5292 -8.54014 -9.47588 -4.32609 3.83225 -7.06417 -8.58761 4.07829 -7.79903 -1.63345 22.9783 -4.7811 -9.59061 -23.1944 1.80243 2.58881 -0.331684 -14.8261 -13.7434 4.67466 13.3928 -6.69199 8.39844 15.1686 
9.13329 4.16663 -10.0098 5.128 -8.4272 12.5262 -3.90086 10.8892 -26.998 -14.085 -0.432017 19.5601 -9.4313 9.9916 21.0927 -3.94575 -2.93592 31.2539 -10.6783 -13.0818 21.1745 7.49786 -22.6544 15.9359 22.5564 9.0014 -19.047 -16.6878 -1.48426 17.8932 1.07985 16.834 -2.66803 -19.6849 -9.50255 11.727 -14.6693 -17.862 -1.56181 7.69414 -6.14819 8.22598 10.7408 -17.5396 -13.2884 16.0839 23.2289 -11.0428 8.04576 -3.76592 -13.4025 18.1274 -9.96894 28.0705 3.07673 -5.89897 9.34684 17.3056 -1.59782 9.35772 -4.28483 -8.92438 5.07235 -14.5853 -11.6795 -6.99287 -10.7561 11.8503 -11.7417 12.1844 -9.1287 5.77121 1.83849 -0.0752525 6.45425 -0.974302 5.75965 -2.06693 0.108609 2.55461 20.7244 -5.22245 -11.1783 -6.13687 6.94131 8.37318 14.2085 -5.03305 2.13467 -5.22128 5.54414 -0.843018 -7.14308 -11.0412 -9.8133 -2.95423 0.853865 1.81145 15.4513 -3.38004 5.94445 8.63832 -3.61833 6.88635 -0.114634 -19.3509 -6.06198 12.8613 8.44952 -15.4442 -0.0376992 10.2455 10.6958 5.66732 -2.41711 -9.76885 -4.92315 -7.75249 5.23893 -11.7813 -8.86323 6.42307 10.4466 8.61001 7.58031 0.567891 -1.09751 -1.34778 4.60014 -7.57936 -4.3001 0.181828 -7.2116 11.3259 -7.79319 -0.733709 4.65519 -1.12916 -9.28425 -20.2274 0.967135 -11.5096 -4.30855 4.85787 -6.74315 -9.1413 -9.0309 -8.45516 8.61956 -7.6023 -15.68 6.99724 2.61522 1.60955 -10.6174 13.3146 10.8969 0.663842 -3.73085 4.69544 -6.03565 3.8643 -4.08514 -0.506821 -5.10692 3.01772 11.5533 6.82986 2.0328 -1.21322 -18.9372 -20.1284 
10.3334 -5.26408 -5.39152 18.5785 -7.82795 18.0418 -14.8999 -7.01609 -9.46374 -8.49145 3.88796 1.89923 -7.49889 9.69974 14.2477 -0.213525 -12.5473 10.0235 -6.09609 0.668464 6.74692 19.4568 -2.32626 15.2806 14.3714 8.3698 -2.17441 -11.0883 -7.7371 16.3733 6.83284 9.3043 1.07835 0.328337 -16.8852 15.5908 -7.87945 -20.1362 -4.58643 9.47288 -21.173 12.4903 14.7817 -18.9788 -18.8936 3.09821 7.57181 1.95831 5.82379 10.5887 -1.22793 6.68152 -1.17601 13.905 1.998 -0.24254 4.36863 11.4031 0.338751 11.1781 5.06301 -5.79646 6.91559 -9.32302 -14.1975 -10.3646 -5.02204 4.22469 -8.80469 2.24323 -8.13589 6.11475 1.01099 1.80171 0.786815 -11.0622 4.38642 3.85191 -2.13859 -5.78236 11.7811 -2.43197 -11.1655 -0.118994 1.88355 6.12144 11.6864 -8.49614 11.6027 -11.8822 2.4885 -1.4983 -5.76994 -2.24691 -5.71749 -7.86205 7.4639 -4.26705 1.57745 -8.45915 -2.61942 0.18875 -13.551 10.7699 11.2474 -9.35051 -8.13629 4.46169 4.70914 -12.5973 -8.69502 14.799 2.76269 -5.45382 -9.61281 -6.47004 -9.83551 -5.06597 6.68625 -11.1216 -6.68382 9.6905 8.58703 1.09715 12.8599 7.24411 -5.57483 -0.751583 0.263411 -5.4757 -7.20784 4.18007 -7.99266 5.67564 -0.641414 -5.24819 5.69346 0.613916 -8.35933 -14.4444 -3.20928 -10.9926 1.07408 2.20887 -6.15862 -9.51567 -7.35245 -6.81285 8.74623 -6.27079 -6.018 -3.0421 2.58706 
10.395 -5.45026 -11.8659 16.5138 -4.24259 6.33187 -5.65928 -3.22694 -13.0249 -5.15669 9.65304 19.1992 -16.8513 3.06697 16.7731 -8.17222 -6.01092 24.3968 -6.50176 -18.1908 4.03465 5.35357 -11.7266 10.1888 12.3724 12.3913 -2.2375 -12.6206 -5.19763 6.91342 2.01205 6.83658 -9.5037 -8.7104 -13.7549 4.49505 -18.612 -16.6811 0.155177 8.254 -8.6774 8.81527 7.88547 -7.88306 -3.81443 14.2383 10.6736 -1.71264 12.4997 10.1114 -14.0366 11.1864 -0.401972 21.3831 2.64573 2.29226 9.2279 5.66176 -1.356 13.4802 0.643629 -7.38045 4.34786 -7.47228 -6.03119 -9.69511 -12.9463 11.499 -5.05824 12.036 -6.57058 7.2223 1.56649 2.07607 3.72688 -7.80733 -0.85031 7.12762 -4.05125 -1.47038 4.52171 2.39862 -10.4978 -2.35405 3.37279 6.88148 10.3413 -9.02937 6.40134 -8.41384 -1.62178 -5.35074 -5.12956 -4.81842 -9.63176 -4.87103 5.59868 -0.662581 7.98529 -3.22343 4.95119 4.11706 -4.61942 5.56577 3.88549 -6.55984 -5.16485 8.62044 0.578351 -5.73371 -5.22927 8.26504 5.0388 -1.37723 -3.43877 2.58945 -4.15202 -4.61463 -0.40852 -6.01352 -2.00222 9.982 3.85669 3.91477 6.213 3.75394 -6.14395 -3.93642 1.70231 -13.8673 -1.84005 3.63697 -9.0973 6.14623 -0.426593 -1.0689 10.9089 -0.119241 -5.94189 -3.59906 -0.708873 
4.64138 -1.36157 -2.16223 16.536 -9.25121 13.9925 -1.28301 5.56283 -15.3892 -7.44876 11.7259 4.50767 -14.4367 6.3387 17.9824 2.10569 -9.88813 16.1615 -10.6743 -11.297 21.2971 16.3222 -13.1447 12.4624 18.0686 12.8085 -6.60078 -11.2677 -13.833 9.99611 16.4867 9.04715 -11.4647 2.33965 -5.81332 19.3386 -5.70694 -12.8573 5.76419 6.48562 -19.009 5.26013 11.589 -18.4933 2.33346 10.5366 8.80532 9.27092 15.5511 5.00135 -13.7599 6.05646 -11.582 18.5843 1.78851 -0.956104 1.12868 6.43486 4.30821 12.4394 7.05649 -5.49408 10.2561 -5.01001 -6.71705 -3.50161 -11.6065 10.1902 -8.34805 10.9762 -8.86565 2.58236 0.213388 1.68728 7.50703 -7.53364 -1.76435 5.81303 -0.378483 -4.11991 10.6162 0.536727 -12.8367 -3.35309 7.29792 10.1135 12.5471 -7.88727 10.8433 -11.6807 1.47359 0.0591952 -1.81413 -3.59784 -9.83632 -5.19232 0.318159 -4.73793 4.59417 -4.2395 5.14766 5.22241 -11.0253 1.87992 7.18991 -2.56441 -2.6607 12.6288 -1.35181 -12.1771 -2.47673 
15.2234 -5.72764 -14.3607 13.6245 -8.423 14.7728 -5.67289 2.36812 -15.9062 -12.3711 24.2872 17.7239 -12.5351 8.79301 18.6194 -13.3836 -10.0865 21.5268 -5.41742 -20.0655 19.1915 12.9507 -17.1122 11.8462 24.3576 9.20544 -16.2239 -11.3269 -12.172 8.10998 14.0819 8.15108 -11.4091 -24.1134 -15.7119 24.1349 -13.1501 -19.9453 7.00325 8.54903 -9.79084 17.0478 17.4512 -15.0896 -11.8867 4.94755 16.2098 -9.40818 14.0643 10.3298 -8.25551 0.951503 -8.5586 20.1801 3.98034 0.45318 2.24155 12.5362 0.743571 10.387 2.79382 -7.9385 4.73884 -5.31619 -10.382 -7.40139 -11.3395 9.86763 -3.30538 13.4771 -8.61499 5.1264 1.12866 2.11953 5.39095 -9.93414 -1.09495 2.11843 0.196738 2.1298 9.02022 -0.394153 -9.8017 0.307748 9.84367 12.0605 10.7383 
17.0681 -14.561 -16.0126 17.9286 -12.1045 14.635 -5.82388 8.12207 -12.7241 -8.57555 13.8826 18.3689 -15.6577 11.2956 23.0819 -4.83678 -16.6422 29.7929 -5.97843 -19.6498 27.7193 14.6738 -16.4482 18.4991 17.1767 16.9172 -13.5361 -18.2493 -13.8397 6.64025 22.2545 14.6428 -18.2433 -15.4083 -15.9224 28.7367 -15.2493 -21.6857 3.51369 6.61741 -12.7504 22.9663 9.45154 -24.2388 -11.9425 11.8866 17.7971 -7.22471 14.0055 12.641 -16.3324 20.5875 -6.64257 17.9277 3.60584 -4.04391 6.44797 5.91664 2.69164 16.2275 12.8898 -3.72658 6.97243 -6.97898 -9.3934 
21.493 -15.6853 -19.9979 23.8811 -10.2503 22.8843 -9.02252 10.3586 -28.3002 -19.4059 23.3003 23.169 -23.0953 19.9718 22.3237 -12.3764 -12.1065 29.1555 -9.05283 -17.5505 23.1727 26.9749 -22.2735 20.8154 35.1043 26.3836 -18.2603 -11.0879 -26.4994 22.4704 17.4937 18.8636 -17.193 -20.3205 -30.2369 28.2639 -18.604 -24.6752 0.190929 22.2965 -23.1535 27.1933 19.843 -27.6503 -13.343 22.0883 23.2296 
26.2397 -14.1929 -18.3472 30.4612 -21.6524 29.9799 -12.7832 19.9388 -22.1468 -22.702 33.6217 31.1968 -31.7246 24.7467 37.1259 -23.703 -20.4264 39.3333 -16.5877 -20.9632 26.8995 38.2787 -30.2132 31.8239 32.6874 28.7642 -24.2851 -21.3903 -24.1744 19.233 24.5636 19.9767 
38.7373 -30.8306 -25.9904 43.6653 -30.7947 52.1533 -19.3364 17.8543 -29.3549 -25.9957 36.5824 42.1755 -40.6899 34.1888 41.5256 -32.7642 -26.8731 39.781 -19.9662 -28.3337 32.4627 38.9384 -32.9231 35.8415 41.4841 38.1868 -30.9383 -27.8985 -40.282 34.5984 
45.9065 -35.3835 -31.0953 53.9973 -35.6774 52.2748 -32.5821 22.9056 -34.1686 -36.5805 51.7063 48.1214 -42.706 41.7925 39.9457 -39.3233 -36.4554 52.7358 -31.693 -39.342 35.8093 45.8843 -42.8308 49.876 
