-13.5355 9.90124 9.58432 7.96046 4.89771 1.24589 -7.50363 -3.75487 2.46248 4.78694 -8.29299 5.58397 -10.6841 7.29167 8.09493 -11.2718 -6.33362 -4.40776 6.32629 4.77477 -4.87997 3.7281 11.0585 7.98134 -10.6913 5.29464 -4.81475 6.56597 -11.0301 -5.70531 3.74986 13.5427 3.12641 2.90998 -11.9882 -6.93224 3.4903 8.88607 9.88885 6.75438 1.4491 8.0754 6.14942 11.5175 5.77457 3.79189 -7.70986 11.691 -7.23434 6.86931 -14.8498 -3.17938 11.401 -2.25606 6.97058 -4.90914 0.201868 -4.80673 -1.37368 -1.62144 3.6918 -8.64266 -1.59531 -1.11364 6.60524 -5.13459 -5.08067 -3.55877 1.56876 -6.8709 -6.39822 8.26667 -4.79065 -4.59816 -4.87268 -3.81885 -6.41643 -2.96775 -4.85264 -2.9677 0.839119 -10.2378 -3.09363 0.233952 -7.93747 -8.15317 8.52215 -6.13888 0.0568216 -7.19259 -2.62843 -4.24593 3.13575 -6.76047 -5.47105 5.72388 10.2168 5.51171 -7.2826 -4.83926 -5.72491 5.05667 3.15857 9.05076 -8.60408 1.13205 -5.88446 -4.93292 7.04391 -1.54699 
-16.5435 11.4938 14.8336 7.98924 10.4371 1.8368 -10.8656 -3.12076 3.73449 8.22379 -2.79041 11.8253 -16.5246 8.35792 13.2139 -12.0472 -8.55194 -6.23269 9.02904 5.99926 -10.4542 5.52165 11.6173 12.0097 -15.3908 5.58856 -3.6216 12.6701 -14.4783 -9.86375 3.45297 20.9706 4.7977 4.26953 -16.7468 -12.5659 12.05 15.3715 11.5536 12.2164 -5.36774 11.6243 6.39125 13.8069 14.5729 7.98056 -15.9987 14.2391 -8.72949 5.11839 -12.9584 -7.46013 12.3548 -2.35234 7.15851 -10.1194 1.61674 -4.88109 -0.143402 0.530058 3.03609 -11.0952 -2.92005 -2.00413 6.37278 -7.13458 -6.77024 -4.82645 0.139938 -6.29301 -9.60268 8.0062 -8.12515 -5.4773 -3.9747 -3.74652 -9.32544 -4.83701 -5.14656 -1.37968 0.878908 -12.7018 -2.72189 0.425626 -6.7482 -11.1888 9.02736 
-20.207 6.83816 16.3837 12.5087 16.9688 6.01093 -12.927 -10.5282 9.46648 9.50823 -12.0771 13.9355 -22.8307 9.13032 18.5245 -9.75304 -14.451 -8.63293 14.0272 12.2123 -14.8268 13.9901 18.1602 20.036 -16.5079 9.16729 -11.3728 13.2695 -16.9543 -16.6387 2.06874 18.2858 12.0265 4.25403 -13.8166 -16.2771 17.6684 18.7564 16.4109 17.5693 -9.30924 14.2024 13.2789 17.6856 15.4292 13.9074 -19.772 15.2998 -15.4294 8.97388 -18.6606 -11.2586 19.3485 -5.44739 8.23456 -8.3804 3.30176 -7.3429 -6.13597 5.13325 6.14857 -12.2257 -4.93475 -5.00868 
-34.5741 20.1807 27.3656 18.367 20.0076 10.0378 -21.8178 -13 22.5401 10.4031 -18.9913 17.094 -28.4358 17.529 29.491 -13.5585 -16.3735 -11.0306 20.2807 14.912 -20.9918 12.2607 21.5007 27.3049 -15.2536 19.7742 -18.6736 20.2545 -18.9004 -17.4903 13.2447 26.126 13.4525 11.4981 -18.8082 -16.2758 21.3497 21.7272 20.0956 21.7776 -19.9142 
-42.2301 36.2925 40.9922 20.117 28.317 14.5645 -27.1207 -22.1266 37.8997 21.6724 -21.9515 20.3884 -35.5273 22.7287 30.9245 -20.0188 -22.2348 -18.3264 24.0062 19.5119 -29.7986 15.0702 24.1062 36.6778 -28.9114 22.8323 -30.862 
-51.964 50.0398 44.3404 32.7835 37.357 19.1145 -24.7593 -25.9517 42.2676 34.8437 -29.759 28.0084 -41.2801 32.5841 46.4147 -26.2978 -33.2133 -34.2799 30.3619 26.3807 -42.0757 13.438 33.4905 38.8754 
-66.9211 57.5067 59.5594 40.425 43.5876 32.0023 -42.5381 -39.9294 56.147 47.7179 -39.1055 29.0793 -55.8816 39.4899 42.7048 -30.7184 -42.1055 -33.0302 40.6947 
-80.969 78.9748 81.0039 54.6486 52.9579 39.2189 -55.3149 -47.643 72.8126 53.6299 -51.7433 38.4797 -62.5547 49.4061 64.8191 -46.0962 -56.1431 -39.5792 
-92.5977 87.1904 87.8878 58.6441 70.4966 61.1874 -69.7774 -55.2365 86.1273 71.7181 -63.8043 55.0611 -66.8606 52.7975 
-99.3427 95.8534 102.36 76.0713 99.2563 80.1853 -93.508 -70.2737 103.268 82.6123 -78.0391 64.372 -85.6187 71.2605 90.7456 -76.3485 
-115.871 115.33 127.067 78.0915 117.292 82.0034 -89.5691 -85.7252 122.387 90.6104 -101.976 85.0466 -109.303 82.3539 103.219 
-142.236 135.3 140.309 98.9487 127.923 103.511 -112.599 -101.496 141.544 119.346 -124.744 104.178 -130.511 99.0067 124.889 -100.032 
-176.097 143.038 159.967 110.241 147.788 128.659 -138.034 -121.648 167.108 137.374 -140.037 118.639 -148.701 105.389 138.371 
-200.166 161.671 168.098 138.155 161.297 146.122 -153.789 -140.672 190.493 151.774 -147.532 122.739 -164.93 125.156 150.987 
-197.524 173.883 172.452 145.657 181.939 169.317 -165.194 -135.985 225.482 171.444 -164.909 127.068 -165.164 145.886 
-181.969 183.228 161.898 148.564 198.972 155.222 -159.465 -144.372 235.29 175.816 -183.367 139.301 -151.006 144.616 
-185.412 181.221 153.111 175.09 207.691 155.715 -176.087 -145.085 198.826 199.019 -188.097 134.459 
-170.658 166.104 121.654 162.143 206.667 163.179 -163.333 -142.849 204.765 181.193 -170.053 132.012 -150.323 121.284 160.321 -144.889 
-175.723 172.637 112.279 133.192 186.814 155.243 -109.143 -123.217 185.621 157.248 -130.836 95.7927 -137.245 76.1979 142.56 -107.238 -173.456 -142.27 
-129.455 121.961 86.7791 98.1242 152.679 124.212 -65.0466 -95.2655 175.82 149.095 -139.506 69.6411 -83.0909 72.7572 104.463 -64.8129 -162.252 -127.586 90.3213 22.7713 -111.537 -14.9711 56.4922 75.6983 -23.3666 51.8858 -94.98 
-99.897 89.4638 80.4661 106.334 100.472 87.1653 -35.9098 -84.6873 98.9177 70.2578 -77.6626 54.43 -32.8827 44.2515 60.8702 -26.4755 -86.2423 -105.376 70.318 39.1239 -85.4595 13.3586 45.155 53.1945 -7.56956 35.5059 -85.1262 53.9242 -48.4336 -75.9578 39.6033 60.9432 36.2387 33.91 -73.4256 -81.5331 65.177 57.5202 18.2099 58.1792 -67.6111 47.1995 85.489 82.0926 81.7139 81.576 -61.8059 89.3178 -67.0797 58.6988 -86.9046 -37.3993 100.62 -95.0758 53.2254 -28.248 21.0757 -31.7043 -26.4065 
-46.6724 31.8899 27.0184 44.6912 46.5315 61.6847 -8.68956 -33.5876 71.9953 29.5821 -65.2811 28.1063 -32.8333 23.8255 67.5195 -16.1772 -71.7891 -31.3781 41.568 15.1011 -46.1589 -1.4638 34.8152 50.1037 -12.91 37.4326 -48.7596 15.9692 -47.3331 -24.5235 37.7282 37.1599 43.403 -7.6882 -47.0734 -45.8998 26.0851 53.168 21.6486 10.5473 -29.4453 50.4405 31.9604 59.2635 13.6295 54.5917 -42.7354 34.1855 -67.1141 49.2236 -33.6252 -13.126 30.4305 -33.111 31.8446 -18.0532 5.79519 -23.6931 -2.95711 29.7801 1.54694 -6.59051 -20.8411 -2.11382 34.5489 12.4291 -2.1292 -23.8574 5.90699 -29.0804 -15.5059 9.1913 -21.7924 -40.1235 -8.05008 -3.8379 -30.4328 -3.80701 -33.2734 -33.5455 1.12634 -26.1225 -14.3805 3.04959 -9.08419 -28.9048 3.20756 -19.4835 -29.1188 -11.1582 -17.4895 -18.5031 3.80098 -6.62597 -25.3609 17.1519 16.7061 17.9819 6.38436 -16.8741 -7.21012 31.0294 14.7156 
-38.4559 31.8355 25.2886 10.2918 33.203 28.0787 -17.8149 -24.5699 44.8115 14.7185 -18.4936 17.7524 -50.1009 -5.11263 10.9973 -11.4673 -27.2444 -17.0905 28.2915 10.7636 -27.3582 12.2631 -1.45977 25.9129 -21.9979 22.7259 -18.2803 12.0091 -16.6574 -15.6621 17.139 6.77751 0.441414 -10.2559 -31.9722 -15.3894 12.8505 41.747 34.5246 4.6075 -41.9794 6.46524 10.4288 37.0602 28.7423 18.0614 -22.8536 45.0372 -11.8658 31.5168 -14.3926 -7.40096 19.2591 -21.262 21.1504 -19.7675 15.7159 -3.61235 -3.22076 -7.10783 -7.3557 -6.17593 -16.6655 2.06883 34.5152 5.39922 -8.70607 -8.1113 -2.37559 -10.3767 3.99919 19.8195 -11.5825 -29.3981 -25.2967 -13.8103 -6.34358 -15.6831 -5.77702 -12.6985 2.09148 -5.5448 2.51249 11.0043 -12.8713 -28.6863 24.1189 -5.50003 -8.57282 -15.8649 -23.3406 -10.8343 -2.49946 -12.3209 -16.7147 13.7948 -6.36303 9.65794 -2.98823 -18.1057 -9.64645 6.05408 3.69198 7.6343 -2.5256 2.82755 -7.99846 -4.71665 6.52608 -7.44529 -14.6384 6.664 -25.361 -3.78404 -2.38293 14.3684 -16.8905 2.43207 13.8055 21.2421 -24.3294 -13.4815 23.1278 -12.4461 -5.23706 -11.9041 0.172774 -9.52775 -13.2998 -1.92552 7.34177 -6.1078 13.5871 4.06532 -1.14934 28.4047 2.25249 -9.10483 9.39336 3.33079 -7.0042 8.66499 -11.3485 -0.631667 30.7074 -5.09483 6.11774 4.61206 1.18677 -9.07534 -21.7617 -9.68011 -10.5888 -11.8448 -20.6091 8.76211 -2.30232 20.4181 -21.2088 -23.0495 -5.91972 -7.85513 8.39748 25.6874 4.86465 -13.3536 
-14.3316 15.4672 8.16587 13.3028 -1.21311 5.17877 1.85897 -14.7248 20.8952 12.2499 -8.55828 21.8233 -20.4245 13.9057 13.0156 -7.24144 -28.039 -7.16909 -3.98971 8.34372 -6.06999 6.68277 10.8143 21.638 -7.4899 3.6242 -5.34711 17.7206 -15.235 11.356 -6.65232 22.7639 -0.939739 6.19399 -12.7047 -15.19 9.04236 14.321 6.94364 -2.27817 3.58412 4.48602 -5.87671 19.2882 9.09959 11.3067 -16.9005 15.6483 2.23596 10.5263 -5.0147 -9.04652 9.65757 7.47247 9.82217 7.10243 7.21765 7.53416 4.17517 1.52888 20.1976 -10.7163 -2.7705 -14.1271 15.9284 -1.40641 -8.92938 -9.27986 -2.40286 -0.294296 -9.96025 8.67074 3.67746 -7.67645 -10.065 -9.82208 -13.4386 -2.69677 -13.4102 -4.68634 -8.51295 -16.9834 -14.2775 -11.1758 -11.6937 -6.32157 9.71141 -1.52059 -2.80798 -0.966014 -10.1675 -13.343 -6.11529 -7.48656 -1.83087 4.19779 1.15295 6.52521 -8.17064 -7.3131 -0.606438 -0.116103 -0.680648 1.4379 -0.871952 -2.38667 -1.96594 -9.81997 2.31447 -5.28556 -6.22561 3.99328 4.56436 6.07437 -8.39963 11.1167 -12.2493 11.2728 2.30972 14.6177 -13.4044 -0.797454 14.3773 -4.57253 -5.77312 -15.6367 -11.9489 1.14915 -10.0147 3.7777 11.5458 -1.50683 11.0584 3.67696 1.1453 11.3611 -0.0324656 -14.2661 -2.27881 -5.18662 -15.1598 6.87385 -3.79009 -3.53975 8.36691 -0.0881168 14.8897 -2.40053 4.57132 -4.36718 -7.89517 -13.6858 16.4552 -7.62557 -1.64397 4.1251 -2.8848 -6.84833 -2.19293 -2.37642 -5.26552 -22.109 -7.29988 15.3293 2.23359 -0.630721 11.1119 24.8417 -17.5246 8.52347 12.2403 -7.50192 -3.25822 -2.74423 -1.90443 9.80984 12.2566 1.78656 -1.9266 16.4791 -3.76267 1.69467 0.687549 12.6305 2.82888 12.0866 0.342777 -9.16612 0.732364 -9.4715 -0.282774 13.8521 -3.7489 -4.90858 6.26239 3.30216 -9.65705 -13.0232 -3.5299 2.55376 8.11971 6.47003 19.7609 15.3253 -2.21339 -0.656473 2.59418 2.38468 1.30449 
3.01099 0.612941 9.02447 1.69004 7.7941 9.75941 -13.997 -5.3712 5.46362 5.87017 -9.35616 6.08094 -7.51818 1.15986 7.62619 -4.1636 -10.7331 -6.37809 7.1143 12.2405 -7.6433 -0.473269 1.3376 11.8078 -4.20669 7.53827 -3.8961 -1.70095 -6.35237 -6.17812 -0.15371 6.57926 7.78622 8.34165 -8.72142 -7.95486 15.2365 8.1636 3.49808 -2.75253 2.52694 9.2168 14.2115 11.29 9.27325 13.0751 -12.6436 10.2822 -9.14845 8.17177 -11.4448 -6.86182 3.13383 -1.0512 6.10451 -0.457332 2.55151 -3.09708 1.28262 -8.18682 4.12886 -6.87441 -3.19409 -0.406624 10.1469 -3.97306 -6.74676 -7.48089 2.85562 -9.34225 -3.63043 9.07954 -17.8975 -2.94879 -5.17195 -3.76442 -3.97541 -0.291465 -4.71013 -6.79845 -0.271166 -8.55707 -9.61698 1.37487 -9.28943 -10.1544 5.24704 -6.27245 1.42902 -3.39469 -6.68056 -4.39756 3.95622 -7.06726 -7.50542 6.07175 4.99641 5.86548 -8.57386 1.7875 -0.622147 5.89337 0.0321059 15.6546 -10.5773 1.00426 -2.28996 -5.95865 5.84664 -1.66676 -6.89645 2.63828 5.54408 4.37948 -1.77794 8.68211 -12.2006 6.50216 2.74749 6.46243 -10.9726 -8.45043 13.7072 3.15177 -5.97879 -7.06971 -5.88274 1.38455 -3.05701 -4.788 10.5743 5.10343 5.11869 1.41427 -4.19401 6.04126 -8.0958 -8.99195 -0.918291 -3.09601 -9.88446 1.8479 -6.40237 -6.71062 3.06492 -2.93325 1.69414 4.04511 -3.08027 -0.633562 -1.01114 -2.92615 8.86331 -11.3183 -11.8253 1.82197 -8.11599 6.05156 -11.9792 -11.8589 1.35052 -1.56757 -3.82924 4.38913 1.14044 3.31529 2.63996 -0.539646 -10.0754 12.3529 -1.25606 -7.14809 -3.90197 2.53016 -4.60889 5.46211 2.76462 5.98108 -4.26817 8.32925 -11.0925 0.157736 -5.66125 4.14924 2.74023 10.4141 4.08091 
-15.055 18.5294 10.0185 6.7852 5.66145 2.67662 2.01694 3.72724 5.89034 7.78942 -5.11856 8.94523 -12.0277 -1.61732 6.86399 -10.6714 -3.2019 -7.49227 9.74874 -1.43325 0.635576 0.0541088 6.70197 9.57873 -10.9791 6.11784 -2.12787 4.59576 -4.37488 -9.239 5.56511 8.74355 3.15011 -1.64142 -8.87519 -3.20398 10.2317 7.18752 5.08708 0.903093 -6.25881 7.59057 -0.802385 12.6856 7.27615 3.34061 -10.2069 8.98649 -12.585 3.81183 -17.6545 -1.82876 14.3798 1.25124 8.67599 -3.98547 0.702002 -3.08865 0.307877 -1.64798 5.34217 -9.33914 0.914998 1.42526 3.90954 0.40301 -2.49969 -3.1817 4.63908 -4.17995 -5.26528 4.56785 0.302673 -5.06464 -6.1441 0.0544274 -8.20075 -6.17262 -3.23949 -0.878318 0.326572 -9.66563 -4.36108 -0.470431 -9.10347 -8.86339 6.67923 -3.22425 1.51081 -6.23495 -5.56332 -2.6108 0.300656 -5.08565 -5.34519 4.60234 6.0862 7.63316 -7.05866 0.211476 -3.98115 10.4078 -1.73687 13.2906 -14.4858 0.953841 -7.92297 -1.2807 6.08081 -1.28193 -11.222 6.89708 -2.70358 -0.859407 -1.21517 7.57614 -9.68658 2.73627 4.99158 10.4084 -8.19458 -6.14779 14.4973 -1.33786 -10.0002 -0.619938 -11.7408 -3.71376 -1.55126 -5.11455 4.74794 0.906575 11.1953 4.05561 -1.26303 7.83171 -5.62377 -6.85895 -1.24187 -4.49982 -3.86685 7.23205 -6.23945 -3.52954 6.70649 -1.50635 5.12982 0.151123 -0.774454 -2.84603 -6.3968 -5.06282 3.13808 -7.97717 -1.33874 0.315357 -1.59207 4.38345 -8.68106 -9.19161 -1.18072 -7.63862 
-3.74749 11.8367 9.81734 7.18625 11.232 -1.03385 -11.6061 -5.15247 -0.225949 6.15862 0.579855 9.40758 -11.5801 7.90889 9.91862 -6.12126 -0.574711 -0.708703 5.72872 5.16252 -6.49302 6.41993 11.7533 10.9919 -11.8577 2.30061 -0.630147 3.62532 -13.4698 -3.25036 4.76459 15.2073 5.76066 -2.74571 -6.43332 -2.56059 6.02048 9.12446 8.7465 12.2501 -0.485041 2.37176 7.93879 5.36725 8.79401 0.359481 -12.7098 8.93031 -2.98055 11.9021 -8.47251 -0.808183 8.77523 -5.73397 8.10121 -2.21948 0.37945 0.0259765 -1.82599 4.29871 3.44643 -8.44386 -4.40524 3.81502 8.92672 -4.87866 -2.15385 -1.23123 1.05934 -6.41149 -6.77669 8.04794 0.114076 -5.1273 -4.26585 -2.71772 -9.45265 -3.96703 -1.91993 -1.47966 2.23417 -11.5007 -2.34192 1.08235 -7.63591 -6.36998 5.31563 -5.46638 4.40672 -7.83068 -4.86476 -3.86013 1.50548 -7.20389 -5.4325 6.37228 9.7882 6.09703 -9.71001 -6.46073 -8.11115 3.68447 7.13066 12.4056 -9.54411 4.31601 -0.828122 -4.87666 6.98851 -2.06142 -10.1783 7.20652 -0.967948 5.93785 -4.29436 7.97947 -10.1376 2.82298 8.85422 9.28634 -12.5643 -8.21255 9.95279 0.778725 -9.58043 -4.8096 -7.0421 -0.636563 -2.19534 -7.1572 4.16695 2.70335 9.36758 5.3488 -1.68952 6.0683 -4.80544 -6.2818 3.27812 -1.4376 -5.94008 3.5659 -0.598946 -5.15216 9.84249 -3.19405 5.21829 4.51063 -2.4463 -0.501615 -5.39331 
-12.1416 9.79928 7.76154 5.59187 7.32986 3.03535 -2.77737 -4.06052 6.27657 1.69081 -10.3539 5.58356 -8.46338 5.18931 12.352 -8.52898 -3.92273 -3.10414 8.09153 6.78926 -6.55965 2.33341 12.142 8.67865 -11.2226 3.42669 -0.946128 9.91874 -13.4262 -6.81292 9.96313 18.5935 2.78841 5.2303 -7.99368 -10.3114 6.45887 6.22283 9.75002 12.4151 -7.26527 4.84354 -0.213631 12.5251 6.29014 10.2055 -9.32821 13.9024 -8.17262 0.448899 -8.26691 -0.951175 9.52325 -6.67855 4.07047 -10.84 0.319853 -4.0344 -2.65936 -4.52093 6.47474 -9.44389 -1.44936 1.83553 7.13645 -3.30875 -5.02414 -2.23148 -0.0300487 -3.03076 -8.64583 8.17965 -8.63569 -1.95729 -5.57125 -3.02091 -5.41007 -5.79932 -1.42247 -2.20298 -0.401085 -8.74382 -2.39818 -1.1389 -8.79965 -9.12799 8.87558 -5.43776 -3.8967 -5.27587 -4.29151 -8.70058 4.6297 -6.39514 -7.2463 5.49357 10.9249 4.69617 -7.69255 -2.54956 -4.16448 -0.887774 6.46911 10.6271 -9.18992 5.54597 -5.19453 -5.38664 7.13316 -3.40423 -7.76942 7.70931 -5.3459 3.29076 -1.53047 8.58638 -10.0006 3.49894 6.04011 10.1558 -5.8817 -8.53744 10.3822 2.79837 -9.87419 -2.09544 -8.99406 -7.33573 
-15.5651 17.0649 13.1576 10.5809 8.97498 0.984946 -13.2617 -5.0345 7.96777 2.32988 -7.10135 13.4694 -12.4574 10.9837 13.4548 -8.54215 -12.1038 -8.59216 10.8059 1.09473 -9.35014 2.33426 7.34534 16.0087 -12.0978 9.73992 -5.93796 9.1157 -11.1799 -9.2614 4.03215 8.81444 5.63947 7.5866 -9.10246 -11.2245 10.2742 15.318 12.8099 12.3316 -10.2064 9.81641 6.15522 14.7407 7.68289 8.32328 -13.896 13.0498 -7.01397 1.25224 -15.1893 -8.20001 11.1678 -5.39189 8.88549 -6.11372 4.47841 -5.39392 -5.69009 -2.3564 1.74846 -12.309 -2.2831 -2.68094 11.9837 -6.67068 -7.11144 -2.3948 0.0550291 -6.1705 -10.3183 10.2172 -8.35536 -7.07662 -4.47613 -2.00501 -9.23653 -4.81774 -4.06118 -4.38036 1.89838 -10.9329 -2.1491 -0.711164 -7.08874 -9.69329 8.33933 -5.31125 0.198692 -9.23964 -3.74519 -7.31228 5.25294 -7.34954 -8.1734 5.00836 8.28463 5.12543 
-22.3725 14.8888 19.0828 10.5357 13.8577 -0.268017 -11.9558 -5.9173 13.8625 8.99579 -12.098 11.1546 -18.2742 7.51877 15.8922 -11.0909 -7.14045 -6.89273 8.77159 12.2171 -12.869 5.54668 17.1897 11.7628 -12.9398 6.45344 -9.81469 12.1197 -9.63393 -11.489 6.52406 21.5992 9.25564 -1.97541 -15.3765 -7.81569 13.2138 13.2461 15.4002 19.0327 -14.0184 7.91941 8.66592 17.3955 17.371 13.4634 -16.8447 17.6537 -15.208 1.50563 -14.047 -10.018 20.7989 -14.8537 8.87655 -7.23064 7.15957 -6.18173 -8.9307 4.56158 6.75508 -9.69401 -3.11581 -5.42392 
-25.5964 17.8031 21.4405 14.8686 21.7173 0.839015 -18.2083 -11.3606 9.66602 8.83783 -19.4743 10.2081 -26.3225 11.4036 28.4471 -11.3293 -13.3931 -7.27938 10.8782 12.5132 -17.0952 10.3536 18.5159 24.4399 -19.2119 13.2871 -19.1202 18.3112 -13.9725 -18.6921 11.1443 19.8796 20.3818 10.0836 -13.0646 -17.9676 17.0106 24.3571 20.73 21.8023 -20.3004 19.7112 16.7692 15.158 20.6541 
-35.6666 24.7764 30.675 21.976 27.6303 16.3697 -27.4894 -16.2664 29.9175 17.1735 -24.2414 24.1605 -27.8438 24.7459 28.771 -21.1916 -32.2113 -16.9229 24.4557 22.9542 -26.3017 10.3627 18.6432 31.6349 -24.6649 25.0329 -24.5782 28.1928 -24.5417 -27.6883 20.9138 24.3525 15.973 14.887 -26.4815 -27.2722 25.662 
-49.2513 40.0632 44.7959 26.9683 36.6582 22.1783 -29.6318 -26.3539 37.783 28.8167 -33.6448 28.8874 -43.5711 31.1301 41.9536 -25.5268 -33.7237 -23.6354 24.4041 17.7368 -37.659 18.3893 32.677 40.7512 -38.6833 32.1722 -29.8253 34.0014 -26.1231 -32.8126 
-73.4957 52.5612 48.7481 34.1385 40.1079 27.4057 -43.3123 -33.1229 47.9194 37.5696 -35.6476 32.1781 -45.7072 38.9986 48.2598 -29.482 -36.1597 -31.1466 38.0072 38.0535 -44.7608 17.1119 
-80.3869 66.8245 66.3424 49.7835 49.5626 36.6239 -53.528 -44.2447 62.1869 55.7422 -48.6492 34.5667 -50.2481 45.2941 55.8923 -40.1189 -46.1395 -36.9977 
-77.5721 78.372 82.2538 55.5488 65.2478 46.1828 -64.8318 -62.5871 74.8562 69.3842 -56.6307 53.1886 -70.095 57.8728 71.1337 -51.8664 
-103.38 88.4974 87.9592 61.0334 81.2951 69.9504 -76.7413 -58.7024 94.6976 72.1997 -72.1721 59.9309 -81.4966 65.614 83.686 -60.4599 -77.1605 
-110.989 106.21 106.206 74.7278 109.011 76.3714 -87.6022 -65.7637 111.801 80.8111 -81.804 75.2507 -102.139 73.4924 96.2135 -74.4684 
-117.862 118.059 145.601 93.79 117.066 85.4722 -103.294 -86.7147 123.894 105.773 -100.115 84.1762 -113.378 88.5912 111.619 -98.8155 -118.372 
-145.037 127.074 150.146 107.717 129.693 115.881 -130.215 -103.624 159.654 127.593 -134.708 108.043 -129.056 102.739 
-184.405 152.525 155.914 122.896 148.502 125.271 -137.125 -127.111 172.283 140.763 -136.071 117.154 -150.868 121.449 142.511 
-189.346 169.257 156.728 144.734 180.596 150.76 -162.893 -130.02 192.661 153.524 -140.1 119.585 -159.367 138.785 
-191.91 169.33 168.983 145.602 186.812 160.302 -157.535 -140.363 223.405 168.628 -168.76 131.83 -148.726 137.729 
-176.425 179.298 161.7 146.084 198.977 146.189 -160.935 -141.666 214.24 178.932 -187.579 137.343 -159.409 
-174.442 179.978 141.315 176.205 201.027 154.994 -151.849 -145.586 208.061 
-171.391 163.891 144.901 163.704 203.423 171.832 -134.532 -141.673 206.194 
-172.659 166.419 135.031 126.118 180.364 153.771 -113.409 -121.502 185.131 164.337 -138.677 
-150.432 118.068 112.485 119.657 155.242 142.399 -82.7614 -120.148 176.938 168.625 -143.82 100.628 -117.256 
-109.213 110.465 115.987 128.263 109.006 109.633 -73.7734 -123.619 132.526 118.486 -115.984 110.734 -58.8518 88.6306 94.6345 -68.1096 -126.586 -128.2 117.796 67.0496 -62.0287 26.7218 62.3201 100.586 
-107.302 94.2078 35.0024 92.6759 115.691 111.358 -26.9328 -64.9191 90.4338 93.7237 -86.9343 59.7546 -103.031 56.7435 83.3995 -42.7074 -86.0088 -85.2489 64.4889 67.174 -96.5854 13.2 30.055 82.1395 -55.6073 69.2673 -55.505 64.2393 -59.3359 -95.2917 73.4802 67.0431 
