-4.95671 13.2703 3.77464 3.28089 -4.2885 -5.60422 11.2799 -11.0561 -9.94455 6.97319 10.6517 5.74608 -9.54617 -2.62005 -9.45114 5.48826 12.6418 3.66102 13.6538 4.2271 -8.67288 2.06572 -5.4491 11.4014 -4.09561 -12.5754 -14.8387 -3.1986 13.8639 11.8269 -7.89765 -7.41707 6.81471 10.6141 -3.13829 12.3175 5.05533 5.80731 10.3645 -15.8691 -8.97552 -4.45471 7.82196 6.01732 5.71283 -11.3273 -10.7273 8.27968 10.1083 11.4597 2.38488 4.175 -3.77461 -9.58662 -4.37849 -3.63246 -1.76216 0.056519 8.76549 1.85849 9.7742 -0.974309 3.96052 8.09664 6.73648 -6.42652 4.11945 -5.24125 -3.10605 -1.3314 -9.01301 -0.795741 3.21934 11.5619 5.74047 7.94823 4.43715 -7.24108 1.0582 6.00106 3.92219 5.16826 6.59121 10.7528 -7.79886 0.768547 0.606025 8.11897 0.410172 5.43683 -9.79483 
-11.8875 19.3502 4.89574 6.82096 -7.65486 -10.8295 20.812 -14.1013 -18.527 9.29965 14.4289 13.2072 -17.5557 -5.358 -15.2348 6.28796 18.2115 12.3424 21.5072 3.9409 -17.0547 2.54474 -2.46763 14.5042 -16.356 -16.1737 -19.5637 -7.9524 20.6596 17.3598 -20.0165 -9.86626 9.64803 14.2503 -14.4977 19.5798 7.30537 7.8091 14.1736 -20.0603 -17.2138 -8.35046 9.71173 12.4895 11.8022 -14.5067 -11.7789 14.6629 19.6105 13.9041 9.985 5.24071 -4.71386 -7.76839 -7.87894 -3.7237 -2.48963 4.06738 9.16179 6.66165 10.4561 -4.68919 
-21.6893 27.1619 11.2427 15.1495 -14.2023 -13.5879 28.8237 -17.5036 -28.6565 11.3181 24.0171 14.3058 -24.9683 -9.26977 -19.8323 11.8861 29.1187 17.5513 28.4594 12.6334 -27.5435 13.2648 -11.9798 15.0448 -26.4901 -23.013 -26.5555 -17.8915 19.1605 19.4645 -22.4163 -17.412 23.1694 23.3223 -22.8349 20.7052 18.859 7.85082 22.7406 -26.883 -28.7845 -12.7127 17.2439 22.9498 14.8362 -22.2811 -18.2299 25.4917 28.705 24.8276 10.1004 11.9413 
-28.7552 31.3107 14.7388 18.9408 -18.5415 -21.1603 36.7199 -41.0065 -40.5692 19.0167 41.0672 20.2578 -34.7745 -14.352 -26.1285 23.5001 36.0058 26.44 36.5682 21.84 -35.3199 26.485 -27.3501 20.3688 -33.1406 -23.3867 -34.3444 -24.374 32.7282 29.9109 -30.3839 -23.2211 32.1054 23.4076 -26.5278 29.7748 26.4002 
-48.6891 31.2667 24.0629 27.8274 -22.1709 -41.1891 53.8588 -53.4696 -51.7228 23.6175 45.127 31.2883 -39.3362 -17.403 -30.3921 39.1302 49.1408 36.8145 49.8698 33.5667 -52.7228 36.8317 -41.6547 30.0413 -46.6376 -35.2905 -49.0206 -33.3087 30.7985 
-56.3053 32.0899 27.4611 37.7193 -27.4447 -53.6875 54.3275 -61.9163 -63.8525 39.232 59.3626 48.9409 -50.3864 -34.4345 -37.9899 43.6575 55.3394 49.2744 55.328 32.8696 -63.8242 37.4885 -57.3275 
-62.8224 52.6126 40.0566 47.1799 -46.5829 -54.218 66.4723 -63.8405 -69.9787 52.2375 69.5756 59.7431 -55.5587 -41.0516 -41.9214 46.5681 57.6021 65.5957 59.3286 
-74.0462 64.683 61.4139 63.7221 -58.7367 -71.7712 76.4654 -81.1872 -69.9404 67.505 86.3101 65.8061 -68.8854 -38.0959 -59.5886 
-95.0751 74.553 68.1085 74.528 -57.1518 -82.1808 95.2648 -96.639 -91.7781 75.4931 89.2341 88.5805 
-95.1583 75.1217 91.8124 84.0266 -71.8485 -91.2432 123.015 -102.853 -96.595 80.8322 107.67 113.455 -91.6334 -78.4387 
-118.702 91.4939 100.028 110.24 -81.9324 -120.337 124.799 -124.277 -104.143 84.5151 124.602 120.613 -109.325 -85.8364 
-147.777 121.881 128.085 119.825 -114.31 -133.622 145.692 -146.681 -118.414 112.152 126.013 129.271 -122.996 
-158.181 123.62 148.872 140.618 -108.403 -157.856 160.105 -141.193 -117.305 107.92 143.662 130.387 -149.998 -107.939 
-151.195 136.912 168.142 136.875 -151.96 -146.206 192.353 -151.25 -119.999 112.208 160.483 138.649 -120.062 -123.537 
-141.39 135.963 170.455 120.495 -123.252 -136.644 189.053 -150.991 -92.6918 102.977 177.038 147.191 -130.165 -80.9466 
-141.465 131.83 128.358 120.728 -142.586 -119.258 186.63 -137.559 -94.2714 112.968 182.439 147.032 
-107.442 114.215 110.688 99.2022 -95.6976 -106.352 176.022 -123.166 -77.5733 73.5047 156.756 
-88.764 95.2341 91.4569 135.458 -110.295 -120.038 136.19 -122.834 -72.1853 34.1997 114.526 134.792 -71.3599 -81.6305 -83.8337 97.5617 160.363 97.3858 143.702 83.8367 -114.035 
-77.505 52.0344 65.943 78.9142 -44.1517 -113.161 97.7176 -75.5529 -47.5939 -29.7205 82.1797 83.9454 -33.0509 -42.8427 -68.8792 53.9519 56.1567 60.7599 112.2 63.6434 -57.1997 39.6078 -139.047 43.7373 -76.086 -70.3801 -41.4396 -49.33 35.1546 52.6869 -103.686 -78.9546 86.6457 91.1063 -104.046 25.1695 41.1852 57.6214 30.5494 -82.5942 -94.7274 -64.5892 101.641 
-14.5681 51.882 54.876 56.6475 -33.7574 -75.2996 60.233 -38.5328 -0.7389 3.96838 29.6177 40.4169 17.123 -5.43288 4.15823 8.13916 1.77978 36.8486 69.6013 20.5006 -16.2101 8.77313 -82.8458 53.0326 -14.2365 -42.0375 -7.47223 -22.9997 22.3413 47.4612 -48.8263 -44.852 20.1015 30.4804 -66.3834 17.7768 13.81 28.0598 31.0991 -51.4291 -29.0782 -10.4918 75.0265 3.92622 41.1341 -46.0137 -73.0818 15.9001 38.5153 15.3324 39.4268 -8.98683 -40.7101 -56.1746 -16.5651 -15.9863 -17.4794 28.7944 2.46992 6.95212 36.8345 5.31997 20.3449 13.3201 32.096 -30.9772 3.82751 -16.0729 3.33761 -21.857 -38.1421 -34.2844 2.71623 8.04167 16.9627 20.1862 27.1332 -11.7162 14.9495 -10.0164 -0.563155 21.0876 30.6034 13.626 -0.526497 -0.397918 -3.54587 34.2104 21.4791 14.4387 -1.72268 -5.26192 34.9805 -13.2987 38.969 19.5934 -16.4596 -19.7103 27.695 23.3033 8.78316 17.2781 19.9991 -14.5676 -23.6579 -17.718 -26.8072 -7.35 5.70352 -5.98363 -22.1262 2.52913 -9.61274 -1.08572 -5.37109 -0.497094 -13.4264 12.9211 -21.8669 -6.0306 -23.8368 21.7405 -37.0491 -4.53341 -28.0103 1.47433 20.163 -11.4971 14.5182 -16.3089 -25.0938 11.8436 25.1571 22.4816 20.9882 -16.7904 6.11529 -44.4505 17.8663 2.7281 7.16023 -19.7527 -3.1953 
-8.993 12.6566 26.3228 36.1695 6.53081 -14.3095 20.352 -23.4639 25.3837 -11.7277 16.5697 2.57389 24.0111 -13.8912 1.91293 25.7739 21.344 24.0383 18.5189 8.34062 -19.2358 5.87629 -2.53991 60.0864 -10.5101 6.44402 -11.7734 -2.94591 20.2817 3.30618 -42.0488 -5.40142 -1.91283 22.4309 -18.8885 -22.4731 7.34965 5.11703 15.998 12.4069 -21.2998 -9.32996 17.9615 28.5234 23.7479 -6.88015 -17.4796 -6.74412 13.3199 9.95154 -2.86108 13.3085 3.36885 -22.1642 -4.67985 -12.0884 -12.1128 3.76911 5.60703 5.85795 14.1433 -2.62895 10.2052 17.0311 34.6199 -13.3708 -0.856753 -3.70922 -13.464 -4.5153 -26.6392 -11.0013 4.8122 -0.790896 2.94734 -2.46908 16.4902 -16.9012 20.0399 1.13146 10.6638 -3.13534 15.1048 5.60581 -17.4943 8.7647 -8.94743 3.17718 -1.13458 8.37982 -9.7171 -6.92039 3.51839 -19.1712 20.6005 2.19523 -12.3651 3.57118 2.66673 10.6464 2.68792 -12.3997 -3.0451 -17.1572 -4.15724 -23.6135 -4.66834 6.73149 -3.45459 2.55937 7.00749 -3.40042 -15.1924 11.4117 -3.44186 13.6351 0.934153 8.63055 -18.0546 -22.9675 -4.11394 5.42558 -3.24571 -22.3289 8.91798 7.48135 2.5705 5.11798 7.17136 -0.72536 -9.91886 1.064 2.06079 2.2929 8.21116 -5.31932 9.02993 -13.7749 -1.41062 -4.65982 24.1045 -6.00856 5.575 -2.26246 -0.189706 -13.9889 -0.932275 -0.385736 7.19188 -7.72465 -1.65884 4.54786 -8.47233 -20.2511 5.46988 5.72383 -0.946994 -14.9463 23.0369 3.36749 -12.7066 5.7865 4.54969 -0.612091 -29.8565 2.14098 -14.5179 8.8357 -2.73254 2.16275 14.8532 10.1123 -21.4794 -0.987955 -1.78634 7.26131 -10.9592 -6.84771 -2.82109 20.8514 3.29298 11.1638 5.11294 -18.7388 14.9095 -3.85141 2.86362 -6.27578 -2.30651 6.02913 10.3434 7.68633 14.1986 -13.8003 3.04105 -11.0207 -15.0633 -13.5163 -3.44908 7.22547 -6.65916 12.9023 5.67438 7.7415 -0.0264608 16.9659 1.33684 -6.85092 -1.63967 3.7196 0.888852 -3.01699 -10.4891 9.51457 0.0953897 5.68259 -2.4572 16.5142 -13.4788 -28.7402 -36.3137 4.11679 -11.4048 -8.63031 -19.8679 -37.4532 13.6268 7.72848 -1.02828 23.6269 -0.238064 22.9194 -4.99749 -7.02685 -20.8055 -17.9979 0.0182298 28.7066 -6.04539 -17.1594 -6.92995 7.27175 23.1867 22.2027 10.5211 10.7245 -27.334 -4.15993 -28.3194 -12.4972 -29.6733 1.13632 -13.6709 -16.176 14.2488 3.38383 -0.504514 7.63143 18.6879 21.9674 15.368 -19.4902 -24.0891 30.2166 16.7213 21.914 -7.85002 4.79593 -18.5086 -1.32795 -16.0782 4.65947 10.2041 18.0528 -2.60922 13.0614 -5.13548 -6.01073 -13.4746 10.4641 8.05026 -3.24508 4.55291 17.9303 10.8083 -11.1109 -19.1031 
-5.13787 -3.07049 14.9733 11.5773 -5.7353 -0.933203 6.21865 -4.10661 -15.5614 -3.54818 -1.63806 2.68059 -7.43834 -11.0041 -12.4299 1.36198 0.613082 8.61981 3.8076 -8.82721 -8.81976 12.0072 -7.16028 6.42256 4.63877 -9.08767 -9.06149 0.0133112 -0.135576 4.11311 0.695627 -11.4806 5.81257 8.18863 -7.45974 5.72207 10.6287 -1.9069 14.5645 -16.8643 2.7238 4.72739 -3.08751 5.3761 9.50143 -18.7513 -3.63789 16.1833 9.01799 8.48808 0.656762 1.6524 5.37059 -6.53094 -0.872763 -3.16679 -3.90034 5.40886 4.89647 -17.1999 9.29804 -2.51757 4.35667 6.46431 5.20092 -10.3155 0.915572 -1.98364 -6.66404 0.266539 -9.22626 -2.62396 -3.672 10.099 1.76487 2.84955 6.94344 -6.13407 4.87135 -0.904768 4.27958 6.90932 11.4964 6.51531 -5.7295 7.72767 -0.674303 9.02061 -4.18442 -3.57342 -0.802751 -5.87578 8.26884 -0.244737 -0.106534 2.44065 -4.53967 -2.98991 1.59477 2.223 2.70362 7.76824 -1.75763 -0.0646259 0.71283 -3.03325 -0.443374 0.797651 6.51877 -3.17822 -5.3728 -1.36836 -0.127202 7.24694 0.670674 16.6411 -5.36894 2.98329 -3.53755 -2.05067 -7.55732 -0.213294 3.36091 1.55779 -2.52908 16.1021 2.28615 5.21715 4.9566 -3.96699 -9.16729 9.52936 9.64516 2.31837 3.45906 -7.47893 7.80063 -4.34736 5.1676 -2.97721 1.16453 -2.08903 5.85407 -2.14177 2.70292 4.874 7.09525 6.9002 1.34437 -1.67445 -14.7294 -5.62135 -1.14067 8.69575 -7.95257 4.39963 3.16685 -2.42166 4.61877 -12.4182 -5.38592 2.42437 1.65943 -2.69278 -6.62846 2.15014 -12.1943 -1.50503 -10.0479 5.18474 -5.5357 -1.46623 -5.41118 -5.9457 -5.43204 3.63888 2.67094 5.75839 7.26648 7.83178 7.16459 -0.692651 2.91025 4.27135 9.55388 -10.6747 -8.98904 -11.2034 0.583417 5.34189 2.00777 -0.476364 0.695796 -7.03586 0.770863 -6.6755 -9.58997 -2.2268 7.65579 7.88663 -0.988718 0.75967 5.40722 -1.572 -2.35689 10.2557 -6.45488 -2.18 -3.26418 0.198762 16.2235 0.792282 -7.01528 2.29872 5.66461 6.19467 16.7321 3.56389 2.89727 -6.29856 -1.66664 19.126 12.9222 15.2626 1.02686 -2.03659 2.03036 -14.4811 -5.80265 0.141979 -3.25091 -4.8033 -4.78124 0.642241 -5.20559 -3.01194 25.2943 10.2567 -15.3666 -7.30575 -1.70219 2.22828 15.012 7.18985 -8.2591 -20.0503 -1.51116 -9.97685 -7.79873 -2.01779 -1.0726 19.1937 -8.21157 32.9642 5.47461 5.03044 -5.19698 -1.94839 0.208768 6.1417 -0.56886 -12.1309 -1.68129 13.8048 -1.82705 -0.203024 -1.46052 16.2858 12.1967 -7.71697 8.23681 0.148844 3.33506 -5.77195 2.49273 4.96003 -5.83376 -1.07591 -15.1309 11.8115 9.61779 -6.47782 3.62302 7.18433 7.83015 1.53181 -8.69181 -1.77413 -3.01351 -5.64943 3.78696 
-2.35658 2.44509 9.55313 7.69245 -2.87633 -2.97423 2.84524 -5.91609 -11.5326 4.5866 8.72696 12.9851 -4.9882 -0.815699 -8.99407 10.7562 2.11077 3.25574 12.0927 -4.43693 -8.39885 1.28701 -1.3743 2.81434 -3.24112 -6.93457 -11.0022 -8.13385 11.6228 2.30233 -12.5289 -4.22571 9.86616 4.77598 -7.61094 1.38761 7.86737 8.35472 -3.80515 -9.18718 -9.11483 -2.54444 5.33748 2.65625 0.694172 -7.46681 -5.21344 -2.76416 4.1501 10.2424 0.292387 5.2595 -9.78838 -10.6657 3.54065 1.38535 -1.75412 0.531324 12.4882 5.49477 8.19481 -5.08101 -0.955129 7.31667 6.45343 -5.78501 1.73067 -9.10894 -0.61563 1.51116 -12.726 2.41436 -0.889838 9.46058 8.53756 6.97415 9.1525 -6.77883 -1.75368 4.09765 -1.95248 3.74621 1.01704 11.9247 -11.4428 0.0979963 0.448137 7.02871 -4.65774 2.51709 -7.56685 -4.11604 6.94604 -6.89008 5.26667 1.59192 -4.96233 -9.67856 8.63419 2.78028 2.14061 5.36997 -1.10977 -7.60851 -6.61504 -4.05382 -1.35616 1.55902 7.3822 -1.66336 -4.56652 -4.35129 0.927647 -4.09152 0.511929 5.72368 -7.72875 6.0239 0.446186 -6.4393 -3.28232 4.56707 -3.52339 -2.87983 -3.84852 4.00031 3.56418 0.934647 5.69944 -0.930634 -3.69542 -0.369549 7.28356 10.2478 10.9098 -7.10719 2.22138 -7.00629 1.00917 0.638314 3.44248 1.72539 6.71018 -0.693487 1.46134 -0.651158 6.07173 4.33522 8.17375 -4.72734 -6.07704 -2.19324 -3.72576 5.26976 -6.26997 0.89553 
-7.93435 11.8459 1.86459 0.0653694 -3.37001 -4.68947 10.9398 -16.1904 -8.64576 7.04612 14.3297 5.8186 -0.427781 -5.17255 -3.54398 -0.675765 11.0617 8.44395 15.0519 8.48825 -9.26394 4.16032 -9.59858 10.398 0.843517 -12.3627 -17.9855 -4.3733 11.6396 10.4051 -2.78781 -3.07739 10.2162 9.15231 -1.82125 11.8833 5.54527 6.13407 6.4552 -15.231 -5.7943 -0.130927 8.15783 6.91398 5.02204 -9.81005 -2.18825 10.7038 2.21988 10.6202 7.60597 4.74894 -2.2193 -7.50524 -2.91434 -1.96859 -3.13965 3.82668 7.57695 -0.91659 8.30437 -1.20474 3.18521 8.68696 9.82788 -3.453 3.51013 -6.25546 -3.75782 -1.24257 -3.02904 -1.95704 3.27403 7.53571 4.65386 8.09801 7.8331 -7.8178 -0.118487 6.92287 -0.468098 3.61481 6.19453 7.10101 -6.56868 1.92731 0.766805 2.57055 -0.220378 2.87747 -10.4015 -2.84488 6.11687 -7.84152 4.12201 1.81849 -5.14244 -6.56413 9.4484 10.765 2.8474 4.80307 0.0318867 -8.08369 -11.3038 -4.36965 -3.27335 -0.804974 4.70104 -7.22067 -2.69699 -1.89961 3.92277 -5.55441 -2.55614 10.3617 -2.92783 9.83803 -4.74901 -6.5944 -4.6413 4.17075 -3.53606 2.14462 -5.06038 2.89142 4.77456 
-9.38787 14.6237 0.361681 3.6527 -7.67754 -6.27831 10.2689 -4.64453 -13.9098 4.20088 10.419 10.8969 -12.716 -1.54965 -12.5034 7.83961 10.9051 9.31143 18.4062 1.53358 -7.1947 1.88993 -8.58032 15.1589 -9.52937 -16.0057 -17.9292 -5.27054 9.17616 11.1048 -13.4015 -11.8081 4.78239 7.65424 -2.86801 12.9505 4.99414 5.90441 14.2448 -18.7259 -10.1218 -8.11657 4.94203 7.59264 12.5268 -9.40435 -10.4839 12.1245 10.843 15.398 9.19396 0.758594 -10.8889 -13.5596 -4.62133 -4.34121 -3.21498 1.93126 10.1944 4.44978 7.4031 -3.58767 3.93593 6.57685 4.91626 -8.68274 3.09509 -7.66353 -4.33256 -1.04847 -9.54719 -3.38882 0.478723 16.2158 7.66005 6.73186 7.52846 -4.36421 4.05889 4.64236 6.98582 4.73416 6.59742 11.0109 -5.91085 1.91981 2.54919 10.2398 3.30108 3.00688 -10.1108 -7.0374 8.26427 
-15.5266 20.7497 -1.622 13.6432 -4.3265 -8.19446 14.5255 -17.4338 -18.6834 6.0841 20.5448 14.2291 -16.4479 -10.3786 -13.8476 8.17213 20.2053 6.85383 22.5394 8.44383 -18.9156 0.637637 -6.99509 14.0442 -20.3631 -15.3561 -26.8742 -8.24756 10.5956 21.4838 -13.5865 -13.1091 13.9233 18.9186 -13.4811 15.4824 13.1761 3.94938 17.0643 -21.161 -17.6303 -6.41803 7.67054 18.8471 8.32184 -13.4938 -10.6122 20.2041 18.7262 16.8064 6.23437 8.32001 -3.49753 -18.8603 -11.3841 -4.73051 -3.80558 2.9683 16.3578 4.54532 11.6801 
-22.0354 22.671 13.2998 13.0816 -18.1679 -16.3163 22.7626 -29.1215 -31.6235 11.3391 25.4644 15.032 -26.8579 -10.4739 -21.193 14.6342 25.1023 14.9697 22.6488 13.6094 -31.7941 17.0993 -13.6704 14.7644 -24.0066 -21.4573 -26.2329 -22.4355 21.9214 22.0807 -26.5417 -18.7724 19.7442 22.7436 -18.1091 24.2404 13.6468 9.30735 26.9864 -27.2894 -31.6487 -9.53374 17.2522 28.5869 23.7445 -20.9794 
-32.3216 31.6538 28.2046 24.8005 -15.4163 -22.9632 29.4767 -37.9477 -40.064 15.5941 26.6492 20.612 -30.1474 -8.32677 -24.1696 18.9889 33.6839 25.8841 32.1939 27.3827 -44.6939 22.4954 -19.876 25.6092 -30.9394 -26.5485 -36.5578 -20.0776 20.6645 26.401 -33.3592 -28.3745 28.512 
-43.9817 32.93 21.5187 21.8619 -19.7315 -34.084 43.5567 -54.6385 -50.1583 30.051 41.1629 33.3122 -38.0624 -24.1359 -33.9153 45.0228 44.7669 36.5725 46.7803 27.2294 -47.4441 31.1479 -31.1159 23.3889 
-54.1509 41.7602 28.7891 33.169 -30.1886 -55.1655 51.8623 -58.1022 -65.017 37.4411 49.9169 49.3928 -50.2167 -28.2287 -33.0588 37.2986 45.3198 
-56.4463 52.3411 37.7418 46.2163 -33.4234 -61.4884 59.5847 -66.805 -69.1696 45.2425 69.2818 51.5723 -61.1172 -32.4774 -45.1821 
-75.3848 64.5438 62.6059 68.2069 -45.9904 -65.9043 82.4684 -64.4387 -79.3629 56.8011 78.4287 67.7898 
-84.7522 66.0016 73.8773 78.0801 -63.2078 -77.6528 99.8406 -93.4026 -85.7891 72.8324 93.6766 86.5035 -81.7442 -42.8439 
-101.507 78.0304 88.3992 84.2291 -74.6111 -100.561 108.03 -105.178 -89.1615 79.1793 114.138 114.559 -86.0015 
-122.157 106.13 90.0279 102.318 -86.7966 -121.299 119.906 -130.987 -98.2546 96.9098 116.451 116.255 -99.6913 
-135.189 102.585 117.211 127.614 -108.198 -128.985 149.197 -136.249 -115.902 112.821 114.015 135.034 -120.194 
-134.852 120.015 148.283 137.53 -121.049 -147.839 154.63 -145.641 -121.406 103.394 130.783 146.995 -124.82 -104.889 
-135.62 123.672 159.777 113.869 -119.362 -143.917 174.013 -153.411 -103.964 113.205 170.891 155.076 -120.049 -95.2692 
-134.25 118.993 147.881 128.28 -129.441 -122.634 187.539 -140.779 -108.414 104.879 165.612 142.684 
-124.625 116.722 126.344 124.893 -130.222 -119.687 167.749 -129.996 -89.414 96.382 150.55 
-99.3614 115.819 116.777 120.717 -108.711 -113.254 156.731 
-91.5908 94.5263 93.2569 106.034 -81.7358 -121.992 122.967 -119.124 
-58.5962 62.3769 65.8497 82.8188 -58.4635 -117.156 96.0484 -57.0355 -20.1224 1.36816 60.8192 83.6462 -45.3911 -27.7868 -29.5134 43.9966 58.3472 63.8781 108.256 67.922 -52.3907 44.3601 -112.055 65.0655 -64.5691 -65.7961 
-32.4775 44.6256 52.709 36.6358 -44.1422 -54.6066 46.956 -48.3305 14.4258 -3.3572 71.6114 47.5231 3.15516 1.15349 -26.1979 13.0093 33.8854 55.2305 62.0054 23.1329 -35.6784 2.51213 -70.7165 72.9378 -10.6851 -43.1916 -27.9655 -11.1625 48.1361 22.1217 -57.2412 -0.275868 26.1793 49.3328 -59.145 14.9619 12.2424 27.9503 33.0951 -50.0311 -17.8757 -25.8704 51.374 3.40012 61.5511 -58.2909 -30.3615 23.73 44.6118 34.669 43.9012 1.20562 -25.6365 -41.2122 -28.9509 -30.7545 -22.3711 15.5581 -2.94494 14.1441 28.9612 12.7818 22.3956 14.3577 29.0161 -25.826 0.560719 -13.6528 -0.17691 -32.0691 -44.1405 -21.476 -13.4315 7.05122 19.2093 25.0096 35.4687 -15.0025 4.05821 -6.90878 -3.1101 -1.68921 46.4077 13.1033 -7.16191 -4.71355 3.77327 35.29 28.5079 23.2376 -2.02061 -12.3927 27.5724 -21.1132 31.7556 23.4977 -17.3298 -12.1318 21.0962 27.8297 -5.06324 -5.3854 18.3363 -24.485 -20.4944 -11.7615 -37.3647 -5.09059 7.91858 2.30441 -3.70348 -10.3609 -4.53797 -19.3398 -6.8833 14.7159 
-4.06767 27.3145 29.0917 7.70755 -3.32544 -23.0823 11.1189 -35.1834 6.89933 -10.4291 1.8408 25.6043 15.147 12.8002 -10.3228 17.6081 18.5873 -14.2418 37.6137 14.1309 -39.8827 -4.47203 -18.8875 51.83 -8.91549 -12.7169 -3.67764 -27.2738 16.5133 26.2209 -24.0963 -7.96702 11.784 16.6968 -12.5638 6.55539 -10.7211 26.1262 15.9285 -31.9706 -37.9705 4.25167 21.4304 10.4209 10.0859 -12.6726 -0.928158 -14.8503 29.1467 24.2841 14.7901 -6.14436 -11.7177 -45.3043 -3.0995 -7.08402 -10.7241 10.7294 17.5353 15.5426 17.0999 -0.758458 -6.00136 5.96102 16.9452 -16.37 8.70668 1.77055 8.61619 -10.0477 -18.9142 -11.586 -16.4572 9.30925 15.8976 5.32591 12.6529 -4.01402 -2.45612 -3.35318 -2.28398 0.0960375 15.9151 24.2282 -8.25783 0.254074 5.04911 12.2981 12.7815 8.55824 -9.89318 -18.7876 17.8921 -11.3033 34.0873 13.3893 -0.199135 -9.47442 21.6119 16.8692 1.66986 1.50405 -9.79366 -7.90848 -18.3101 -16.7603 -6.49485 8.88493 -0.512538 -6.45944 4.96377 -3.1333 0.0681552 3.23347 10.6577 9.71474 -15.3713 18.025 -14.8041 -25.1506 -8.9724 17.7585 -9.94075 0.717035 -6.32138 3.92731 0.823306 10.8733 13.3913 -5.01687 -18.394 -10.0863 11.0714 15.6749 9.25874 -26.5586 8.35861 -10.5042 10.9561 -0.29396 13.1224 -7.14993 7.99746 -2.22513 0.45649 -2.78622 6.34931 6.87021 2.81981 -14.2806 -22.2131 7.36643 -9.32108 -6.97617 -2.75062 8.26322 3.9276 -7.83987 29.6463 -10.7436 5.04529 9.48927 -10.9462 -2.44499 -11.0495 12.5456 -23.1731 -8.1977 1.32532 7.6935 17.5089 -12.5837 -12.3982 -14.4326 -10.2135 -3.80484 4.13284 4.59775 -2.52238 28.1684 6.3179 -0.987588 -3.09323 -2.02803 14.8241 -2.63301 -5.95125 -2.73212 0.22667 10.8636 13.063 0.519894 12.0348 -12.4607 7.13789 -3.49815 -24.2456 -10.0097 4.89613 2.92744 -10.3158 6.02396 10.0188 14.1267 -0.843937 19.7851 -2.52692 -7.47774 6.42882 8.35272 3.72952 10.1126 -1.95337 16.7723 2.53245 13.5162 31.8359 28.6733 -16.816 -15.2407 -13.681 -4.79434 -4.08781 -7.51011 -16.1824 -23.8067 16.2844 12.2332 6.25019 -1.4131 1.59108 15.5222 17.4318 29.2512 7.4198 -22.802 20.9331 39.9317 -11.6695 -36.3315 -10.6737 -10.8444 -0.743027 29.9438 9.38002 -21.9946 -23.8483 -24.5935 -16.9622 -17.7654 -18.3062 -13.102 -5.41005 12.3909 33.3664 -0.305127 2.8759 16.7997 10.5961 25.1386 
-11.0414 6.25567 7.73491 -6.59094 -5.34056 -10.8757 -1.11308 -19.1065 -3.73872 3.73158 21.1298 23.5734 -0.0394948 4.40077 3.65947 6.16858 -2.0427 1.52046 15.1753 -2.40716 -5.34024 1.9204 0.551117 12.1095 -6.82757 -6.49873 -2.09094 -16.5709 0.908962 -4.64992 -7.12904 3.31004 -0.644973 0.408122 -8.98681 9.19356 -4.48715 9.94467 15.7589 -7.89279 2.43172 4.37828 -5.35769 13.8976 6.93728 -9.94294 -11.1721 15.9436 12.7681 18.2855 18.9021 7.08488 -2.66541 11.0426 -0.266768 -2.18306 -6.39061 0.69316 10.6172 1.49312 3.31647 -1.92056 8.9142 10.3255 10.5878 -5.58344 0.87666 -1.02502 6.13387 1.83345 -9.36639 1.67809 -8.46042 -0.182147 8.75327 4.79521 9.4476 2.68972 0.253918 5.41727 -1.98968 8.44089 2.31881 13.8472 -3.1365 1.15508 -0.357863 10.8713 -0.0460225 -1.29061 -10.0591 -11.1807 5.02216 -0.441662 -6.69983 2.50013 6.38136 6.62161 -0.0267716 4.13374 7.72975 6.35289 -7.93742 -12.0154 -2.59742 -3.63937 -6.26152 -6.51007 1.70022 -7.58226 -6.87645 -12.1825 -0.893857 1.3099 -3.80473 17.5724 2.79366 10.4251 4.91651 -0.209699 -5.14471 8.46537 -3.47042 7.05201 -12.2695 15.7624 7.48908 9.10297 11.3414 -1.52535 -6.84268 -0.815339 8.1914 -2.91643 2.78808 -15.2695 8.7472 -7.00725 -3.79297 5.88377 1.90442 2.90678 7.14886 1.4698 -0.209652 0.387835 6.38006 10.4159 4.94925 -3.48352 -12.0082 -14.6689 -4.29382 2.46219 -2.56851 0.120935 -1.42456 -18.8034 5.44416 -11.5214 -9.24879 -0.733567 0.750547 -2.51673 -10.2095 7.58999 -7.99939 2.21066 -11.6322 0.717825 14.6102 -1.72618 -4.07749 -5.64906 -5.25278 4.99492 1.81766 8.11044 3.08076 -0.0523615 2.98679 5.9619 3.67419 -7.60144 -0.0508594 -4.36752 -13.7294 -6.93105 -1.95088 4.06858 -3.14554 -5.02404 9.24689 -12.0198 4.98224 -4.09212 -1.15806 -1.6454 4.87723 13.7667 -7.22611 7.8405 2.32108 0.426882 -5.29261 1.2323 -7.51076 -5.44076 -4.80107 2.40833 3.59503 -5.11294 -7.11673 8.31746 5.5979 -0.0941871 10.3793 -4.36866 -4.90846 -22.9326 4.02204 23.8039 4.0504 18.1486 -20.3135 -13.9474 5.21791 4.00453 -5.70817 14.5989 -3.42807 -5.57843 1.14126 5.21038 -3.94859 2.96036 26.8059 6.22178 -2.16073 -12.7883 4.06687 -9.61446 1.13837 7.0989 -18.1901 -19.6183 -18.3996 -6.13184 3.78476 -0.378585 2.27166 8.54493 -4.20437 2.4237 1.34448 4.78492 0.728883 14.987 5.09785 2.93842 13.569 -4.94904 -12.8813 16.7902 5.2054 -2.10739 -14.0485 -5.3454 9.74311 -5.46626 -6.37407 9.87413 12.5311 2.3749 2.26298 10.6071 -5.92099 -1.71351 -11.0529 12.1958 3.36496 2.27929 0.944618 6.51731 9.81829 -11.4144 -15.6904 -6.59085 -7.97067 -4.33687 9.77089 -4.68768 1.17551 -1.37426 
0.526093 9.27656 2.18386 4.04196 -3.23659 1.9057 10.7302 -11.4601 -5.7517 3.70566 7.08391 -3.66585 -3.87369 1.52654 -14.9661 5.07709 4.09866 3.79502 3.66851 -1.30705 2.64937 0.745284 -1.63136 4.0835 1.99706 -10.5883 -14.7883 -12.9617 14.9619 9.23792 -3.74682 -3.8505 8.54892 4.74237 2.96619 12.9756 4.11804 4.081 4.47428 -6.09791 -3.91625 -0.910358 1.33059 -1.86235 -1.34715 -8.39447 -1.56676 -7.00543 6.91465 13.0108 -2.17575 2.99934 2.18235 -6.92128 -6.1602 -4.77647 -6.63213 -2.25512 11.4325 5.32833 11.8725 -1.30957 -4.56696 10.3097 5.43007 -5.35225 0.120444 -4.06852 -3.20206 -1.13761 -3.59021 0.81273 3.41816 5.54644 2.4407 6.12561 8.87708 -4.45811 -3.32649 5.69455 0.976523 3.58091 0.848833 9.37019 -9.46622 0.0103834 -0.467207 7.54888 3.86834 4.05404 -8.1403 -4.74913 3.54164 -5.59597 3.46382 -0.673597 -4.3973 -3.72179 9.21478 2.19418 6.03667 1.8794 1.20323 -7.25769 3.00926 -2.30576 -2.7597 -3.56735 3.99423 -3.62708 -3.56456 -1.69514 3.64007 -5.8381 -1.76864 10.8034 -2.84339 4.8971 -3.1761 -2.49391 -1.48942 8.30487 -2.88009 -2.07019 -1.47771 9.15073 3.2551 -10.5177 2.42102 1.21311 -5.29802 -5.17776 10.1523 4.40053 6.52373 -8.53134 0.710528 -4.435 -1.27823 0.108186 3.75087 1.52354 6.74738 -3.39215 5.98003 2.75701 5.55583 6.97493 -0.960783 -2.62333 -5.42793 -0.152076 -0.821919 1.42785 -0.401916 -1.60493 1.66346 -5.23287 9.73229 -11.2234 -7.72464 3.89769 -0.795633 -2.08703 -7.06289 4.01775 -0.964765 3.73083 -5.93547 2.73979 2.96048 -0.403137 -7.61701 0.179339 0.214706 4.77523 3.04171 -0.282395 -1.96757 3.60915 2.22872 5.42052 0.165939 -0.426219 3.8695 -3.21914 -4.1613 -3.65402 -3.83474 5.052 -4.72945 2.32733 3.49203 -4.8821 3.52772 -1.00712 1.25288 -2.02963 2.91282 8.70255 -5.83373 4.3629 5.56936 -3.95399 -8.30738 2.32025 -7.99258 -1.20755 -2.66474 4.51549 0.392565 -3.95527 -7.59502 7.36797 
-4.05112 7.60609 5.16051 -0.504477 0.150228 -1.76689 9.70251 -5.41353 -9.62768 3.16343 8.25108 2.88575 -4.67245 0.576303 -6.20158 5.35978 5.96824 4.76346 14.09 -1.74615 -4.68166 2.52119 -7.19099 5.52938 1.58943 -8.18168 -11.1017 -6.62336 9.68913 5.13661 -0.145877 -7.1657 4.45712 10.0118 1.04066 11.2341 1.1262 8.35378 4.28288 -11.0925 -7.41471 -0.550061 4.11063 7.23944 1.5184 -9.74786 -11.6443 2.0625 9.71991 10.024 6.8531 5.23572 1.21747 -11.0803 -3.27272 -2.38656 -3.86728 -1.97342 10.9755 4.5376 9.89793 -2.91759 6.90145 6.58031 7.76153 -5.45694 0.890582 -1.03165 -2.10659 0.277637 -8.47595 -0.752253 2.64219 12.984 3.82556 5.04699 3.93406 -6.52877 0.501283 6.36831 3.02696 7.48227 2.74121 11.9437 -7.92821 -0.822183 1.11212 7.58545 1.8223 0.373121 -10.95 -3.94623 3.29914 1.11024 4.27835 2.70295 -7.10265 -3.78558 11.808 6.276 2.50114 4.01403 -3.45606 -5.60157 -5.95122 -4.91394 -0.357524 -0.591048 7.80909 -6.64759 -7.19047 -2.41859 3.10224 -9.06188 4.03962 9.61212 -0.836893 10.3122 -3.24431 -8.87368 -3.62203 3.7216 -4.71858 2.03835 -4.45092 5.80346 3.86019 -2.62523 10.4673 -2.93996 -2.21277 -0.0858575 11.4173 2.31379 9.1656 -8.20776 4.8313 -5.91356 -1.2545 1.3237 3.36883 1.69017 7.8495 -5.9677 1.9532 2.04871 7.80625 4.30514 5.77961 -2.78573 -6.8247 -1.663 -2.29058 2.4673 
-5.82458 14.5391 -0.734323 3.29938 -5.47211 -2.54602 10.7759 -12.6198 -15.7009 6.50358 9.20693 6.40665 -8.43459 -6.7576 -9.74734 9.37653 12.5432 7.81845 9.40105 9.08681 -12.4054 3.81254 -1.0968 9.04565 -2.85891 -15.588 -12.5542 -9.84719 17.1325 14.5932 -17.6741 -12.0877 0.43306 12.3671 -0.564475 13.3608 2.96327 0.810123 15.6895 -18.0951 -7.23321 -4.46399 3.70168 3.14261 4.46018 -10.8407 -8.97496 6.05627 7.35912 7.81357 7.75463 6.67291 -2.00594 -13.1823 -4.13131 -3.33551 -1.15412 1.14972 6.30496 4.27979 9.86805 -1.99981 4.14809 9.5137 5.72244 -9.29783 2.70892 -4.8571 -3.43389 1.55674 -5.68844 -1.22296 3.42643 8.54852 2.64591 6.88147 4.43527 -9.0907 0.609084 6.9188 5.625 4.3942 0.844492 10.0969 -8.13302 -0.118009 1.05501 8.35596 3.55141 3.57987 -9.5083 -3.3251 9.03516 -4.81776 4.08939 4.44476 -6.811 -8.40362 14.7589 9.85268 4.37049 5.94237 -0.14595 -12.7559 -6.90473 -1.32306 -3.45904 0.201998 8.01098 -6.62938 
-17.2253 20.1482 4.91178 7.8587 -9.18975 -6.54602 15.3294 -13.0271 -14.9186 10.1598 15.3841 12.6642 -14.9081 -1.20763 -16.9714 11.3091 18.0752 5.89793 19.6932 5.71322 -14.4792 2.32735 -0.576228 10.5088 -16.1885 -13.3061 -13.0515 -15.157 12.2174 9.90483 -9.22024 -7.28289 12.904 13.6668 -7.9288 19.3225 10.3171 4.13213 14.569 -18.4821 -20.7466 -8.91235 10.1536 7.64196 7.96997 -15.9267 -8.87195 10.0745 9.77748 18.1367 5.17716 7.10007 -5.99872 -12.8912 -4.31928 -4.61402 -5.25375 0.243605 14.6986 8.34538 11.1235 -4.01174 7.28695 7.90329 8.83703 -12.1978 1.29425 -7.48058 -4.46202 -7.16074 -13.46 -4.43325 4.21203 12.665 6.1094 10.254 8.98335 -8.43226 1.36053 7.52881 9.31381 3.20445 9.69233 9.01799 
