-6.19334 -4.47156 0.513719 1.99399 6.06097 -7.61707 10.5858 9.9185 5.55381 9.69056 -8.03977 -5.46967 -9.08997 4.81944 4.43906 9.05123 4.78693 -9.4178 -3.54886 -5.3367 -4.67451 2.64714 -14.7426 -3.49404 3.52132 -9.144 -10.5274 1.91153 -11.0303 12.7645 3.15877 4.28074 -3.47724 1.2804 -7.34971 6.03768 7.41482 -3.88072 9.60506 -5.53599 16.8752 -11.8611 8.51638 -2.29221 20.2981 -10.4812 -0.960618 10.3847 -5.08669 7.32319 -9.17054 -10.7747 12.3736 6.83001 6.17431 5.59509 0.691113 3.23205 -9.01441 9.47891 -8.92003 6.79279 -2.80487 -9.37506 -3.66354 -1.85352 4.837 3.99521 -1.01162 5.89469 -1.60003 -0.368881 5.31917 -1.09846 -5.39147 -6.74612 8.21981 0.581267 7.8183 5.16636 9.27893 -3.04663 -2.2604 -8.06971 -2.98507 1.04672 4.0287 11.8645 1.05001 -6.67432 -3.96614 -6.11875 -5.34461 -7.7863 4.01436 3.18181 -5.01466 -8.50171 -1.64698 -7.00243 -5.17971 8.28296 -2.52353 -2.94793 
-7.90749 -13.3189 3.58098 7.96874 13.4153 -9.78243 15.2832 20.4037 5.51745 15.021 -8.94832 -5.20881 -15.2531 11.5911 10.2909 15.2505 5.66605 -16.0937 -5.22222 -14.5305 -6.28795 13.3375 -16.5766 -6.41387 2.63787 -7.5199 -20.7113 7.6061 -18.515 17.3647 3.52255 13.779 -9.58736 8.94788 -18.014 6.7164 11.7859 -10.588 14.8171 -7.77133 21.1053 -15.3699 13.0331 -2.79437 19.6576 -15.7219 -6.04053 12.9685 -8.65586 10.8057 -10.2133 -18.1814 15.192 19.2989 8.27651 2.90511 1.57315 4.38836 -9.42507 14.2629 -10.6342 7.44424 -6.45899 -11.8905 -5.34108 -0.841374 
-9.86705 -21.3136 8.68749 12.7982 16.888 -8.92389 21.3743 23.1209 11.6593 20.4091 -26.3237 -14.4168 -23.5234 13.8745 15.0154 24.2675 11.5778 -26.5728 -7.46462 -15.6539 -11.2454 20.1019 -21.4334 -19.1929 10.3088 -13.0413 -26.1333 13.3531 -31.4634 29.26 9.01719 22.4802 -23.0079 15.6716 -28.1816 16.9264 12.02 -10.181 17.3422 -17.3165 24.3803 -25.8749 25.2628 -12.543 21.3368 -22.6584 -13.6611 18.1308 -8.2843 15.7908 -11.9408 -24.7208 
-19.3254 -28.6651 13.3396 21.3949 24.4706 -15.6869 31.5597 19.236 16.7324 24.6974 -35.774 -20.5936 -23.1991 23.0702 28.0983 28.5686 17.5795 -36.8579 -15.5547 -18.5731 -16.385 24.2556 -28.656 -26.0662 20.6244 -24.2949 -33.1197 21.8418 -34.4893 46.1556 23.2323 
-24.3127 -39.2563 19.0798 33.311 23.756 -22.0552 37.8392 31.2558 22.0605 31.3582 -42.415 -23.5926 -27.1659 30.2588 37.5328 38.5428 23.1276 -35.1254 -20.5994 -31.7788 -31.0919 31.516 -40.5203 
-35.5305 -35.5888 27.1583 35.8664 36.8782 -34.0411 43.8991 42.0678 31.388 47.1113 -51.0137 
-48.4031 -48.1255 37.0793 51.4385 41.1936 -45.4225 47.863 49.1156 43.7881 
-53.9745 -58.3478 61.2872 68.4858 47.8032 -51.2421 62.0963 61.8629 79.8459 78.8102 -64.2019 -41.9886 
-73.0099 -79.8843 69.6479 80.3504 65.5133 -66.5167 74.1216 76.8524 84.6966 81.9141 -76.3851 -54.6224 
-91.6573 -96.9075 81.3104 92.0635 69.6148 -81.3205 95.161 93.9005 100.811 104.296 -92.2885 -79.6884 -76.4988 85.7044 
-99.6887 -120.052 105.902 98.8885 87.1967 -90.6255 106.738 109.465 119.687 121.724 -102.577 -93.98 
-120.539 -135.499 123.174 108.396 105.806 -115.985 113.313 135.029 142.679 120.298 -131.493 -116.763 -89.2425 
-125.339 -139.807 133.797 105.135 116.148 -127.01 131.039 137.98 140.974 146.32 -138.185 -135.429 -110.777 127.828 137.293 
-129.285 -156.374 148.677 107.186 133.108 -149.828 138.731 140.097 158.312 160.546 -150.783 -141.719 -114.545 160.566 153.317 140.868 
-120.326 -177.465 161.215 124.298 156.092 -169.2 159.887 173.765 162.171 175.427 -163.596 -170.347 -126.693 163.409 143.205 
-135.14 -165.467 173.286 102.786 163.822 -173.273 168.965 184.116 167.086 184.634 -183.748 -185.113 -113.776 168.939 154.581 152.551 
-127.784 -200.756 164.534 99.7183 153.641 -172.549 173.62 197.654 158.301 194.745 -179.611 -163.313 -136.222 
-95.9533 -202.34 137.232 102.913 144.438 -160.654 181.885 223.099 
-95.6358 -150.275 137.336 63.8163 130.302 -145.696 149.978 199.155 
-108.878 -118.967 125.587 88.1808 102.812 -131.604 
-61.4183 -78.4073 99.7983 76.2455 76.3672 -63.6698 113.363 123.867 39.1628 131.925 -166.868 -109.778 -93.5578 93.3243 
-88.8518 -114.338 100.511 41.1259 48.3908 -63.1469 70.303 85.4024 114.873 80.9184 -84.3807 -79.3747 -28.324 97.2364 90.6422 53.154 47.9563 -69.3246 -88.5287 -98.5396 -55.6392 101.331 -74.446 -88.1075 106.303 -99.6414 -65.3275 122.36 -91.1659 76.7012 36.1777 73.386 -113.296 100.508 
-30.7668 -91.731 61.6036 18.0135 65.5389 -81.1927 70.149 54.0503 47.8476 54.5551 -87.0847 -58.4009 -25.5817 79.4391 95.8865 26.984 8.87832 -85.4542 -30.8008 -72.5902 -66.1837 46.3848 -67.2747 -77.6611 76.0278 -69.9153 -87.1282 85.6334 -56.6353 69.1 47.2664 88.09 -99.1513 77.1006 -71.6825 78.9345 64.1922 -83.991 85.1159 -46.1035 20.7621 -93.2915 69.3141 -51.9854 68.7145 -44.5136 -67.4806 45.1927 -41.0311 68.5482 -53.8681 -64.7577 81.7692 70.6348 30.8974 28.8603 40.9808 9.5174 
-31.1696 -57.705 25.0383 31.2559 24.2339 -40.9197 16.8775 13.0918 30.5915 46.5973 -41.3728 -44.2838 -40.2917 60.8328 44.1318 50.0761 50.7417 -90.5862 -43.0141 -42.1062 -41.9526 42.4454 -65.7976 -37.9849 30.128 -56.6031 -56.8074 40.0851 -50.5195 22.1829 45.9331 68.2056 -47.067 36.4541 -24.6555 66.798 68.5939 -59.5246 48.0597 -46.5702 75.58 -41.8288 32.5692 -12.2037 32.4104 -35.1793 -12.8413 35.9558 -58.0457 53.9568 -51.5964 -55.3361 46.497 63.3586 29.1515 22.6549 28.1471 22.6766 -16.6866 10.545 -34.5181 19.4911 0.13799 -19.7624 -22.907 -20.2031 14.9545 18.7823 -19.1952 24.4544 -18.0428 -15.9902 -9.36879 -6.79082 -7.36946 -0.129046 35.3578 
-27.3141 -37.0935 15.7178 11.6348 18.5191 -54.5708 31.6702 23.4062 14.3792 16.8704 -5.87961 -9.0574 -19.4662 22.8287 8.15658 5.10508 7.39996 -25.0281 -29.3858 -57.7843 -5.54864 23.116 -35.3133 -20.2093 54.8522 -32.5115 -1.85314 24.7664 -56.6258 49.0933 15.7726 16.0222 -5.79043 10.1034 -13.318 7.19243 54.684 -33.2829 6.84637 -24.9856 16.65 -21.0945 26.0115 -17.9267 9.08256 -45.2679 -25.7723 20.5256 0.79566 23.4651 -5.12783 -21.3412 31.8905 29.5545 16.567 -4.17626 11.0031 9.40379 -19.6294 22.4212 -15.3256 6.21938 -15.7743 -30.6682 -21.5941 -14.2558 23.53 23.2667 7.53855 9.28185 -23.1493 -9.3761 9.30787 -9.12357 -5.73981 -17.8696 -0.975686 24.2396 30.6901 3.92268 -1.1829 -22.2775 -15.8356 -23.0516 9.13332 5.68736 3.01499 17.5583 7.40373 -17.5206 11.5031 -20.5854 -13.2065 -18.8725 11.0864 20.9066 -21.334 -13.1428 0.710779 -23.0824 -4.18525 19.3567 -11.1386 -11.9034 8.25005 -9.38407 7.39253 9.4311 -10.9903 1.14511 -19.3751 18.5828 -20.9624 26.4643 0.89494 -20.8437 27.4527 5.47263 3.09538 -30.1578 -10.743 14.7546 17.6067 -13.4007 -2.80943 -5.98265 10.6973 22.4017 -7.11314 -8.9036 -16.2013 -19.5472 22.467 10.5773 -15.1861 11.523 1.07766 -15.9114 -2.21241 10.529 10.3085 
-5.24038 -21.6803 -1.07602 1.59788 10.3733 -24.3837 33.4154 5.79374 5.3107 9.5107 -18.4361 -9.79528 -10.7303 25.4282 29.7301 11.2106 13.7656 -7.62007 2.49989 -17.2103 -10.5859 14.5528 -21.779 -8.62183 -11.6389 -24.5376 -5.21556 18.5467 -23.7212 12.7455 -8.17848 14.1103 -1.63509 -2.28065 -7.8056 -0.541179 18.3005 0.605005 22.9703 -9.2449 29.3971 -11.6428 15.1886 9.71669 14.272 -37.0881 -4.24647 6.29909 -8.42969 21.6314 -17.9644 -11.6401 25.4393 24.1858 2.13199 7.38738 -1.98448 7.48169 -7.76365 21.2801 -14.7257 1.62523 -10.481 -12.125 -15.0327 -0.244333 -0.767131 -2.15306 -3.58123 1.5355 -6.26094 -8.12397 4.55992 -14.1951 -12.8815 -16.8833 7.83886 15.7298 25.1381 14.3079 5.12049 1.4406 1.00607 -3.05615 -0.828692 -7.09205 7.46067 14.9934 9.69502 -11.0625 -14.2988 -10.2829 1.94472 -20.6095 4.30174 13.1491 1.43228 0.316317 -6.82623 -15.6198 -0.551755 14.1344 -2.63034 -7.40489 22.4679 -13.9243 -11.028 6.14203 -5.56791 12.6278 -2.21194 -0.814482 -14.5663 -7.17197 -16.7267 -9.08647 25.6078 4.14417 18.3316 1.08814 -4.68946 7.29538 7.20817 -3.33365 -3.57141 -8.42224 0.961066 8.89696 2.185 -2.94663 -6.08872 0.50448 9.7254 10.6391 -5.5499 9.10535 7.76831 -11.963 -10.6027 4.13718 13.5867 -0.0673772 -6.48951 3.66712 10.1716 8.30656 -0.32775 10.366 15.2469 2.29413 -0.666989 -4.10772 -1.82344 -14.2565 5.05962 18.8412 -1.96133 4.98701 8.2737 -17.0257 -2.69855 11.8119 -10.1615 0.0621918 -1.68532 -16.0247 -15.0728 -0.297939 -3.22694 2.34968 -7.93759 -7.10354 9.39254 -4.13016 -3.81145 7.57867 -6.44326 
-11.4931 -7.65819 7.72214 3.69829 10.5319 -1.46775 12.4829 11.469 5.3154 25.1699 -10.2995 1.31532 -19.7625 10.5411 14.2913 19.3757 1.82131 -11.3775 -16.4086 -8.05905 -5.07574 8.9269 -15.6272 -1.55269 4.4083 -13.7307 -12.7187 4.34633 -18.6194 15.9658 15.8832 2.84075 -8.67675 5.97562 -7.46566 24.8958 18.5908 -14.8102 4.27125 -2.28188 15.1846 -6.98259 14.5173 4.86394 14.361 1.82591 -4.38075 9.74277 -5.83815 12.3324 -15.3747 -6.61297 15.565 1.83746 8.54285 3.80859 3.42295 -1.15157 -5.71164 5.09945 -12.4885 3.85949 4.47738 -13.9043 0.10099 -4.9051 2.27965 8.56693 -4.76915 1.67813 1.5937 1.99534 3.91202 0.43739 -9.91305 -9.10951 5.55119 0.100286 9.29801 8.04852 5.55922 1.19948 -8.91586 -2.21774 -3.10418 -3.00552 -2.45795 15.4244 2.15546 -5.46137 -4.25059 -1.79606 -0.0643062 -13.7005 1.44119 5.48317 -5.54874 -9.95443 -2.36225 -10.0178 -6.7429 7.49657 -6.46059 -4.88602 0.956456 -6.61485 -1.89599 2.17254 -12.334 7.57467 -4.99548 7.22474 -6.46984 9.63514 -6.08088 -1.92201 7.92186 10.247 11.3318 1.17815 -7.87237 1.93671 17.7256 -10.5868 -6.95347 -4.15629 6.47895 11.4298 1.95875 -1.23865 -9.57182 -0.161049 9.39138 -2.58605 -8.6418 7.12989 4.86089 -5.28748 -5.89689 8.00227 15.732 -0.00290302 -9.0179 5.21285 0.676022 9.21682 -14.7147 15.5773 -2.85046 6.18334 4.93183 0.884014 1.3034 -2.67623 1.15645 -1.48702 0.920049 14.8974 1.18309 -1.95691 3.84548 0.787856 -15.4673 -9.61234 -11.7097 -8.51775 -5.29615 7.90298 -7.17062 6.8949 -4.21068 -8.60077 12.4461 -6.34395 -1.09951 8.34237 1.48509 -3.05463 -3.77005 13.2912 -7.69067 2.70407 -5.85018 8.07265 14.4863 -2.17726 16.7157 3.2917 -4.48693 6.37352 1.86693 -2.50742 -3.2056 -4.86022 1.71894 10.5187 -4.22939 -7.98767 
-9.3449 -11.8407 -4.80813 -3.02581 8.9148 -10.9429 8.39454 13.2561 9.66685 4.88195 -10.891 -6.72181 -16.1987 7.93375 9.05897 17.0434 -4.27015 -9.45691 -2.98975 2.56113 -5.29222 12.945 -12.1662 -5.83187 1.42063 -6.09548 -7.81975 -12.5107 -13.3174 7.1919 -0.715105 1.81976 1.59358 11.1577 -8.11877 8.56483 9.06021 3.65578 16.0784 -4.72399 13.2293 -3.27318 10.0342 3.20084 18.9902 -18.9192 -2.11169 5.56406 -9.92676 3.15417 -6.70412 -12.1348 6.6427 10.7578 9.38491 5.2537 -0.649993 3.85207 -5.33325 9.3772 -5.75022 2.93038 -5.91826 -11.9397 -2.41277 -9.38848 1.19559 2.26543 -0.666827 7.28455 -0.414049 -2.80604 4.49459 0.953343 -8.98991 -10.5765 4.21695 2.59482 8.0172 3.20458 5.61254 -4.35839 -5.31492 -8.88277 -10.0101 6.43975 4.96657 10.6184 4.91572 -8.51129 -5.71485 -2.69372 -7.45374 -17.3605 7.29284 12.0734 -5.03 -4.6623 -6.92382 -1.55764 -4.5716 6.31416 -8.84934 -6.50201 -3.68387 -9.019 -10.913 9.55551 -3.26573 3.81282 0.630744 0.861639 -0.701877 -1.65943 -6.6204 -6.62613 5.90118 -0.28283 17.2478 -5.04546 -4.64604 2.7899 13.6002 -3.02773 -1.45431 2.49066 -4.01215 6.85187 3.07215 -6.12579 -4.86451 -4.2951 7.142 4.33931 -5.64381 8.38374 2.69574 -2.64309 -8.56332 4.32914 11.7742 -1.21309 -8.52411 
-10.0891 -11.3206 2.44289 5.12052 17.5528 -8.33482 17.6161 7.41984 5.46424 11.5607 -11.1928 -8.18519 -16.6704 14.3543 5.68385 11.8675 5.29802 -17.6934 -4.45361 -17.4424 -5.18501 10.2707 -19.5808 -6.48419 2.62299 -10.535 -16.143 7.26056 -15.2405 13.672 7.44539 5.36497 -2.62594 9.65787 -7.75513 -2.13906 4.2179 -0.695873 9.81592 -0.0680311 20.0117 -13.6676 8.58204 -10.4276 19.8964 -6.08817 -6.30912 12.2282 -8.30169 5.54208 -8.2035 -21.4079 14.9937 5.38264 6.51968 7.81559 -1.36218 5.07785 -9.22287 9.52271 -9.43469 7.0822 -6.09301 -12.293 -4.32764 -0.0122007 4.36598 8.09311 2.95818 6.03127 -6.97777 -5.48364 5.32714 -4.50796 -6.70104 -4.90802 14.0428 0.271364 12.5163 4.87198 6.38701 -0.136153 -5.17688 -6.33994 2.15504 5.70374 4.91213 15.8848 2.92551 -6.01304 -4.88749 -5.10029 -7.71817 -11.5696 3.24549 6.02315 -5.46181 -7.73333 -0.61803 -5.02311 -7.73781 7.46779 -6.2004 -3.67724 3.33475 -8.91518 -6.2532 8.59491 -9.96693 3.15456 -6.43567 3.26749 -3.84693 2.06427 -8.03549 -0.292575 14.4507 7.20152 13.7086 -1.97441 -1.33578 6.52687 11.1921 -2.68306 -9.42075 -4.9695 5.83379 5.60649 
-4.00461 -11.3048 3.61687 7.2403 19.9102 -10.4044 15.0512 11.8981 20.1807 13.7587 -15.6247 -9.12213 -10.2984 5.94782 11.978 4.75892 6.10471 -5.13962 -4.94902 -14.8515 -3.08248 8.72801 -14.8752 -6.64047 7.31716 -15.7133 -16.2146 10.6574 -11.3327 16.5531 10.7619 11.9274 -11.2754 -1.67052 -9.79799 12.0109 11.2648 -6.34348 14.1062 -9.53567 16.5626 -16.3135 17.4079 -9.54278 17.3555 -17.2491 -10.8919 8.08899 -11.7068 2.31169 -10.5769 -10.8619 15.6015 20.1701 5.77591 9.15046 1.7184 3.91523 -8.43088 14.5034 -7.41989 4.07092 -4.20086 -10.3043 -4.524 -7.30437 8.63735 7.36827 -1.47939 13.618 -3.15831 -3.79715 6.16323 -1.00113 -6.73026 -10.105 10.0936 5.45112 12.9612 0.815667 8.65233 -6.15513 -5.78927 -10.2967 -4.09456 -1.05642 7.22806 
-10.885 -19.0814 2.74726 4.43088 17.6463 -11.9897 19.3978 19.1987 13.8014 12.2785 -19.8009 -13.9703 -26.6316 17.3106 16.2855 26.371 5.83355 -16.803 -6.95743 -16.9131 -6.275 8.62641 -20.5282 -16.6923 10.0624 -9.12788 -20.0399 10.0894 -16.5873 25.6363 1.38223 19.1119 -17.2837 10.7712 -5.60235 13.2938 10.5584 -9.52682 20.7004 -13.0257 28.363 -21.2702 20.9009 -2.10672 20.0808 -16.0182 -13.1869 19.2562 -11.8223 8.25869 -4.88601 -24.7013 22.8659 10.0817 6.74769 11.693 3.47776 6.08636 -11.067 17.9102 
-17.1183 -28.6062 9.50683 22.4668 24.9607 -14.0108 26.955 17.4858 16.5208 18.5117 -24.9087 -14.2276 -16.2598 24.1108 19.2974 26.462 9.4348 -29.8767 -13.359 -20.3202 -18.2611 22.9968 -21.2779 -20.569 9.54634 -13.7581 -26.617 15.738 -21.3042 26.1374 15.9762 20.7668 -21.6497 24.44 -28.2307 23.7686 20.4409 -18.1227 23.783 
-19.9438 -24.9731 21.8142 31.995 25.7553 -24.8039 32.6705 19.834 24.2764 30.9659 -36.228 -25.6393 -23.3171 33.1463 23.9005 32.8698 24.3032 -33.3259 -13.6683 -25.9003 -26.1116 26.0701 -28.6302 -22.2768 16.9499 -32.0901 
-34.8316 -32.1848 21.9617 31.5368 33.3716 -34.3347 46.5579 39.2066 26.9358 36.1149 -51.1762 -21.1191 -21.8141 33.4912 33.4073 27.6607 28.1834 -36.7154 -21.8069 -31.2347 -28.25 33.4997 -39.2865 -32.0502 
-26.8621 -42.8497 37.8826 45.9116 40.0311 -42.7016 40.118 44.7311 53.9508 46.9627 -54.3057 -24.3451 -27.4598 
-40.0623 -46.3636 35.7587 54.5952 40.4028 -48.5705 60.2866 65.1978 47.3131 74.4106 -51.3467 -34.5157 -41.998 57.8937 47.9494 62.606 
-59.2767 -68.9663 54.5164 60.4142 59.9059 -60.7262 55.9666 65.8647 74.6614 77.9091 -74.4401 -46.7207 -35.0862 65.7517 61.5898 
-64.2359 -76.5709 75.5156 80.9448 61.7498 -75.1506 71.7557 81.2094 92.5325 88.9277 -79.0873 -67.6414 -51.3495 71.3652 71.6216 
-94.4994 -97.212 81.8772 89.2887 70.2147 -73.6354 104.065 87.1271 90.2063 101.732 -92.3854 -93.0645 -59.2175 74.3474 
-94.1728 -108.079 93.2923 97.064 84.5553 -95.8058 88.2569 104.173 108.31 103.749 -103.674 -103.954 -79.0904 96.5206 
-113.692 -124.208 115.506 102.152 108.139 -115.184 121.366 113.348 132.335 126.849 -126.252 -111.166 -74.9023 114.389 119.293 
-121.262 -150.166 123.076 105.25 123.058 -140.44 131.745 114.032 154.743 165.284 -143.522 -116.109 -109.728 137.024 
-140.942 -172.444 141.725 128.229 152.963 -158.501 151.729 138.221 151.754 180.829 -145.833 -147.936 -115.574 143.063 
-147.775 -172.126 162.96 126.841 144.404 -171.674 155.482 182.644 182.494 205.884 -177.237 -175.244 -132.628 
-139.482 -196.328 158.502 125.394 149.885 -153.2 154.013 195.868 186.29 184.154 -167.919 -195.754 -109.671 168.244 142.62 142.288 142.931 -176.391 
-129.334 -177.891 159.934 100.925 165.511 -165.615 155.826 204.253 176.895 155.411 -166.182 -204.921 -98.8102 168.431 153.066 139.983 
-86.1432 -147.508 150.428 94.2161 126.124 -139.826 114.418 183.16 149.269 166.932 -168.852 
-66.3841 -108.692 123.713 51.8563 112.616 -130.113 141.859 168.623 110.153 127.686 -150.642 -181.605 -114.882 102.746 111.894 
-54.8309 -77.1454 100.207 61.518 81.4414 -99.1295 104.359 129.793 108.671 114.682 -133.355 -141.776 -47.7634 114.367 123.839 85.5335 59.2414 -95.2164 -42.2662 -126.526 -78.5896 111.096 -127.397 -128.503 122.917 -104.231 
-26.9314 -69.9864 83.1473 16.6476 59.2306 -70.9122 59.1365 89.6186 63.8085 78.1025 -102.177 -65.2422 3.33753 90.3826 88.9492 76.0505 55.2144 -88.4874 -56.5642 -115.675 -47.602 102.148 -107.174 -92.6573 84.9025 -90.5619 -68.1825 106.777 -40.6657 103.622 53.8817 106.08 -55.4696 95.9717 -63.9369 116.153 105.907 -113.559 61.8975 -59.2351 77.9908 -111.102 62.13 -11.4434 61.4791 -87.8876 -63.5922 39.4312 -94.591 117.689 -34.2449 -100.56 50.2732 123.652 37 14.0434 
