10.3985 6.51907 -14.2783 6.12749 -12.1987 -3.86255 -13.2295 -6.821 9.90118 10.4407 -9.33799 -6.28186 -4.28725 5.36418 11.162 -9.93349 6.5423 8.65517 7.96035 5.6552 5.81075 -3.32092 4.68513 -2.45012 9.73133 -4.14859 5.97412 -4.31401 9.49068 -5.42069 -7.5795 -15.7828 -8.16099 -5.92533 6.04838 11.1016 -14.5369 4.50807 -3.10288 7.32524 17.7929 4.04868 -6.92791 8.30905 -7.65151 13.2672 -9.63086 -8.63553 -11.2161 6.59828 -12.11 1.94807 -1.1585 -8.05728 2.39356 4.04834 -5.44223 -5.53629 2.56004 -7.00906 4.52873 13.5381 3.03748 -4.27898 -7.11767 -10.0755 -0.0240172 -5.05251 -7.87157 1.41846 3.12922 4.35178 -6.86942 6.83902 5.94305 1.48291 4.27104 -2.92931 -1.32932 -3.60932 7.15572 -0.890665 
22.846 11.388 -26.5632 9.84857 -15.4972 -8.3155 -23.549 -12.9094 18.0498 16.3706 -15.3996 -13.5276 -9.50563 6.65255 14.2928 -16.7312 16.0176 11.2163 14.3487 7.07055 9.43278 -13.9343 9.53508 -13.5682 21.1589 -4.08106 13.9495 -7.34026 13.0796 -10.1391 -12.2993 -20.399 -13.2601 -12.9332 12.4992 14.9228 -15.0757 15.1668 -15.7046 13.4044 
32.4322 13.1989 -41.0658 16.4168 -20.7242 -14.7264 -37.9594 -28.9185 25.3436 20.5991 -20.6012 -19.3126 -24.2963 12.6809 20.0592 -21.7659 26.3475 18.2547 21.8969 14.3083 15.6111 -20.0989 18.1409 -19.3782 26.5959 -9.16677 18.3781 -22.4062 
41.0333 28.7415 -55.4959 20.2006 -37.2385 -31.5439 -48.4244 -39.4622 35.5248 25.9754 -29.6459 -37.6747 -39.3703 27.2362 23.4539 -36.7888 36.3561 25.4882 31.2784 29.414 
52.1274 39.2585 -65.7068 29.2841 -47.6353 -41.4851 -55.2975 -48.3996 37.9486 41.4234 -54.1993 -50.606 -53.8016 38.1363 32.4262 
60.0224 49.3066 -79.441 48.4235 -69.3836 -51.6788 -73.2993 -68.6276 55.9799 57.7961 -67.2162 -56.7793 -60.0895 50.9851 42.648 
78.9803 60.8915 -86.522 64.2744 -85.9288 -64.5438 -85.2606 -89.7769 67.7415 79.1419 -76.9243 -71.6675 -86.2929 59.0296 51.3021 -70.9357 
91.5922 67.6945 -101.938 78.8457 -108.19 -82.4639 -94.0825 -113.893 89.9514 93.9102 -88.6529 -93.4865 -104.702 75.9418 64.215 -89.5805 93.3873 
105.532 85.4331 -117.28 97.9466 -124.697 -100.473 -107.175 -141.189 111.048 97.6195 -104.252 -114.692 -128.556 96.2002 77.676 -104.357 110.91 108.957 
117.867 102.866 -146.034 118.338 -139.298 -112.291 -118.065 -162.968 134.142 109.083 -119.509 -139.863 -138.677 116.246 96.687 -116.349 133.837 127.684 
137.303 121.535 -154.295 145.31 -163.371 -138.474 -131.488 -182.055 164.25 117.872 -135.324 -169.768 -162.277 132.455 124.535 -140.161 149.206 142.229 131.026 170.268 
162.563 149.883 -173.51 158.149 -171.28 -151.502 -133.774 -197.148 191.586 141.722 -160.523 -192.241 -191.064 156.946 152.773 -145.377 160.303 160.991 137.914 185.541 
183.454 171.799 -195.516 176.386 -196.763 -172.46 -179.573 -216.658 194.418 146.831 -169.923 -209.71 -204.314 161.656 164.725 -163.654 176.808 175.637 159.842 205.245 123.326 
193.063 168.831 -210.516 179.617 -216.509 -185.428 -199.456 -240.332 218.26 164.193 -195.616 -220.147 -234.872 168.26 174.311 -168.155 172.026 181.103 188.466 239.423 139.203 
200.522 182.136 -247.193 188.183 -242.006 -180.328 -203.827 -252.827 242.258 183.122 -191.852 -223.122 -236.651 180.7 182.689 -165.568 200.682 185.201 215.028 261.078 158.083 
190.283 195.031 -254.459 173.077 -264.963 -167.777 -218.334 -267.605 254.282 176.095 -207.902 -248.512 -254.208 187.175 194.425 -177.524 216.554 186.312 222.747 3.00002e+07 171.399 -182.434 
213.254 197.264 -269.87 198.454 -3.00002e+07 -188.283 -206.681 -257.403 282.948 162.606 -214.419 -249.295 -263.496 169.571 216.529 -3.00001e+07 3.00002e+07 179.367 228.365 9.00002e+07 175.676 
205.795 209.875 -3.00002e+07 168.145 -243.128 -168.339 -205.683 -248.307 255.658 166.854 -220.367 -229.786 -3.00002e+07 154.264 218.046 -3.00001e+07 3.00002e+07 169.008 3.00002e+07 9.00002e+07 168.748 -200.819 
201.789 202.376 -248.482 163.582 -276.7 -199.613 -216.072 -251.299 242.093 155.155 -202.042 -238.911 -3.00002e+07 171.013 189.816 -3.00001e+07 194.097 175.578 3.00002e+07 6.00002e+07 178.506 -3.00002e+07 240.986 
213.537 205.819 -222.249 143.708 -251.559 -184.333 -173.823 -225.102 238.707 164.944 -222.817 -224.875 -3.00002e+07 160.964 203.82 -150.751 178.115 193.522 3.00002e+07 9.00002e+07 168.581 -182.085 217.673 -249.705 
194.486 3.00002e+07 -3.00002e+07 141.65 -6.00002e+07 -189.266 -195.257 -3.00002e+07 220.203 126.919 -239.064 -190.005 -3.00002e+07 157.522 169.66 -152.729 173.501 198.726 210.729 6.00002e+07 3.00001e+07 -190.286 218.108 -3.00002e+07 267.622 
156.478 184.854 -182.69 3.00001e+07 -3.00002e+07 -174.189 -165.771 -219.122 206.254 125.845 -221.823 -3.00001e+07 -3.00002e+07 141.487 148.112 -3.00001e+07 168.494 181.44 224.535 3.00002e+07 3.00001e+07 -192.555 200.306 -231.431 6.00002e+07 -3.00001e+07 219.684 -243.088 251.62 -249.655 -3.00002e+07 
114.945 3.00001e+07 -166.004 93.0077 -147.733 -151.839 -146.733 -186.534 174.409 137.767 -163.77 -149.42 -206.231 118.04 104.467 2.99998e+07 141.353 180.468 181.223 6.00001e+07 3.00001e+07 -174.944 178.015 -3.00002e+07 6.00002e+07 -3.00001e+07 6.00001e+07 -3.00002e+07 195.202 -217.361 -186.915 -3.00002e+07 -263.756 -217.989 266.321 278.663 -6.00002e+07 223.673 
73.0777 105.989 -120.285 114.175 -135.375 -133.569 -104.83 -145.198 164.299 92.8251 -132.802 -71.9676 -148.939 120.178 71.0312 -94.4317 93.7355 143.314 105.71 3.00001e+07 107.299 -168.81 129.027 -3.00001e+07 3.00002e+07 -3.00001e+07 6.00001e+07 -210.564 136.218 -3.00001e+07 -171.734 -3.00002e+07 -219.941 -3.00002e+07 244.347 237.279 -6.00002e+07 206.466 -237.09 232.038 176.931 172.47 -164.479 73.7892 -138.239 3.00001e+07 -146.268 -205.883 -103.123 89.479 -3.00001e+07 138.148 -91.0576 -58.0716 78.2032 52.0557 -103.94 -22.246 46.355 -80.3525 10.4157 30.9154 3e+07 -69.0108 -85.0603 -71.7296 -35.087 -62.8698 
27.0178 76.8303 -82.3567 74.9743 -83.279 -75.8352 -42.9092 -87.0801 155.96 35.7681 -96.6741 -69.6086 -101.812 74.5851 84.615 -41.6999 83.8214 110.515 36.7223 3e+07 63.7163 -36.1593 57.4183 14.0843 159.637 -90.4266 76.968 -112.259 59.2217 -127.17 -35.293 -196.553 -163.967 -145.341 136.45 106.812 -3.00001e+07 63.3095 -135.249 3.00002e+07 63.0942 116.256 -90.2436 28.4906 -54.875 116.215 -161.013 -62.7623 3.17172 90.7838 -117.339 109.428 -32.9886 -47.7578 63.6089 -0.56336 -87.9876 -25.3922 24.4453 -47.3109 6.34377 11.5178 -9.30198 -51.1875 -62.3153 -34.6071 -9.58265 -67.2082 -29.8841 39.2868 53.7183 37.1448 -30.2972 65.0577 31.2079 37.3628 86.1502 -14.4853 -48.0638 -57.593 16.9535 -49.7719 11.2913 -25.8832 4.01323 12.6102 -21.0193 14.8072 -57.446 31.8702 29.8404 67.613 -54.3922 47.6197 -31.9761 3e+07 -62.8982 -36.5636 64.0465 23.8031 32.0445 8.17 23.2763 -59.3073 54.386 56.3162 28.656 -42.0281 11.6511 -36.9392 -34.5013 10.3926 35.7609 -38.5115 32.304 3e+07 -24.9966 -18.3026 58.7828 -3e+07 3.23802 61.4076 -53.2265 -14.0079 -19.0384 42.8877 -30.4086 49.3086 
10.8783 45.7498 -88.0926 4.59279 -95.6936 -50.7714 0.0563734 -58.3312 73.3834 1.98705 -6.62397 -50.4041 -0.70405 0.93961 23.7843 -42.6122 52.195 79.9814 21.5264 20.8644 -15.0682 26.5362 -32.9221 -33.5344 48.9803 -75.3525 1.57425 -58.5066 48.0368 -30.6016 -0.537155 -92.474 -64.9562 -34.9282 11.9418 48.2031 -21.2276 40.2622 -75.9794 33.5839 28.7566 104.581 -40.5905 -6.18824 8.1603 48.0624 -56.9023 -74.4672 20.4091 -22.4998 -22.8344 -18.8599 19.7968 -4.08258 -3.56592 31.6619 -37.7865 9.72421 5.3259 -37.2407 -6.20068 20.4714 6.37213 -38.9628 -34.6262 -18.9836 -4.34113 -24.8911 -25.5037 39.5062 53.5624 26.1043 -26.3087 8.93263 30.9253 23.3547 54.632 1.59833 -13.3561 -22.3731 46.7872 4.07647 3.44262 -41.0331 4.80014 33.4793 19.5731 -2.95116 -34.2833 3.45755 3.97132 -9.32206 -11.1782 42.1137 -24.0882 13.7145 -15.1768 7.87081 3.94874 14.5091 22.2812 -11.2625 23.9144 9.27988 47.2966 20.7861 -17.9949 -14.5369 25.0236 -19.8286 21.4814 0.72347 0.129154 -6.98556 38.8268 26.2695 -5.50221 18.2284 31.3646 -14.4913 7.26993 58.9787 -5.32752 8.83781 16.2167 16.4208 -40.8199 3.01937 15.2441 19.7561 -5.47435 -31.9018 41.9836 28.3941 -6.86785 -19.1451 27.168 -8.90753 9.86202 -33.3192 16.2216 -17.8589 -13.003 3.25585 42.06 20.7844 -14.3371 -16.3796 -5.89838 -5.43379 -14.6856 19.5705 11.1065 -11.5554 4.79003 -33.3441 6.75584 -7.96841 -9.0925 41.5039 1.73549 -37.2161 -4.06552 26.2682 26.2331 -12.2846 -19.9276 -14.3741 13.2131 -11.8893 -11.4072 -10.9515 27.8308 14.3426 42.0072 -9.55074 -43.2055 -12.1006 -8.54087 -9.08392 -5.8047 -5.03359 30.1764 -21.6569 -39.4404 -8.27831 -44.5451 34.1337 38.4841 -13.4226 -21.0209 38.5692 30.5626 -4.28253 -29.4547 -33.3979 46.226 20.1328 28.1086 23.928 -0.134213 -21.6699 3.51748 4.87626 -38.0154 3.48779 -33.6354 -21.6528 22.7027 13.2063 20.2209 -14.9265 14.0231 -4.60123 -3.01513 13.0771 -18.3235 -57.9152 56.6036 5.39534 71.5053 -34.2751 -65.1201 -29.0544 -52.6102 26.3933 -120.977 -25.2372 -51.5371 0.536907 22.0953 1.27723 -9.26305 59.7278 27.4532 -48.8545 18.4568 19.9818 64.5941 -8.80738 -29.7953 18.5901 92.3406 -38.818 0.785961 36.7956 4.68073 37.6098 -57.6924 -7.79298 62.6944 49.8806 58.1578 75.8132 19.3309 35.3219 -3.86752 -11.0378 -5.0112 34.8588 -6.59719 8.16362 -51.63 27.3944 24.8292 -1.62676 4.56995 17.4085 36.1171 -28.5098 -36.7002 -17.2997 -53.1713 15.3531 -2.90693 31.4225 28.7696 -58.4682 
7.99559 4.91526 -9.68792 15.2694 10.2305 1.76931 -2.57486 14.9072 -8.7214 3.4035 2.21069 -0.786204 -2.854 40.2736 11.0599 -6.48749 24.7352 24.3976 -16.4309 -22.9254 12.2847 -22.4966 -31.8188 22.0127 -26.485 -19.1864 32.6136 5.87346 16.2755 3.05748 28.5723 5.15291 17.7581 -39.6052 34.438 21.6721 -15.4173 11.7149 -24.1087 -9.72936 11.9027 -2.30813 -3.08623 8.02422 4.98904 17.3557 0.392692 4.00903 15.202 24.1278 -6.97165 -21.253 4.98446 -19.4068 9.87217 18.4395 1.72128 -10.2581 1.20597 -5.68531 20.3374 12.8371 5.21627 -0.359111 -17.2245 -10.0895 -7.92928 2.66925 -14.849 0.600045 8.40391 11.8756 -15.6567 -3.02177 3.52184 8.85077 29.0767 1.56792 4.31571 -2.47836 14.1231 8.67549 -5.98144 4.20318 -2.99716 3.85474 10.6956 -0.667266 -16.8337 10.9364 3.608 2.98883 -2.84055 9.38844 -5.79361 0.32093 4.95804 11.1538 17.7583 14.1758 19.0722 -3.4294 3.6407 -13.1069 -17.45 13.8535 -5.80296 0.14175 -0.44282 0.476189 -8.92143 -0.108272 25.8777 -7.32628 15.6889 0.397486 0.101999 4.3464 18.9139 -26.2741 13.6391 27.1597 -21.4909 -7.89047 -0.480687 12.1158 -23.9565 7.18671 11.111 -5.85887 1.84139 -17.214 -12.1029 -0.411045 -9.03734 -2.03845 2.86443 -13.957 13.7071 7.35202 -2.41141 11.5511 -7.36862 5.40532 19.4196 3.57226 6.98761 3.15221 -6.64261 -0.548064 -0.457635 0.863058 7.12649 -8.44867 1.86807 12.0131 0.0660437 15.2531 6.43861 9.6101 2.54142 -13.9779 14.6419 -9.85847 10.6444 -6.41679 5.82684 -12.382 -3.97736 0.0682364 3.14586 4.3322 -1.60296 18.0486 -2.39274 -5.96532 -15.1316 -1.10115 -1.23869 -7.398 -12.9956 -8.67805 -3.79837 1.1216 4.01914 -22.2551 8.69421 6.35771 29.276 -13.0722 0.35764 -3.12893 11.2256 -0.378933 -13.5659 -2.15984 -5.0439 6.7397 11.6055 22.8379 -2.94988 1.61722 17.7422 -3.93952 6.10353 16.4308 -6.99488 0.277741 6.43085 -2.7593 6.78859 2.74524 -0.335164 -5.92258 14.2082 6.62595 27.3586 11.9962 -4.25863 -5.27013 6.93007 38.2471 15.5833 12.7472 18.7474 18.9315 -3.66918 26.9082 -6.91503 -8.65339 0.89867 -1.85916 -1.77809 21.2756 28.2417 -15.6406 -8.49377 -19.5432 -7.01001 -2.09576 -6.89228 -15.4733 52.3778 -1.63662 -3.89483 -5.28024 0.938818 17.8133 1.43626 -15.3788 5.65041 3.91336 40.0606 8.25679 0.744363 28.0697 -1.38337 -1.42606 -27.1439 -0.00684586 -6.48164 -19.2455 -14.6783 0.772306 -3.0973 6.81284 -12.7811 16.916 26.2808 -27.5979 2.16766 -8.66015 -4.69972 14.8964 0.753842 4.15323 8.37259 -8.85134 0.584102 -13.8894 1.63537 1.47564 -3.59982 -0.302313 17.2926 -5.08003 -2.11199 17.6427 0.174721 3.33041 17.844 3.44962 -10.0463 17.2969 9.21038 6.43046 2.73712 -12.1354 0.739849 1.76605 -17.6926 9.19508 8.16876 -11.9972 -6.72727 12.1172 -6.25307 3.04639 12.2755 2.90335 6.55412 1.3223 -4.34356 6.37479 -3.62438 -1.41092 -9.65432 2.48771 -1.56393 2.31961 -9.20593 8.76893 -16.2504 0.99921 1.58615 -0.423546 16.6133 15.8552 15.1404 22.6497 2.2311 13.0633 18.9151 0.0305107 6.7799 -7.83481 -9.21429 -4.8023 -4.07304 0.715321 -2.12628 3.30765 -1.57469 7.72129 0.303042 10.2189 -3.44496 -7.08316 7.21095 4.57361 -2.76909 -9.95228 -1.12697 -16.1096 -1.02865 12.7674 3.14428 12.7602 10.1663 -1.34552 -17.5597 -1.08939 2.42716 -5.08706 1.21227 -6.37971 11.9183 12.2539 -4.85209 -14.1253 7.10393 2.6436 -12.0036 -1.52901 21.323 21.313 11.7242 -0.626848 -2.48215 -3.20027 -6.82288 26.3151 -23.0576 5.19963 -17.3272 21.374 -0.616554 11.6681 -0.16474 0.381018 -8.92124 -4.5303 1.67379 1.26405 -11.1006 -9.24558 4.72279 1.52867 -1.67047 3.78082 5.79642 7.17262 20.9197 8.99072 -2.68233 11.1324 -8.20516 2.81058 1.91104 -3.49448 -4.21387 2.58366 9.94757 0.210159 
-9.02829 4.84601 -12.7778 11.6075 5.66632 -6.78723 -8.16275 6.26911 7.47992 -8.393 -12.4412 9.42088 -3.64269 2.62 11.9508 -12.9189 1.02439 1.86283 10.3216 0.0539211 6.27392 2.38795 -9.11134 -1.76151 8.25051 3.36355 2.46658 -7.30497 -1.77515 -0.89087 2.63815 2.73792 3.51265 -9.82925 1.39187 1.24913 -14.9953 -0.99082 0.986587 -0.611014 3.87319 -1.40646 -11.7262 2.91824 -7.72399 -2.54712 -7.52912 8.36969 -8.32654 14.6674 0.158438 -7.8891 -3.55234 -13.3439 8.26909 0.00642163 -2.02559 -10.8845 -0.0184884 -4.57248 0.816417 10.6732 -6.93922 -2.68588 -6.02901 -7.62876 -2.25305 -1.47995 -7.78663 0.0205012 3.2402 11.498 -1.83925 -1.16472 3.97477 -6.8291 3.62357 2.18919 -2.47547 1.83587 7.29458 -2.94681 0.671819 -2.93284 2.36227 6.65515 12.3895 0.381681 2.6784 1.13381 -2.45855 10.9472 -3.62167 6.86987 3.11532 6.12088 -10.2996 0.535963 -1.88708 5.54154 7.48299 0.550972 3.14081 -2.7303 -7.95533 4.93419 -9.17208 -9.09728 -5.40303 3.07583 -4.05174 3.04792 2.21974 -5.43932 8.30161 9.7477 4.80476 -5.34448 13.2206 -6.30637 1.26227 3.47077 -13.3268 -8.54815 -4.37715 1.73502 -4.99575 4.44256 5.34546 2.05967 5.73038 -13.4379 -5.32732 5.19262 -2.90636 -12.2109 7.18695 -4.30289 9.32309 -5.03952 -0.128822 0.957914 -1.65251 6.04821 5.78314 3.26061 -5.98921 0.604336 0.502908 -1.6026 -7.72733 0.343792 6.15259 -1.3032 1.4745 0.626686 -6.37198 2.60983 8.07362 1.80881 5.35998 -3.81247 6.86698 9.37277 9.90398 -1.79924 2.29899 0.784818 -9.60405 0.0802591 -9.58673 -4.42357 6.35925 10.4372 -1.68666 1.29089 -3.56658 -8.55786 2.06207 -3.22969 -3.29947 -2.79757 0.50529 -1.20938 -5.06502 -3.94363 -5.43116 5.0886 3.69319 6.57958 1.57465 9.53984 2.92391 -0.185381 -8.35574 -15.6817 7.42728 1.1503 3.67211 7.82812 3.83794 3.32527 12.2674 3.05002 -3.84234 0.418542 -3.8002 0.289976 4.57732 8.15559 0.126013 1.95903 -1.44053 -4.22872 8.55031 3.02432 0.299237 10.8677 9.39072 1.07804 15.4701 -4.62014 -7.12317 1.00311 4.52776 8.24153 12.9422 -10.2395 -14.8925 0.285551 9.80221 2.95776 2.16977 -5.01241 1.02752 -1.60936 12.8083 9.41032 -5.04707 -4.87597 -6.44277 -4.14442 2.09667 -4.44493 1.67774 5.77502 11.9026 13.797 -16.2452 3.47619 0.17253 3.9487 5.42688 1.38158 -2.0229 13.3825 10.612 -13.0031 -18.375 -8.40925 15.3679 
9.71655 3.3187 -4.64109 3.84526 0.20007 -5.98834 -12.3202 2.12208 -1.0805 4.29678 -5.18323 -4.58431 -0.971262 2.15261 9.57631 -5.31334 -1.72636 6.04352 1.72008 3.45927 3.64424 0.162062 4.17664 -8.03569 9.44582 -0.855463 -3.10806 3.11365 4.82852 -3.35479 -1.19678 -6.36704 -2.37117 -5.95874 -0.0874474 2.44258 -13.7578 -2.60855 -0.123575 7.31086 13.2954 5.93929 -6.84537 15.3246 -7.17013 8.35936 -10.7221 -8.71912 -11.7917 -2.5144 -7.56202 4.17375 5.65039 2.8346 1.19459 5.28094 -5.77723 -4.84668 0.985243 -1.04674 2.95725 9.0409 -1.8593 -2.0755 -1.70734 -11.5762 -0.100876 -5.93495 -3.88725 -0.339959 1.63326 -2.06346 -5.14951 2.61499 8.08957 0.317195 3.68072 -3.26599 -2.79727 -0.584824 7.81293 0.909277 -0.129091 -4.99336 -3.2592 8.01692 6.44805 0.81828 0.892133 4.93127 0.38968 0.396811 -4.74421 5.86139 -4.07379 5.55263 -8.10825 2.99995 -5.65669 6.73724 3.91739 0.975804 2.95381 -0.0211942 5.98632 8.02804 -5.0098 -6.92554 2.18419 0.0229425 -2.01404 4.73826 2.62133 -3.11973 7.99006 8.84068 1.12647 -3.80837 6.09395 -6.68435 0.0688228 6.88917 -10.7726 -1.73286 -9.28027 5.99077 -10.6966 1.20543 3.30116 -4.68301 6.20893 0.426757 1.6676 4.22999 -6.44556 -12.0072 7.05337 -4.95027 3.67898 -5.60614 -4.11935 -2.35251 -0.285752 5.94489 2.97772 -2.39757 -5.20421 -2.28748 -1.68635 -1.49038 -3.66853 4.27542 -0.469121 0.2786 -1.66459 4.13226 -5.55532 7.33013 6.03609 0.769856 0.592506 -3.56631 2.10263 7.11292 9.28788 -7.56579 -4.8902 -6.21154 -6.89409 -3.56769 -1.38738 -1.71606 3.20615 9.56792 -3.24797 -3.25652 -5.61768 
9.70148 7.66341 -5.28247 3.03419 -10.7038 -2.26861 -11.8758 -4.2461 6.65392 6.67098 -5.09929 -3.5297 -3.05207 4.07701 11.8484 -11.0394 1.375 11.3169 2.94267 6.43475 3.19562 -4.66235 2.70513 -3.30471 11.6789 -0.00619226 4.86851 -2.40779 12.5318 -4.96954 -2.75036 -10.6357 -5.06012 -10.9727 4.30018 9.62569 -19.2157 -0.429669 -3.4958 8.93401 12.0329 3.57439 -6.46212 4.92145 -10.8497 5.32236 -6.02527 0.928982 -10.1139 3.00394 -10.7919 0.96105 2.63051 -4.09669 1.34607 3.42529 -6.28634 -10.6423 1.06823 -9.03115 6.12605 10.6283 3.58396 -2.73616 -4.61656 -7.99389 -2.7591 -1.23573 -7.48673 3.56011 5.02931 7.06504 -7.04545 6.28119 4.12861 -0.167162 3.8528 -5.03667 -1.41215 -0.345725 8.18965 -1.60368 -0.161226 -4.61837 -5.59172 7.12335 8.33425 1.86454 0.335233 7.78501 0.800312 5.01755 -11.0238 5.54395 -1.76283 8.22204 -9.10462 -2.71647 0.444149 7.04852 6.71806 -0.16451 -2.667 -1.35517 3.81353 8.04618 -4.24379 -4.6563 4.15776 -1.65178 -2.38359 4.83314 3.56378 -5.29293 8.43827 8.99153 2.27173 -4.19881 10.636 
13.45 6.31775 -12.1001 8.65975 -13.3382 -5.44192 -16.6905 -11.401 14.0513 5.37766 -10.9467 -8.4052 -8.86373 8.00824 12.4964 -12.9028 8.11208 9.17451 8.80537 2.32352 4.17252 -3.96937 8.6798 -6.72747 22.0078 -1.11215 9.53075 -7.13257 12.0751 -0.804767 -5.9128 -18.415 -15.4467 -12.5646 8.5352 17.6722 -14.6847 5.91061 -12.0106 5.76952 14.1229 1.52058 -8.38164 8.12719 -12.1303 16.5237 -11.1108 -12.3504 -11.5768 8.89055 -13.8991 0.377015 -9.04551 -14.7273 1.67702 4.38588 -8.09736 -9.27626 -0.128429 -6.75118 5.58867 13.2949 4.95997 -6.54514 -7.04622 -13.5793 -4.66531 -7.59707 -6.01161 3.81291 5.85003 6.96976 -8.07285 3.49364 2.51602 0.711337 6.91629 -2.01339 
19.2314 8.06954 -25.1028 10.5941 -13.273 -10.5293 -23.9846 -14.2722 19.6805 13.5618 -18.1775 -16.1364 -10.8332 4.32369 15.6569 -13.2413 21.1142 9.01543 12.7737 6.55095 10.1917 -11.6787 10.1196 -18.8511 16.9319 -6.55152 15.8109 -14.0341 14.9383 -7.17635 -9.8132 -24.2183 -13.8254 -11.4201 15.0331 14.567 -12.2885 8.10258 -18.3767 6.74955 16.9224 6.50775 -17.9491 13.7254 -9.82794 23.5661 -16.7048 
31.1035 10.3018 -35.4432 11.129 -19.0471 -15.6346 -36.4709 -23.7141 26.7944 13.5925 -16.2298 -20.5393 -16.694 14.0021 16.1403 -20.5056 23.6384 18.9375 18.9329 17.3293 20.9184 -14.1668 17.6715 
34.1101 26.0903 -50.3044 22.729 -31.9367 -25.1607 -42.8287 -38.8666 27.7882 26.2881 -29.1218 -31.0341 -40.2052 21.6322 27.9647 -38.2896 35.9611 21.2585 
49.9564 32.4778 -60.8275 29.6953 -41.4784 -37.4075 -56.8356 -44.1906 36.428 36.5048 -48.3098 -39.807 -49.1153 31.9406 31.2461 
55.7806 43.9739 -78.7817 47.8084 -62.7367 -47.3143 -73.0501 -63.0651 43.3827 55.3415 -63.9935 -54.5741 -61.8297 49.2875 40.71 -60.9322 
73.7731 58.9278 -83.5777 55.0402 -78.7288 -61.3518 -86.1516 -83.0845 64.4237 76.7506 -77.2533 -70.7725 -81.4976 63.242 50.731 
90.7563 70.7756 -97.1809 80.1276 -103.335 -86.7411 -95.1401 -108.958 81.8646 89.5414 -87.4065 -91.1362 -101.667 72.0782 60.1591 -92.2444 92.758 
102.681 77.412 -118.088 100.28 -122.639 -99.3207 -108.385 -133.549 103.659 97.4229 -100.388 -117.484 -122.174 91.6519 83.9634 -107.923 112.312 105.286 87.5623 
127.167 98.5655 -143.317 117.405 -143.206 -118.711 -114.392 -164.614 135.665 113.483 -113.954 -135.794 -141.534 115.896 92.0179 -113.77 131.192 120.917 117.359 145.271 
140.013 129.952 -162.51 146.728 -160.541 -140.478 -121.445 -179.648 162.058 119.988 -134.43 -167.233 -166.578 135.67 122.652 -131.657 150.8 140.166 131.672 170.652 
157.858 147.806 -175.429 159.14 -177.317 -145.193 -158.014 -196.859 187.816 140.841 -162.595 -189.778 -188.727 156.521 161.945 -142.186 168.409 158.085 143.386 183.048 
188.448 169.816 -196.176 175.33 -199.81 -167.754 -179.202 -215.939 202.82 152.792 -174.172 -217.192 -209.949 153.252 167.266 -160.45 178.279 177.187 172.122 216.323 
196.645 180.863 -221.534 172.35 -217.958 -187.865 -177.999 -231.383 221.153 165.752 -205.196 -213.262 -234.12 169.814 173.237 -169.614 177.407 182.776 171.687 230.79 141.235 
206.711 182.594 -248.861 181.706 -243.982 -180.853 -198.779 -243.574 242.763 175.648 -207.404 -222.011 -236.804 183.865 187.959 -172.145 181.651 195.717 201.256 264.551 149.924 
185.078 202.621 -263.213 168.947 -262.525 -159.555 -208.026 -264.537 265.9 181.963 -195.204 -248.128 -247.914 183.66 194.513 -176.612 211.501 194.161 223.447 3.00002e+07 180.421 -204.537 
190.4 202.962 -273.691 187.043 -3.00002e+07 -180.672 -223.822 -262.121 280.155 168.128 -222.399 -248.405 -258.827 180.098 210.228 -3.00001e+07 212.424 176.947 250.442 6.00002e+07 177.719 
219.908 225.564 -253.444 188.06 -263.176 -188.205 -208.856 -244.718 269.401 178.273 -220.759 -243.678 -3.00002e+07 169.661 231.185 -3.00001e+07 3.00002e+07 173.743 3.00002e+07 9.00002e+07 173.3 -205.468 
3.00002e+07 224.529 -269.927 160.008 -267.237 -192.818 -217.711 -239.672 250.838 184.881 -215.031 -239.003 -6.00002e+07 165.832 198.612 -3.00001e+07 3.00001e+07 179.973 3.00002e+07 9.00002e+07 181.613 -3.00002e+07 250.014 -3.00002e+07 
3.00002e+07 206.323 -239.821 165.274 -6.00002e+07 -189.851 -224.218 -233.927 230.447 174.11 -226.793 -231.455 -257.066 170.941 3.00002e+07 -157.62 163.343 183.592 3.00002e+07 9.00002e+07 179.84 -187.674 230.014 
